1 0.780238 0.467072 0.776733 0.473287 0.774392 0.482226 0.775308 0.491168 0.778471 0.498498 0.782945 0.501788 0.787756 0.501131 0.791147 0.496986 0.793520 0.492078 0.794974 0.484924 0.794511 0.477500 0.792423 0.472110 0.789432 0.467958 0.785596 0.466028
2 0.042862 0.488447 0.041069 0.494935 0.042172 0.502317 0.044501 0.507433 0.047473 0.508822 0.051158 0.507220 0.053575 0.502712 0.053388 0.494686 0.051912 0.489569 0.048178 0.486133
2 0.778150 0.198399 0.776357 0.204887 0.777461 0.212268 0.779789 0.217384 0.782761 0.218773 0.786447 0.217171 0.788864 0.212664 0.788676 0.204637 0.787200 0.199520 0.783467 0.196084
2 0.282769 0.392645 0.280977 0.399133 0.282080 0.406514 0.284409 0.411630 0.287381 0.413019 0.291066 0.411417 0.293483 0.406910 0.293296 0.398883 0.291819 0.393766 0.288086 0.390330
2 0.531717 0.294654 0.529924 0.301142 0.531027 0.308523 0.533356 0.313640 0.536328 0.315028 0.540013 0.313427 0.542430 0.308919 0.542243 0.300892 0.540767 0.295775 0.537034 0.292340
1 0.231058 0.683665 0.227995 0.688777 0.226274 0.695591 0.226391 0.701858 0.227784 0.710685 0.231240 0.714763 0.236185 0.715523 0.240240 0.712636 0.243410 0.707492 0.244464 0.699000 0.242939 0.691892 0.240409 0.687604 0.237419 0.683453 0.234468 0.682230
3 0.886632 0.392771 0.871365 0.275839 0.905874 0.260146 0.890132 0.113483 0.914832 0.105110 0.937783 0.299947 0.916154 0.308381 0.924097 0.377294
3 0.147127 0.687316 0.132170 0.567224 0.168186 0.552271 0.151755 0.410497 0.176135 0.400373 0.200969 0.593372 0.178924 0.601377 0.188149 0.669957
3 0.394749 0.587449 0.379255 0.468155 0.416752 0.451112 0.399489 0.302694 0.425208 0.291643 0.450554 0.492757 0.427581 0.503053 0.435259 0.570741
3 0.641878 0.486303 0.628244 0.370056 0.664897 0.354936 0.648727 0.204781 0.673238 0.195283 0.697415 0.395639 0.674865 0.402796 0.682926 0.470520
3 0.809277 0.351357 0.788237 0.357893 0.764971 0.161756 0.789409 0.153882 0.807595 0.299572 0.842815 0.285586 0.857630 0.403978 0.819087 0.419128
3 0.072093 0.640216 0.049532 0.649308 0.030540 0.457704 0.053657 0.448670 0.067937 0.591619 0.104675 0.575741 0.118485 0.695630 0.080535 0.708726
3 0.312912 0.546017 0.291052 0.554829 0.267700 0.358887 0.294360 0.347930 0.310062 0.493280 0.348538 0.481353 0.362993 0.598643 0.321848 0.615747
3 0.571893 0.516815 0.563818 0.447857 0.541002 0.456367 0.518507 0.258758 0.543625 0.249584 0.559288 0.395424 0.600012 0.379510 0.612454 0.500695
1 0.282466 0.662353 0.278961 0.668568 0.276620 0.677507 0.277536 0.686449 0.280699 0.693779 0.285173 0.697069 0.289984 0.696412 0.293375 0.692267 0.295748 0.687359 0.297202 0.680205 0.296739 0.672781 0.294651 0.667391 0.291661 0.663239 0.287824 0.661309
1 0.479261 0.585370 0.475756 0.591585 0.473415 0.600524 0.474330 0.609466 0.477494 0.616796 0.481968 0.620086 0.486779 0.619429 0.490169 0.615283 0.492543 0.610376 0.493996 0.603222 0.493534 0.595798 0.491445 0.590407 0.488455 0.586256 0.484619 0.584326
1 0.532328 0.564963 0.528822 0.571178 0.526482 0.580118 0.527397 0.589059 0.530561 0.596389 0.535035 0.599679 0.539846 0.599023 0.543236 0.594877 0.545610 0.589970 0.547063 0.582816 0.546600 0.575392 0.544512 0.570001 0.541522 0.565849 0.537686 0.563920
1 0.728899 0.488956 0.725393 0.495171 0.723053 0.504110 0.723968 0.513052 0.727131 0.520382 0.731605 0.523672 0.736416 0.523015 0.739807 0.518869 0.742181 0.513962 0.743634 0.506808 0.743171 0.499384 0.741083 0.493993 0.738093 0.489842 0.734256 0.487912
