1 0.791612 0.469472 0.788140 0.475746 0.785848 0.484724 0.786811 0.493650 0.790013 0.500926 0.794505 0.504140 0.799312 0.503402 0.802680 0.499199 0.805028 0.494252 0.806442 0.487074 0.805940 0.479658 0.803823 0.474303 0.800811 0.470202 0.796964 0.468337
2 0.032400 0.479573 0.030642 0.486091 0.031785 0.493454 0.034141 0.498530 0.037120 0.499869 0.040797 0.498205 0.043189 0.493656 0.042959 0.485633 0.041455 0.480541 0.037704 0.477169
2 0.793744 0.193245 0.791987 0.199763 0.793130 0.207125 0.795485 0.212202 0.798465 0.213540 0.802141 0.211876 0.804534 0.207328 0.804304 0.199305 0.802800 0.194213 0.799049 0.190841
2 0.280890 0.383122 0.279132 0.389640 0.280275 0.397003 0.282631 0.402079 0.285610 0.403417 0.289286 0.401753 0.291679 0.397205 0.291449 0.389182 0.289945 0.384090 0.286194 0.380718
2 0.538975 0.285669 0.537218 0.292187 0.538360 0.299550 0.540716 0.304626 0.543696 0.305965 0.547372 0.304301 0.549765 0.299752 0.549534 0.291729 0.548031 0.286637 0.544279 0.283265
1 0.225932 0.682635 0.222896 0.687799 0.221211 0.694642 0.221362 0.700906 0.222802 0.709710 0.226280 0.713730 0.231228 0.714406 0.235268 0.711450 0.238411 0.706252 0.239419 0.697743 0.237856 0.690661 0.235303 0.686416 0.232291 0.682316 0.229333 0.681143
3 0.902194 0.397039 0.888486 0.277575 0.923231 0.260625 0.909543 0.118666 0.932143 0.109412 0.953598 0.304088 0.935086 0.314190 0.943311 0.380642
3 0.140906 0.680330 0.127198 0.560866 0.162317 0.547669 0.144034 0.403287 0.169448 0.393147 0.195124 0.586493 0.173798 0.597481 0.182022 0.663934
3 0.395250 0.582558 0.381542 0.463094 0.419475 0.449010 0.400942 0.302127 0.426232 0.290736 0.450875 0.488277 0.428142 0.499709 0.436366 0.566161
3 0.652890 0.485925 0.639182 0.366461 0.677115 0.352377 0.658583 0.205494 0.683872 0.194103 0.708515 0.391645 0.685782 0.403076 0.694007 0.469528
3 0.832872 0.420476 0.823816 0.353112 0.803168 0.359364 0.781435 0.165810 0.805291 0.157658 0.822758 0.300489 0.858617 0.289193 0.870967 0.406550 0.852988 0.413933
3 0.073037 0.705846 0.064899 0.638757 0.042967 0.644376 0.024022 0.454286 0.045704 0.446166 0.060368 0.586011 0.097651 0.574267 0.110774 0.691380 0.095162 0.697364
3 0.322583 0.608880 0.314445 0.541791 0.290617 0.547175 0.268465 0.353100 0.293325 0.343979 0.309914 0.489045 0.347197 0.477301 0.361682 0.593984 0.344708 0.600398
3 0.580784 0.511943 0.572646 0.444854 0.548818 0.450238 0.526666 0.256163 0.551527 0.247042 0.568115 0.392108 0.605398 0.380364 0.619883 0.497047 0.602909 0.503461
1 0.278752 0.662530 0.275279 0.668804 0.272987 0.677782 0.273950 0.686708 0.277153 0.693984 0.281644 0.697198 0.286451 0.696460 0.289820 0.692257 0.292167 0.687310 0.293582 0.680132 0.293079 0.672716 0.290962 0.667361 0.287950 0.663260 0.284103 0.661395
1 0.482871 0.585385 0.479399 0.591659 0.477106 0.600637 0.478069 0.609563 0.481272 0.616839 0.485763 0.620053 0.490571 0.619315 0.493939 0.615113 0.496286 0.610165 0.497701 0.602987 0.497198 0.595571 0.495081 0.590216 0.492069 0.586115 0.488222 0.584251
1 0.536730 0.566339 0.533258 0.572613 0.530965 0.581591 0.531928 0.590517 0.535131 0.597793 0.539622 0.601007 0.544430 0.600269 0.547798 0.596067 0.550145 0.591119 0.551560 0.583941 0.551058 0.576525 0.548941 0.571170 0.545928 0.567069 0.542082 0.565205
1 0.738009 0.489874 0.734537 0.496148 0.732244 0.505127 0.733208 0.514052 0.736410 0.521329 0.740901 0.524543 0.745709 0.523804 0.749077 0.519602 0.751424 0.514654 0.752839 0.507476 0.752337 0.500060 0.750220 0.494705 0.747207 0.490605 0.743361 0.488740
