2 0.023370 0.262160 0.020941 0.267956 0.021267 0.275572 0.023031 0.281358 0.025810 0.283689 0.029598 0.283312 0.032437 0.279665 0.033078 0.271713 0.032153 0.266202 0.028836 0.261612
2 0.797071 0.306706 0.794642 0.312502 0.794968 0.320118 0.796731 0.325905 0.799511 0.328236 0.803299 0.327858 0.806138 0.324212 0.806779 0.316259 0.805854 0.310749 0.802537 0.306158
2 0.275509 0.270420 0.273080 0.276216 0.273406 0.283832 0.275169 0.289619 0.277949 0.291950 0.281736 0.291572 0.284576 0.287925 0.285217 0.279973 0.284292 0.274462 0.280974 0.269872
2 0.538294 0.284977 0.535865 0.290773 0.536191 0.298389 0.537954 0.304176 0.540733 0.306507 0.544521 0.306129 0.547361 0.302483 0.548002 0.294530 0.547076 0.289020 0.543759 0.284429
1 0.181749 0.535347 0.178212 0.539379 0.175819 0.545518 0.175290 0.551718 0.175752 0.560849 0.178731 0.565981 0.183514 0.568335 0.187797 0.566814 0.191443 0.562786 0.193353 0.554780 0.192584 0.547296 0.190537 0.542258 0.188024 0.537205 0.185248 0.535045
3 0.878029 0.543623 0.880544 0.424220 0.916993 0.426485 0.921565 0.283467 0.947228 0.287747 0.940454 0.480585 0.917836 0.479876 0.916209 0.545641
3 0.102606 0.493863 0.103855 0.376009 0.140076 0.375660 0.141297 0.229799 0.166631 0.229318 0.166234 0.429030 0.143272 0.427782 0.143127 0.497028
3 0.360065 0.510666 0.361669 0.389113 0.400231 0.390059 0.402692 0.241234 0.427907 0.241118 0.425497 0.444163 0.402127 0.443729 0.401238 0.512780
3 0.622635 0.528252 0.625073 0.405563 0.663789 0.407921 0.668028 0.257653 0.693222 0.258286 0.688153 0.461452 0.664282 0.459990 0.663425 0.529755
3 0.806431 0.470844 0.784961 0.468621 0.791215 0.271301 0.815750 0.274359 0.811986 0.418869 0.848501 0.423259 0.845997 0.541779 0.805800 0.540900
3 0.030407 0.420793 0.011505 0.419498 0.016067 0.226676 0.041881 0.229039 0.036969 0.371845 0.073860 0.373849 0.071724 0.492209 0.030159 0.491036
3 0.286204 0.436274 0.262590 0.433951 0.267899 0.235222 0.293742 0.237344 0.288906 0.386362 0.327618 0.386455 0.325736 0.508118 0.284198 0.506198
3 0.547625 0.523170 0.549158 0.453068 0.525193 0.450099 0.530962 0.249551 0.556420 0.253159 0.552558 0.400689 0.591128 0.403324 0.588325 0.524381
1 0.235721 0.537269 0.231636 0.542240 0.228416 0.550269 0.228396 0.559357 0.230753 0.567592 0.234813 0.572280 0.239611 0.573197 0.243371 0.570223 0.246209 0.566169 0.248373 0.559608 0.248681 0.552158 0.247182 0.546180 0.244669 0.541127 0.241096 0.537984
1 0.441734 0.553130 0.437649 0.558102 0.434429 0.566130 0.434410 0.575219 0.436766 0.583453 0.440827 0.588141 0.445624 0.589058 0.449384 0.586084 0.452222 0.582031 0.454386 0.575469 0.454694 0.568020 0.453195 0.562042 0.450682 0.556989 0.447109 0.553845
1 0.498512 0.557556 0.494427 0.562527 0.491207 0.570556 0.491188 0.579644 0.493544 0.587879 0.497605 0.592567 0.502402 0.593484 0.506162 0.590510 0.509000 0.586456 0.511164 0.579895 0.511472 0.572446 0.509974 0.566467 0.507460 0.561414 0.503887 0.558271
1 0.704700 0.570537 0.700615 0.575508 0.697395 0.583537 0.697376 0.592625 0.699732 0.600859 0.703793 0.605547 0.708590 0.606465 0.712350 0.603491 0.715188 0.599437 0.717352 0.592876 0.717661 0.585426 0.716162 0.579448 0.713648 0.574395 0.710075 0.571251
1 0.758073 0.572099 0.753988 0.577071 0.750768 0.585099 0.750749 0.594188 0.753105 0.602422 0.757166 0.607110 0.761963 0.608027 0.765723 0.605053 0.768561 0.601000 0.770725 0.594438 0.771033 0.586989 0.769534 0.581011 0.767021 0.575958 0.763448 0.572814
