2 0.978952 0.277395 0.981323 0.283268 0.980920 0.290872 0.979098 0.296602 0.976296 0.298844 0.972513 0.298346 0.969710 0.294609 0.969150 0.286638 0.970131 0.281157 0.973494 0.276673
2 0.204927 0.297265 0.207297 0.303138 0.206894 0.310742 0.205073 0.316471 0.202270 0.318713 0.198487 0.318215 0.195684 0.314479 0.195124 0.306507 0.196105 0.301027 0.199468 0.296543
2 0.726771 0.277615 0.729141 0.283488 0.728739 0.291092 0.726917 0.296821 0.724114 0.299063 0.720331 0.298565 0.717529 0.294828 0.716968 0.286857 0.717949 0.281377 0.721312 0.276893
2 0.463882 0.283791 0.466252 0.289664 0.465849 0.297268 0.464028 0.302997 0.461225 0.305239 0.457442 0.304741 0.454640 0.301004 0.454079 0.293033 0.455060 0.287553 0.458423 0.283069
1 0.817843 0.545489 0.821339 0.549633 0.823670 0.555848 0.824136 0.562063 0.823582 0.571178 0.820552 0.576215 0.815746 0.578415 0.811478 0.576758 0.807874 0.572614 0.806045 0.564549 0.806889 0.557091 0.808987 0.552119 0.811551 0.547147 0.814348 0.545075
3 0.121592 0.531562 0.120281 0.412098 0.083816 0.413201 0.080687 0.270060 0.054985 0.273521 0.059813 0.466544 0.082434 0.466556 0.083398 0.532363
3 0.897392 0.506535 0.897333 0.388660 0.861120 0.387156 0.861371 0.241279 0.836046 0.239991 0.834428 0.439684 0.857399 0.439167 0.856845 0.508408
3 0.639805 0.515126 0.639428 0.393542 0.600863 0.393258 0.599903 0.244378 0.574693 0.243458 0.575055 0.446547 0.598425 0.446859 0.598617 0.515927
3 0.377100 0.524337 0.375900 0.401590 0.337167 0.402713 0.334444 0.252335 0.309248 0.252164 0.312266 0.455459 0.336148 0.454758 0.336301 0.524539
3 0.193913 0.461078 0.215402 0.459540 0.211139 0.262052 0.186577 0.264328 0.188883 0.408934 0.152329 0.412159 0.153637 0.530740 0.193836 0.531143
3 0.970317 0.435779 0.989229 0.435086 0.986612 0.242150 0.960779 0.243690 0.964250 0.386629 0.927344 0.387457 0.928286 0.505865 0.969856 0.506019
3 0.714404 0.443101 0.738039 0.441531 0.734735 0.242665 0.708875 0.243963 0.712206 0.393111 0.673500 0.391970 0.674154 0.513673 0.715705 0.513077
3 0.452149 0.521648 0.451323 0.451508 0.475315 0.449304 0.471569 0.248604 0.446079 0.251400 0.448452 0.399029 0.409862 0.400434 0.411443 0.521561
1 0.763861 0.545690 0.767895 0.550790 0.771034 0.558920 0.770961 0.568008 0.768522 0.576166 0.764415 0.580723 0.759609 0.581488 0.755880 0.578394 0.753083 0.574251 0.750985 0.567621 0.750752 0.560163 0.752311 0.554234 0.754875 0.549262 0.758480 0.546233
1 0.557720 0.554980 0.561755 0.560081 0.564893 0.568211 0.564821 0.577298 0.562382 0.585456 0.558275 0.590014 0.553469 0.590778 0.549740 0.587684 0.546943 0.583541 0.544845 0.576912 0.544612 0.569454 0.546171 0.563524 0.548735 0.558552 0.552339 0.555523
1 0.500907 0.557594 0.504941 0.562695 0.508080 0.570825 0.508007 0.579913 0.505568 0.588070 0.501461 0.592628 0.496655 0.593392 0.492926 0.590299 0.490129 0.586156 0.488032 0.579526 0.487799 0.572068 0.489358 0.566139 0.491921 0.561167 0.495526 0.558137
1 0.294621 0.563999 0.298656 0.569099 0.301794 0.577229 0.301722 0.586317 0.299282 0.594475 0.295175 0.599033 0.290369 0.599797 0.286640 0.596703 0.283843 0.592560 0.281746 0.585930 0.281513 0.578472 0.283072 0.572543 0.285635 0.567571 0.289240 0.564542
1 0.241241 0.563859 0.245276 0.568960 0.248414 0.577090 0.248342 0.586177 0.245902 0.594335 0.241795 0.598893 0.236989 0.599657 0.233260 0.596564 0.230463 0.592420 0.228366 0.585791 0.228133 0.578333 0.229692 0.572404 0.232255 0.567431 0.235860 0.564402
