1 0.794293 0.635958 0.789817 0.639716 0.785922 0.646737 0.785093 0.655705 0.786686 0.664499 0.790278 0.670271 0.794933 0.672528 0.798910 0.670650 0.802074 0.667447 0.804795 0.661578 0.805763 0.654309 0.804816 0.647984 0.802785 0.642287 0.799536 0.638177
2 0.076953 0.201626 0.074038 0.206665 0.073681 0.214277 0.074907 0.220487 0.077443 0.223571 0.081217 0.224265 0.084346 0.221464 0.085687 0.213792 0.085264 0.208091 0.082398 0.202624
2 0.845069 0.378434 0.842154 0.383473 0.841797 0.391085 0.843023 0.397295 0.845560 0.400379 0.849333 0.401073 0.852462 0.398272 0.853803 0.390601 0.853380 0.384899 0.850514 0.379432
2 0.329820 0.254714 0.326906 0.259753 0.326549 0.267365 0.327774 0.273575 0.330311 0.276659 0.334084 0.277353 0.337213 0.274552 0.338554 0.266881 0.338132 0.261179 0.335265 0.255712
2 0.589247 0.315386 0.586332 0.320425 0.585975 0.328036 0.587201 0.334246 0.589738 0.337330 0.593511 0.338024 0.596640 0.335223 0.597981 0.327552 0.597558 0.321850 0.594692 0.316384
1 0.222008 0.507244 0.218156 0.510228 0.215246 0.515616 0.214172 0.521589 0.213815 0.530735 0.216298 0.536641 0.220811 0.540312 0.225176 0.540016 0.229135 0.537066 0.231734 0.529699 0.231642 0.522093 0.230069 0.516542 0.228038 0.510845 0.225490 0.507930
3 0.911604 0.632460 0.919337 0.513208 0.954805 0.519053 0.967713 0.371518 0.992558 0.378394 0.977331 0.575608 0.955365 0.570625 0.949815 0.640274
3 0.142102 0.450883 0.150725 0.328842 0.187472 0.336284 0.198806 0.192941 0.223682 0.197977 0.210575 0.394586 0.188299 0.388949 0.184019 0.459052
3 0.399433 0.511478 0.407399 0.389867 0.445937 0.396226 0.458282 0.252689 0.483640 0.255219 0.469897 0.455649 0.446313 0.451616 0.440745 0.519953
3 0.660452 0.573212 0.667272 0.454844 0.705915 0.461847 0.715390 0.311723 0.741431 0.317796 0.729901 0.521016 0.707310 0.514279 0.702095 0.582880
3 0.845366 0.546313 0.824314 0.539895 0.839492 0.341268 0.863996 0.348458 0.853575 0.496537 0.889389 0.504414 0.880955 0.624770 0.841790 0.616003
3 0.077835 0.365879 0.054867 0.360958 0.073213 0.169155 0.096693 0.174462 0.083111 0.317626 0.120713 0.324628 0.111048 0.445793 0.072830 0.435446
3 0.329559 0.424741 0.307305 0.419976 0.322364 0.221482 0.349544 0.227096 0.336847 0.373370 0.375339 0.385132 0.366774 0.504235 0.324789 0.495754
3 0.588270 0.555703 0.591279 0.486227 0.568285 0.479574 0.582622 0.280499 0.607537 0.285655 0.598192 0.433474 0.636653 0.441902 0.628358 0.564393
1 0.275214 0.518138 0.270738 0.521896 0.266843 0.528917 0.266014 0.537885 0.267607 0.546679 0.271199 0.552451 0.275854 0.554708 0.279831 0.552830 0.282995 0.549627 0.285716 0.543758 0.286684 0.536489 0.285737 0.530164 0.283706 0.524467 0.280457 0.520357
1 0.479860 0.563693 0.475384 0.567451 0.471489 0.574471 0.470660 0.583440 0.472253 0.592234 0.475845 0.598006 0.480500 0.600263 0.484477 0.598385 0.487641 0.595182 0.490362 0.589313 0.491330 0.582044 0.490383 0.575719 0.488352 0.570022 0.485103 0.565912
1 0.536361 0.579901 0.531884 0.583659 0.527990 0.590680 0.527161 0.599648 0.528754 0.608442 0.532345 0.614214 0.537001 0.616471 0.540978 0.614593 0.544141 0.611390 0.546863 0.605521 0.547831 0.598252 0.546884 0.591927 0.544852 0.586230 0.541604 0.582120
1 0.740103 0.625344 0.735626 0.629103 0.731731 0.636123 0.730903 0.645091 0.732496 0.653885 0.736087 0.659657 0.740742 0.661914 0.744720 0.660036 0.747883 0.656833 0.750605 0.650964 0.751573 0.643696 0.750625 0.637371 0.748594 0.631674 0.745346 0.627564
