1 0.722546 0.485740 0.719071 0.492010 0.716775 0.500987 0.717735 0.509913 0.720935 0.517193 0.725425 0.520412 0.730233 0.519680 0.733603 0.515481 0.735952 0.510536 0.737369 0.503359 0.736870 0.495943 0.734755 0.490585 0.731744 0.486481 0.727898 0.484612
2 0.036802 0.491166 0.035042 0.497682 0.036182 0.505046 0.038536 0.510125 0.041515 0.511467 0.045192 0.509807 0.047587 0.505261 0.047359 0.497238 0.045857 0.492144 0.042107 0.488768
2 0.773610 0.198542 0.771850 0.205058 0.772990 0.212422 0.775344 0.217501 0.778323 0.218843 0.782000 0.217183 0.784395 0.212637 0.784167 0.204614 0.782665 0.199520 0.778915 0.196144
2 0.276343 0.401989 0.274583 0.408505 0.275723 0.415869 0.278077 0.420948 0.281056 0.422290 0.284733 0.420630 0.287127 0.416084 0.286900 0.408061 0.285398 0.402967 0.281648 0.399591
2 0.526934 0.294656 0.525174 0.301172 0.526314 0.308535 0.528668 0.313615 0.531647 0.314956 0.535324 0.313297 0.537718 0.308751 0.537491 0.300728 0.535989 0.295634 0.532239 0.292257
1 0.226996 0.692308 0.223958 0.697468 0.222270 0.704309 0.222419 0.710574 0.223856 0.719379 0.227333 0.723402 0.232281 0.724084 0.236321 0.721133 0.239466 0.715939 0.240478 0.707431 0.238917 0.700347 0.236365 0.696099 0.233355 0.691995 0.230398 0.690819
3 0.883736 0.394275 0.867885 0.277588 0.902315 0.261351 0.886997 0.121948 0.909946 0.114541 0.934421 0.300646 0.912835 0.309422 0.921122 0.378207
3 0.145507 0.695707 0.129951 0.575856 0.164708 0.562344 0.144233 0.424339 0.167878 0.411588 0.197092 0.601478 0.176874 0.609270 0.184208 0.678402
3 0.390831 0.591919 0.374742 0.472874 0.412152 0.455240 0.393728 0.312146 0.418051 0.301110 0.446161 0.496350 0.423240 0.507009 0.431256 0.574573
3 0.638521 0.488347 0.624307 0.372321 0.660883 0.356622 0.641231 0.211680 0.666061 0.200861 0.693603 0.396811 0.671089 0.404323 0.679488 0.471917
3 0.805518 0.352567 0.784512 0.359436 0.761503 0.171474 0.784849 0.161907 0.803578 0.300811 0.838727 0.286270 0.854133 0.404423 0.815667 0.420181
3 0.070328 0.637253 0.045948 0.646467 0.024371 0.457320 0.050936 0.446005 0.065930 0.588723 0.102587 0.572265 0.116995 0.691932 0.079112 0.705626
3 0.309032 0.554253 0.286534 0.561168 0.264543 0.370600 0.289360 0.359783 0.306523 0.503011 0.343283 0.487721 0.358086 0.602397 0.317475 0.620010
3 0.569047 0.519849 0.560629 0.451021 0.537856 0.459891 0.516188 0.266989 0.540367 0.257699 0.555837 0.398661 0.596480 0.382105 0.609527 0.503089
1 0.278501 0.669471 0.275026 0.675741 0.272730 0.684717 0.273690 0.693644 0.276890 0.700923 0.281380 0.704143 0.286188 0.703410 0.289558 0.699211 0.291907 0.694266 0.293324 0.687090 0.292825 0.679673 0.290709 0.674316 0.287699 0.670212 0.283853 0.668343
1 0.474296 0.588756 0.470822 0.595026 0.468526 0.604002 0.469486 0.612928 0.472686 0.620208 0.477176 0.623428 0.481984 0.622695 0.485353 0.618496 0.487702 0.613551 0.489120 0.606375 0.488620 0.598958 0.486505 0.593601 0.483494 0.589497 0.479648 0.587628
1 0.527743 0.568180 0.524268 0.574450 0.521972 0.583426 0.522932 0.592352 0.526132 0.599632 0.530622 0.602851 0.535430 0.602119 0.538800 0.597920 0.541149 0.592975 0.542566 0.585799 0.542067 0.578382 0.539951 0.573025 0.536941 0.568921 0.533095 0.567052
1 0.774366 0.466711 0.770892 0.472981 0.768596 0.481957 0.769556 0.490883 0.772756 0.498163 0.777246 0.501382 0.782054 0.500650 0.785424 0.496451 0.787773 0.491506 0.789190 0.484330 0.788690 0.476913 0.786575 0.471556 0.783564 0.467452 0.779719 0.465583
