1 0.793402 0.612704 0.789027 0.616823 0.785317 0.624153 0.784720 0.633179 0.786538 0.641834 0.790274 0.647308 0.794983 0.649184 0.798907 0.646984 0.801985 0.643527 0.804552 0.637443 0.805333 0.630103 0.804223 0.623862 0.802048 0.618336 0.798697 0.614494
2 0.064776 0.235194 0.061994 0.240465 0.061834 0.248097 0.063218 0.254201 0.065831 0.257076 0.069619 0.257462 0.072672 0.254409 0.073814 0.246637 0.073245 0.240976 0.070241 0.235748
2 0.836769 0.347575 0.833987 0.352846 0.833827 0.360478 0.835211 0.366582 0.837824 0.369457 0.841612 0.369843 0.844665 0.366791 0.845807 0.359018 0.845238 0.353357 0.842234 0.348129
2 0.317627 0.269180 0.314845 0.274451 0.314684 0.282084 0.316068 0.288188 0.318682 0.291062 0.322469 0.291448 0.325523 0.288396 0.326665 0.280624 0.326096 0.274962 0.323092 0.269734
2 0.579462 0.307160 0.576680 0.312431 0.576519 0.320063 0.577904 0.326167 0.580517 0.329042 0.584304 0.329428 0.587358 0.326375 0.588500 0.318603 0.587931 0.312941 0.584927 0.307714
1 0.218534 0.528923 0.214763 0.532218 0.211995 0.537837 0.211075 0.543890 0.210954 0.553056 0.213587 0.558754 0.218190 0.562054 0.222542 0.561404 0.226421 0.558135 0.228827 0.550564 0.228539 0.542973 0.226826 0.537556 0.224650 0.532030 0.222030 0.529326
3 0.909642 0.597678 0.914298 0.477923 0.949879 0.480876 0.958976 0.332445 0.983973 0.337293 0.973837 0.535539 0.951766 0.532348 0.948014 0.602376
3 0.137130 0.480878 0.142603 0.358264 0.179503 0.362709 0.187136 0.218594 0.212115 0.221601 0.204083 0.419069 0.181685 0.415251 0.179214 0.485628
3 0.394894 0.518488 0.399722 0.396356 0.438382 0.399573 0.447020 0.255183 0.472417 0.255647 0.463847 0.456985 0.440184 0.454875 0.436381 0.523594
3 0.656501 0.555179 0.660267 0.436380 0.699051 0.440232 0.704651 0.289495 0.730822 0.293443 0.724534 0.497388 0.701793 0.492496 0.698350 0.561449
3 0.841257 0.517010 0.820062 0.512311 0.830111 0.312658 0.854775 0.317847 0.848175 0.466618 0.884155 0.471574 0.878828 0.592490 0.839478 0.586918
3 0.070873 0.399434 0.047803 0.396388 0.061193 0.203293 0.084784 0.206684 0.074901 0.350804 0.112644 0.354739 0.106109 0.476564 0.067665 0.469336
3 0.322991 0.435770 0.300637 0.432820 0.310572 0.233308 0.337868 0.236705 0.328949 0.383860 0.367704 0.392478 0.362213 0.512153 0.320054 0.507096
3 0.583683 0.547073 0.584901 0.477425 0.561760 0.472649 0.570958 0.272617 0.595979 0.275740 0.590449 0.424165 0.629087 0.429456 0.623953 0.552493
1 0.272953 0.535709 0.268577 0.539828 0.264867 0.547158 0.264270 0.556184 0.266088 0.564839 0.269824 0.570313 0.274533 0.572189 0.278458 0.569990 0.281535 0.566532 0.284103 0.560448 0.284883 0.553108 0.283774 0.546867 0.281598 0.541341 0.278247 0.537500
1 0.478557 0.564569 0.474182 0.568687 0.470472 0.576017 0.469875 0.585043 0.471692 0.593699 0.475429 0.599173 0.480137 0.601048 0.484062 0.598849 0.487140 0.595392 0.489707 0.589308 0.490487 0.581968 0.489378 0.575727 0.487202 0.570201 0.483852 0.566359
1 0.532452 0.575468 0.528076 0.579587 0.524366 0.586917 0.523769 0.595943 0.525587 0.604598 0.529323 0.610072 0.534032 0.611948 0.537957 0.609748 0.541034 0.606291 0.543602 0.600207 0.544382 0.592867 0.543273 0.586626 0.541097 0.581100 0.537746 0.577259
1 0.738007 0.606278 0.733632 0.610397 0.729922 0.617727 0.729325 0.626753 0.731143 0.635408 0.734879 0.640882 0.739588 0.642758 0.743512 0.640558 0.746590 0.637101 0.749158 0.631017 0.749938 0.623677 0.748828 0.617436 0.746653 0.611910 0.743302 0.608069
