1 0.774703 0.583347 0.770669 0.588448 0.767530 0.596578 0.767603 0.605665 0.770042 0.613823 0.774149 0.618381 0.778955 0.619145 0.782684 0.616052 0.785481 0.611908 0.787579 0.605279 0.787812 0.597821 0.786253 0.591891 0.783689 0.586919 0.780084 0.583890
2 0.025845 0.372145 0.023475 0.378018 0.023877 0.385622 0.025699 0.391352 0.028501 0.393594 0.032284 0.393095 0.035087 0.389359 0.035647 0.381387 0.034666 0.375907 0.031304 0.371423
2 0.800956 0.310632 0.798586 0.316504 0.798989 0.324108 0.800810 0.329838 0.803613 0.332080 0.807396 0.331582 0.810199 0.327845 0.810759 0.319874 0.809778 0.314393 0.806415 0.309909
2 0.278480 0.348515 0.276110 0.354388 0.276512 0.361992 0.278334 0.367722 0.281136 0.369964 0.284920 0.369465 0.287722 0.365729 0.288282 0.357757 0.287302 0.352277 0.283939 0.347793
2 0.541912 0.326969 0.539542 0.332842 0.539944 0.340446 0.541766 0.346175 0.544568 0.348417 0.548352 0.347919 0.551154 0.344182 0.551715 0.336211 0.550734 0.330731 0.547371 0.326247
1 0.199097 0.625211 0.195602 0.629355 0.193271 0.635570 0.192805 0.641785 0.193359 0.650900 0.196389 0.655937 0.201195 0.658137 0.205463 0.656480 0.209067 0.652336 0.210896 0.644271 0.210052 0.636813 0.207954 0.631841 0.205390 0.626869 0.202593 0.624797
3 0.889748 0.539626 0.890151 0.418549 0.925709 0.417233 0.924302 0.270866 0.947736 0.269489 0.950619 0.471383 0.947332 0.471509 0.929359 0.472201 0.929756 0.536395
3 0.115384 0.592904 0.112268 0.475029 0.148481 0.471912 0.145151 0.325387 0.169927 0.323134 0.176988 0.520408 0.154470 0.523923 0.156384 0.592357
3 0.371535 0.575604 0.370098 0.454020 0.408663 0.451317 0.407355 0.302437 0.432110 0.300711 0.434614 0.411429 0.436285 0.501381 0.414276 0.502498 0.413630 0.576405
3 0.635601 0.555786 0.634079 0.434651 0.672812 0.432549 0.669639 0.283783 0.695742 0.282000 0.698620 0.481263 0.675645 0.482981 0.676853 0.555988
3 0.816066 0.475593 0.795484 0.474861 0.792036 0.277374 0.817052 0.275617 0.821096 0.424255 0.857650 0.421836 0.859064 0.541223 0.817957 0.544045
3 0.041642 0.532301 0.021822 0.532414 0.018089 0.337865 0.043468 0.336179 0.045894 0.479925 0.083253 0.477527 0.083672 0.599161 0.042103 0.599314
3 0.295575 0.510837 0.273301 0.512492 0.269801 0.312013 0.294300 0.312504 0.298226 0.460040 0.336026 0.458899 0.339454 0.578990 0.296542 0.582426
3 0.560097 0.564385 0.560016 0.495053 0.536025 0.494461 0.532059 0.293761 0.558003 0.290912 0.560166 0.442573 0.599209 0.439946 0.602165 0.563492
1 0.252084 0.620097 0.248049 0.625198 0.244911 0.633328 0.244983 0.642415 0.247423 0.650573 0.251530 0.655131 0.256336 0.655895 0.260065 0.652802 0.262862 0.648658 0.264959 0.642029 0.265192 0.634571 0.263633 0.628641 0.261069 0.623669 0.257465 0.620640
1 0.457227 0.608128 0.453193 0.613229 0.450054 0.621359 0.450127 0.630446 0.452566 0.638604 0.456673 0.643162 0.461479 0.643926 0.465208 0.640833 0.468005 0.636689 0.470103 0.630060 0.470336 0.622602 0.468777 0.616672 0.466213 0.611700 0.462608 0.608671
1 0.513045 0.600113 0.509010 0.605214 0.505872 0.613344 0.505944 0.622431 0.508383 0.630589 0.512490 0.635147 0.517296 0.635911 0.521025 0.632817 0.523822 0.628674 0.525920 0.622045 0.526153 0.614587 0.524594 0.608657 0.522030 0.603685 0.518426 0.600656
1 0.721323 0.587029 0.717289 0.592130 0.714150 0.600260 0.714223 0.609348 0.716662 0.617506 0.720769 0.622063 0.725575 0.622828 0.729304 0.619734 0.732101 0.615591 0.734199 0.608961 0.734432 0.601503 0.732873 0.595574 0.730309 0.590602 0.726704 0.587573
