1 0.771864 0.608865 0.767684 0.613583 0.764310 0.621409 0.764114 0.630490 0.766309 0.638865 0.770276 0.643799 0.775053 0.645011 0.778868 0.642270 0.781784 0.638393 0.784074 0.631968 0.784527 0.624542 0.783145 0.618476 0.780732 0.613271 0.777222 0.609910
2 0.030273 0.328077 0.027733 0.333720 0.027910 0.341352 0.029560 0.347243 0.032293 0.349743 0.036085 0.349599 0.038994 0.346129 0.039789 0.338221 0.038972 0.332657 0.035746 0.327865
2 0.806133 0.338976 0.803592 0.344619 0.803770 0.352250 0.805420 0.358142 0.808152 0.360642 0.811945 0.360498 0.814854 0.357028 0.815649 0.349120 0.814831 0.343555 0.811605 0.338764
2 0.283258 0.328053 0.280717 0.333697 0.280895 0.341328 0.282545 0.347220 0.285277 0.349720 0.289070 0.349576 0.291979 0.346106 0.292774 0.338198 0.291956 0.332633 0.288730 0.327842
2 0.546963 0.331118 0.544423 0.336762 0.544600 0.344393 0.546250 0.350285 0.548982 0.352785 0.552775 0.352640 0.555684 0.349170 0.556479 0.341262 0.555661 0.335698 0.552436 0.330907
1 0.195815 0.596961 0.192202 0.600772 0.189691 0.606761 0.189042 0.612924 0.189326 0.622079 0.192203 0.627391 0.196938 0.630037 0.201249 0.628780 0.204971 0.624979 0.207035 0.617095 0.206412 0.609568 0.204464 0.604407 0.202051 0.599203 0.199319 0.596873
3 0.888041 0.575940 0.892018 0.455068 0.927566 0.457071 0.930482 0.310775 0.953925 0.311587 0.950843 0.513471 0.947557 0.513290 0.929588 0.512304 0.928089 0.576447
3 0.113171 0.556886 0.113540 0.438883 0.149795 0.439149 0.150795 0.292516 0.175604 0.292578 0.176830 0.490238 0.154240 0.491648 0.154131 0.560166
3 0.369480 0.563513 0.371634 0.441962 0.410226 0.442861 0.413316 0.294064 0.438088 0.294651 0.437319 0.405450 0.436332 0.495433 0.414320 0.494496 0.411493 0.568240
3 0.633767 0.568362 0.635823 0.447253 0.674565 0.448767 0.675788 0.299911 0.701908 0.300566 0.698899 0.499823 0.675906 0.499395 0.674956 0.572413
3 0.816351 0.505120 0.795819 0.502468 0.798207 0.304931 0.823240 0.305512 0.822890 0.454322 0.859465 0.455317 0.857352 0.574671 0.816218 0.573654
3 0.041320 0.489485 0.021525 0.487749 0.023540 0.293120 0.048934 0.293805 0.047113 0.437579 0.084491 0.438671 0.081318 0.560176 0.039802 0.556450
3 0.295536 0.491746 0.273245 0.491321 0.275668 0.290792 0.300119 0.293568 0.299684 0.441267 0.337465 0.443654 0.337343 0.563900 0.294388 0.563327
3 0.558114 0.569905 0.560080 0.500660 0.536139 0.497830 0.538104 0.297037 0.564096 0.296613 0.561779 0.448267 0.600846 0.449287 0.600149 0.572938
1 0.248880 0.596798 0.244700 0.601515 0.241326 0.609341 0.241130 0.618423 0.243325 0.626797 0.247292 0.631732 0.252069 0.632943 0.255884 0.630202 0.258799 0.626325 0.261090 0.619901 0.261543 0.612475 0.260161 0.606408 0.257747 0.601203 0.254237 0.597842
1 0.454094 0.603988 0.449914 0.608705 0.446540 0.616531 0.446344 0.625613 0.448539 0.633987 0.452506 0.638922 0.457283 0.640133 0.461098 0.637392 0.464014 0.633515 0.466304 0.627091 0.466757 0.619665 0.465375 0.613598 0.462962 0.608393 0.459452 0.605032
1 0.510071 0.601192 0.505891 0.605909 0.502517 0.613735 0.502321 0.622817 0.504516 0.631191 0.508483 0.636126 0.513260 0.637338 0.517075 0.634596 0.519990 0.630720 0.522281 0.624295 0.522734 0.616869 0.521352 0.610802 0.518939 0.605598 0.515428 0.602236
1 0.718449 0.607562 0.714269 0.612279 0.710895 0.620105 0.710699 0.629187 0.712894 0.637561 0.716861 0.642496 0.721638 0.643707 0.725453 0.640966 0.728368 0.637089 0.730659 0.630665 0.731112 0.623239 0.729730 0.617172 0.727317 0.611968 0.723806 0.608606
