1 0.196839 0.541707 0.200873 0.546808 0.204012 0.554938 0.203939 0.564025 0.201500 0.572183 0.197393 0.576741 0.192587 0.577505 0.188858 0.574412 0.186061 0.570268 0.183963 0.563639 0.183730 0.556181 0.185289 0.550251 0.187853 0.545279 0.191458 0.542250
2 0.945990 0.338720 0.948361 0.344593 0.947958 0.352197 0.946136 0.357927 0.943334 0.360169 0.939551 0.359670 0.936748 0.355934 0.936188 0.347962 0.937169 0.342482 0.940532 0.337998
2 0.172364 0.272312 0.174734 0.278185 0.174331 0.285789 0.172510 0.291519 0.169707 0.293761 0.165924 0.293262 0.163121 0.289526 0.162561 0.281554 0.163542 0.276074 0.166905 0.271590
2 0.691816 0.311820 0.694186 0.317693 0.693783 0.325297 0.691962 0.331027 0.689159 0.333269 0.685376 0.332771 0.682574 0.329034 0.682013 0.321063 0.682994 0.315582 0.686357 0.311098
2 0.430433 0.290332 0.432803 0.296205 0.432401 0.303809 0.430579 0.309538 0.427777 0.311780 0.423993 0.311282 0.421191 0.307546 0.420631 0.299574 0.421611 0.294094 0.424974 0.289610
1 0.772931 0.594154 0.776427 0.598298 0.778758 0.604513 0.779224 0.610728 0.778669 0.619843 0.775640 0.624880 0.770833 0.627080 0.766566 0.625423 0.762961 0.621279 0.761133 0.613214 0.761977 0.605756 0.764075 0.600784 0.766638 0.595812 0.769435 0.593740
3 0.081708 0.501540 0.085907 0.381732 0.050414 0.376382 0.052321 0.227111 0.027183 0.226102 0.022639 0.425001 0.044755 0.426972 0.043320 0.497271
3 0.857171 0.563688 0.860771 0.440855 0.823861 0.436677 0.826901 0.292026 0.801916 0.289196 0.795344 0.486835 0.817830 0.488260 0.815099 0.558607
3 0.597858 0.542780 0.602062 0.420576 0.563497 0.414772 0.565562 0.269613 0.540350 0.264166 0.534026 0.465766 0.557640 0.469178 0.556353 0.538191
3 0.334804 0.521840 0.339815 0.403187 0.301081 0.397982 0.306624 0.247238 0.280388 0.245064 0.271610 0.448719 0.294515 0.449159 0.292853 0.518320
3 0.155443 0.437475 0.176802 0.437747 0.181535 0.237473 0.156701 0.236879 0.152293 0.385907 0.116258 0.382450 0.112639 0.503565 0.152061 0.507195
3 0.928854 0.500130 0.951949 0.502477 0.952888 0.307928 0.929250 0.305801 0.928439 0.450980 0.890731 0.446101 0.888243 0.568399 0.926889 0.570177
3 0.675232 0.479272 0.697611 0.481548 0.702447 0.281441 0.675136 0.278459 0.673146 0.426423 0.634090 0.425951 0.630725 0.545875 0.672894 0.550669
3 0.407592 0.527200 0.411512 0.457868 0.434805 0.458517 0.440411 0.258065 0.415374 0.255340 0.409931 0.403776 0.371237 0.400032 0.367270 0.523206
1 0.719477 0.588222 0.723511 0.593323 0.726650 0.601453 0.726577 0.610540 0.724138 0.618698 0.720031 0.623256 0.715225 0.624020 0.711496 0.620927 0.708699 0.616783 0.706602 0.610154 0.706368 0.602696 0.707927 0.596766 0.710491 0.591794 0.714096 0.588765
1 0.513516 0.569002 0.517551 0.574103 0.520689 0.582233 0.520617 0.591320 0.518178 0.599478 0.514071 0.604036 0.509265 0.604800 0.505535 0.601707 0.502739 0.597564 0.500641 0.590934 0.500408 0.583476 0.501967 0.577547 0.504531 0.572574 0.508135 0.569545
1 0.456293 0.567270 0.460328 0.572371 0.463466 0.580501 0.463394 0.589588 0.460954 0.597746 0.456847 0.602304 0.452041 0.603068 0.448312 0.599975 0.445515 0.595831 0.443418 0.589202 0.443185 0.581744 0.444744 0.575814 0.447307 0.570842 0.450912 0.567813
1 0.251234 0.548223 0.255268 0.553324 0.258407 0.561454 0.258334 0.570542 0.255895 0.578700 0.251788 0.583257 0.246982 0.584022 0.243253 0.580928 0.240456 0.576785 0.238358 0.570155 0.238125 0.562697 0.239684 0.556768 0.242248 0.551796 0.245853 0.548766
