1 0.765883 0.546447 0.761958 0.551810 0.758990 0.560140 0.759251 0.569216 0.761858 0.577209 0.766057 0.581494 0.770876 0.581942 0.774538 0.578606 0.777247 0.574282 0.779205 0.567520 0.779283 0.560051 0.777602 0.554228 0.774937 0.549428 0.771272 0.546637
2 0.022729 0.310616 0.020483 0.316640 0.021043 0.324213 0.022982 0.329819 0.025829 0.331875 0.029599 0.331129 0.032322 0.327211 0.032717 0.319209 0.031623 0.313796 0.028169 0.309536
2 0.796878 0.276984 0.794632 0.283009 0.795192 0.290581 0.797131 0.296187 0.799978 0.298244 0.803748 0.297498 0.806471 0.293580 0.806866 0.285577 0.805772 0.280165 0.802318 0.275905
2 0.275318 0.295319 0.273072 0.301344 0.273632 0.308916 0.275571 0.314522 0.278418 0.316579 0.282188 0.315833 0.284911 0.311915 0.285306 0.303912 0.284212 0.298500 0.280758 0.294239
2 0.537395 0.284240 0.535148 0.290265 0.535708 0.297837 0.537647 0.303443 0.540495 0.305500 0.544265 0.304754 0.546988 0.300836 0.547383 0.292833 0.546289 0.287421 0.542835 0.283161
1 0.190399 0.571164 0.186991 0.575534 0.184791 0.581898 0.184454 0.588139 0.185197 0.597212 0.188330 0.602046 0.193178 0.603930 0.197408 0.601994 0.200925 0.597617 0.202584 0.589436 0.201586 0.582039 0.199387 0.577208 0.196721 0.572407 0.193884 0.570521
3 0.884439 0.507899 0.883672 0.385983 0.920134 0.384630 0.919350 0.239891 0.943697 0.239336 0.945665 0.435589 0.922441 0.435884 0.923600 0.506129
3 0.110481 0.537232 0.108012 0.418575 0.145041 0.416138 0.142833 0.267295 0.167657 0.265659 0.170578 0.378993 0.172818 0.465898 0.148966 0.466427 0.150164 0.533330
3 0.367694 0.526138 0.364591 0.405425 0.402731 0.403964 0.401670 0.253553 0.427668 0.251618 0.431458 0.454711 0.408579 0.457274 0.409777 0.524177
3 0.630247 0.517777 0.627914 0.394102 0.666654 0.393179 0.664537 0.243458 0.690223 0.242164 0.693665 0.445324 0.670456 0.444762 0.670930 0.515672
3 0.812468 0.439743 0.790204 0.440100 0.787965 0.242935 0.813086 0.242136 0.815157 0.387387 0.852191 0.387439 0.853030 0.509334 0.813451 0.510288
3 0.037792 0.471777 0.015044 0.472000 0.013394 0.278925 0.040890 0.280045 0.041021 0.422382 0.077135 0.422109 0.077505 0.541553 0.039710 0.541938
3 0.291882 0.461591 0.267864 0.461077 0.267996 0.259817 0.293392 0.260026 0.293868 0.409130 0.331728 0.407694 0.334091 0.528056 0.292557 0.528687
3 0.554368 0.521889 0.553569 0.450207 0.530261 0.450267 0.528861 0.248915 0.554953 0.247837 0.556495 0.396635 0.595193 0.395572 0.595879 0.520389
1 0.244312 0.566052 0.240386 0.571414 0.237419 0.579745 0.237680 0.588821 0.240287 0.596813 0.244485 0.601099 0.249304 0.601547 0.252966 0.598211 0.255675 0.593887 0.257634 0.587124 0.257712 0.579656 0.256031 0.573833 0.253366 0.569033 0.249701 0.566242
1 0.450505 0.561812 0.446579 0.567174 0.443611 0.575505 0.443872 0.584581 0.446479 0.592573 0.450678 0.596859 0.455497 0.597307 0.459159 0.593971 0.461868 0.589647 0.463826 0.582884 0.463905 0.575416 0.462223 0.569593 0.459558 0.564793 0.455893 0.562002
1 0.506301 0.558993 0.502375 0.564355 0.499408 0.572685 0.499669 0.581762 0.502276 0.589754 0.506474 0.594039 0.511293 0.594488 0.514956 0.591151 0.517664 0.586827 0.519623 0.580065 0.519701 0.572597 0.518020 0.566773 0.515355 0.561973 0.511690 0.559182
1 0.713502 0.548253 0.709576 0.553615 0.706608 0.561945 0.706869 0.571022 0.709476 0.579014 0.713675 0.583299 0.718494 0.583748 0.722156 0.580412 0.724865 0.576088 0.726824 0.569325 0.726902 0.561857 0.725221 0.556034 0.722555 0.551233 0.718890 0.548443
