1 0.803161 0.541707 0.799127 0.546808 0.795988 0.554938 0.796061 0.564025 0.798500 0.572183 0.802607 0.576741 0.807413 0.577505 0.811142 0.574412 0.813939 0.570268 0.816037 0.563639 0.816270 0.556181 0.814711 0.550251 0.812147 0.545279 0.808542 0.542250
2 0.054010 0.338720 0.051639 0.344593 0.052042 0.352197 0.053864 0.357927 0.056666 0.360169 0.060449 0.359670 0.063252 0.355934 0.063812 0.347962 0.062831 0.342482 0.059468 0.337998
2 0.827636 0.272312 0.825266 0.278185 0.825669 0.285789 0.827490 0.291519 0.830293 0.293761 0.834076 0.293262 0.836879 0.289526 0.837439 0.281554 0.836458 0.276074 0.833095 0.271590
2 0.308184 0.311820 0.305814 0.317693 0.306217 0.325297 0.308038 0.331027 0.310841 0.333269 0.314624 0.332771 0.317426 0.329034 0.317987 0.321063 0.317006 0.315582 0.313643 0.311098
2 0.569567 0.290332 0.567197 0.296205 0.567599 0.303809 0.569421 0.309538 0.572223 0.311780 0.576007 0.311282 0.578809 0.307546 0.579369 0.299574 0.578389 0.294094 0.575026 0.289610
1 0.227069 0.594154 0.223573 0.598298 0.221242 0.604513 0.220776 0.610728 0.221331 0.619843 0.224360 0.624880 0.229167 0.627080 0.233434 0.625423 0.237039 0.621279 0.238867 0.613214 0.238023 0.605756 0.235925 0.600784 0.233362 0.595812 0.230565 0.593740
3 0.918292 0.501540 0.914093 0.381732 0.949586 0.376382 0.947679 0.227111 0.972817 0.226102 0.977361 0.425001 0.955245 0.426972 0.956680 0.497271
3 0.142829 0.563688 0.139229 0.440855 0.176139 0.436677 0.173099 0.292026 0.198084 0.289196 0.204656 0.486835 0.182170 0.488260 0.184901 0.558607
3 0.402142 0.542780 0.397938 0.420576 0.436503 0.414772 0.434438 0.269613 0.459650 0.264166 0.465974 0.465766 0.442360 0.469178 0.443647 0.538191
3 0.665196 0.521840 0.660185 0.403187 0.698919 0.397982 0.693376 0.247238 0.719612 0.245064 0.728390 0.448719 0.705485 0.449159 0.707147 0.518320
3 0.844557 0.437475 0.823198 0.437747 0.818465 0.237473 0.843299 0.236879 0.847707 0.385907 0.883742 0.382450 0.887361 0.503565 0.847939 0.507195
3 0.071146 0.500130 0.048051 0.502477 0.047112 0.307928 0.070750 0.305801 0.071561 0.450980 0.109269 0.446101 0.111757 0.568399 0.073111 0.570177
3 0.324768 0.479272 0.302389 0.481548 0.297553 0.281441 0.324864 0.278459 0.326854 0.426423 0.365910 0.425951 0.369275 0.545875 0.327106 0.550669
3 0.592408 0.527200 0.588488 0.457868 0.565195 0.458517 0.559589 0.258065 0.584626 0.255340 0.590069 0.403776 0.628763 0.400032 0.632730 0.523206
1 0.280523 0.588222 0.276489 0.593323 0.273350 0.601453 0.273423 0.610540 0.275862 0.618698 0.279969 0.623256 0.284775 0.624020 0.288504 0.620927 0.291301 0.616783 0.293398 0.610154 0.293632 0.602696 0.292073 0.596766 0.289509 0.591794 0.285904 0.588765
1 0.486484 0.569002 0.482449 0.574103 0.479311 0.582233 0.479383 0.591320 0.481822 0.599478 0.485929 0.604036 0.490735 0.604800 0.494465 0.601707 0.497261 0.597564 0.499359 0.590934 0.499592 0.583476 0.498033 0.577547 0.495469 0.572574 0.491865 0.569545
1 0.543707 0.567270 0.539672 0.572371 0.536534 0.580501 0.536606 0.589588 0.539046 0.597746 0.543153 0.602304 0.547959 0.603068 0.551688 0.599975 0.554485 0.595831 0.556582 0.589202 0.556815 0.581744 0.555256 0.575814 0.552693 0.570842 0.549088 0.567813
1 0.748766 0.548223 0.744732 0.553324 0.741593 0.561454 0.741666 0.570542 0.744105 0.578700 0.748212 0.583257 0.753018 0.584022 0.756747 0.580928 0.759544 0.576785 0.761642 0.570155 0.761875 0.562697 0.760316 0.556768 0.757752 0.551796 0.754147 0.548766
