1 0.7205516382968793 0.5547324621006177 0.7165170950908428 0.5598332967609666 0.7133785895557636 0.5679632794868372 0.7134510321491935 0.5770507236834024 0.7158903434585184 0.5852086832299466 0.7199973292579847 0.5897663937385658 0.7248035092832049 0.5905306749601147 0.7285325451538934 0.5874371334782108 0.7313293220569099 0.5832937602885568 0.7334269047341722 0.5766643631851105 0.7336599694760904 0.5692062914437332 0.7321009588760937 0.5632767821454536 0.7295372467149954 0.5583047343178689 0.7259326116960801 0.5552755862523473
2 0.04471796815010182 0.348154809829588 0.04234777556975551 0.35402770838997166 0.042750313737256886 0.36163174751652216 0.044571903032334 0.36736119076941426 0.047374348101683415 0.3696031468248938 0.05115764894530514 0.3691049343681206 0.053960094014654555 0.3653683409423214 0.054520583028524465 0.35739694163394975 0.053539727254252135 0.3519166046094442 0.05017679317103285 0.3474326924984851
2 0.798921257825271 0.28768738290737517 0.7965510652449248 0.29356028146775875 0.7969536034124262 0.30116432059430925 0.7987751927075033 0.3068937638472014 0.8015776377768526 0.30913571990268096 0.8053609386204744 0.30863750744590773 0.8081633836898239 0.30490091402010855 0.8087238727036937 0.29692951471173684 0.8077430169294213 0.29144917768723133 0.8043800828462021 0.2869652655762722
2 0.2893314173985955 0.33436259271944024 0.2869612248182492 0.34023549127982383 0.28736376298575056 0.34783953040637433 0.28918535228082765 0.3535689736592665 0.2919877973501771 0.35581092971474604 0.2957710981937988 0.3553127172579728 0.2985735432631482 0.3515761238321736 0.2991340322770181 0.3436047245238019 0.2981531765027458 0.3381243874992964 0.2947902424195265 0.33364047538833724
2 0.5466026905304688 0.30610550836940037 0.5442324979501226 0.31197840692978396 0.5446350361176241 0.3195824460563345 0.5464566254127011 0.32531188930922667 0.5492590704820505 0.3275538453647062 0.5530423713256722 0.327055632907933 0.5558448163950217 0.3233190394821338 0.5564053054088915 0.31534764017376204 0.5554244496346192 0.30986730314925653 0.5520615155513999 0.3053833910382974
1 0.2123478745502927 0.6050112542732369 0.20885190342152213 0.6091546274628908 0.20652125600234178 0.6153696872473717 0.20605512651850574 0.6215847470318527 0.20660943555740033 0.6307001680490916 0.20963927720233477 0.6357366092930583 0.21444545722755506 0.6379370827206493 0.21871306517550948 0.6362797334447876 0.22231770019442462 0.6321363602551338 0.22414599683305403 0.6240707709456451 0.22330191742044048 0.6166126992042679 0.2212043347431781 0.6116406513766832 0.21864062258207972 0.6066686035490985 0.21584384567906326 0.6045969169542715
3 0.888231329995983 0.5144729911478891 0.8840320634407527 0.3946642785693417 0.9195249762375378 0.38931445695132894 0.9180718296871985 0.24730101469793134 0.9413954575866375 0.2470985257624114 0.9473002871611501 0.43793404799834107 0.9251843201673492 0.43990485503573296 0.9266194228543001 0.5102038778479258
3 0.13176740524497838 0.5831756727208659 0.12816767804626122 0.4603423511988919 0.16371696253370963 0.4577775350160978 0.15704801127580648 0.31554532019279546 0.1815796080470871 0.3102961555717069 0.19178065015603987 0.5063228397066069 0.17110864525491987 0.5077478535235433 0.17157114003537352 0.578094631204247
3 0.3835053642786207 0.556782250416945 0.37930132144038603 0.4345779009847539 0.4178662364624348 0.42877347480927974 0.4137147438714547 0.28216356599408127 0.4387460112395203 0.27881250324835066 0.44733774875205656 0.4797676259631964 0.4237234785807674 0.48318035177261953 0.42501082997187983 0.5521927353137946
3 0.6375514332766397 0.531333051333895 0.6348990891674855 0.4126799547713265 0.6724530023988308 0.40852420346574947 0.6672731791268517 0.25971526974515524 0.692783299081084 0.25673488098516467 0.7007451920201099 0.4582123370295615 0.6778400563761441 0.4586525916843427 0.6795017034551145 0.5278136368724271
3 0.8152829743324026 0.44922876294515196 0.7939244787321029 0.44950084236783705 0.789645099858018 0.25729011669949325 0.8135710985712405 0.255083730914516 0.818433197987086 0.39766057017147216 0.8544684215772824 0.3942034177076206 0.8580867866262665 0.5153186911937352 0.8186655992520956 0.5189490323176947
3 0.06344907637325876 0.5023783412537483 0.03853905912572761 0.5039183823912724 0.03578590977020797 0.3109822023359131 0.06305288614991766 0.30804955160904124 0.0638634271023463 0.4532284961287978 0.10157137556414687 0.44834961933045975 0.1040593288016988 0.5706471739071264 0.06541384107488916 0.5724254707394556
3 0.3066342963319225 0.4944105200672954 0.283802541027929 0.4942672016515162 0.2807802884768106 0.2998047440723222 0.30627753062002927 0.29682247030089115 0.30917436443847285 0.4431735093739735 0.34686919952124495 0.4394763850675757 0.35023429036678505 0.5569808192989654 0.30851892797748687 0.5617752149366928
3 0.5660553755022985 0.5408846431693705 0.5644948018790634 0.4705034592937755 0.5412015228791988 0.472200690072024 0.5387254927252048 0.2755390001006674 0.5634445443256361 0.27386253643257347 0.564895922517816 0.4174597040194093 0.6065386388876263 0.4137161618521211 0.6075573546732562 0.536889821437587
1 0.2653017728540617 0.5984388755775027 0.26126722964802523 0.6035397102378516 0.25812872411294613 0.6116696929637222 0.258201166706376 0.6207571371602874 0.26064047801570095 0.6289150967068315 0.2647474638151671 0.6334728072154507 0.2695536438403873 0.6342370884369997 0.2732826797110759 0.6311435469550958 0.27607945661409233 0.6270001737654419 0.2781770392913547 0.6203707766619955 0.27841010403327277 0.6129127049206182 0.2768510934332762 0.6069831956223387 0.27428738127217783 0.602011147794754 0.27068274625326266 0.5989819997292323
1 0.4660087714182686 0.5794608806347064 0.4619742282122321 0.5845617152950553 0.45883572267715295 0.5926916980209259 0.45890816527058287 0.6017791422174911 0.46134747657990777 0.6099371017640353 0.465454462379374 0.6144948122726543 0.4702606424045942 0.6152590934942033 0.47398967827528277 0.6121655520122995 0.4767864551782992 0.6080221788226455 0.4788840378555615 0.6013927817191991 0.47911710259747964 0.5939347099778218 0.477558091997483 0.5880052006795424 0.4749943798363847 0.5830331528519577 0.4713897448174695 0.580004004786436
1 0.520653451134725 0.5757150945510815 0.5166189079286887 0.5808159292114304 0.5134804023936095 0.5889459119373011 0.5135528449870393 0.5980333561338661 0.5159921562963643 0.6061913156804103 0.5200991420958305 0.6107490261890295 0.5249053221210507 0.6115133074105784 0.5286343579917393 0.6084197659286746 0.5314311348947558 0.6042763927390207 0.533528717572018 0.5976469956355742 0.5337617823139361 0.5901889238941971 0.5322027717139395 0.5842594145959175 0.5296390595528413 0.5792873667683327 0.526034424533926 0.5762582187028111
1 0.7734442599720542 0.5520069163782254 0.7694097167660178 0.5571077510385742 0.7662712112309386 0.5652377337644449 0.7663436538243684 0.5743251779610101 0.7687829651336934 0.5824831375075542 0.7728899509331596 0.5870408480161734 0.7776961309583799 0.5878051292377223 0.7814251668290683 0.5847115877558184 0.7842219437320849 0.5805682145661646 0.7863195264093471 0.5739388174627181 0.7865525911512653 0.5664807457213409 0.7849935805512687 0.5605512364230614 0.7824298683901704 0.5555791885954766 0.7788252333712551 0.5525500405299549
