1 0.774703 0.416653 0.770669 0.411552 0.767530 0.403422 0.767603 0.394335 0.770042 0.386177 0.774149 0.381619 0.778955 0.380855 0.782684 0.383948 0.785481 0.388092 0.787579 0.394721 0.787812 0.402179 0.786253 0.408109 0.783689 0.413081 0.780084 0.416110
2 0.025845 0.627855 0.023475 0.621982 0.023877 0.614378 0.025699 0.608648 0.028501 0.606406 0.032284 0.606905 0.035087 0.610641 0.035647 0.618613 0.034666 0.624093 0.031304 0.628577
2 0.800956 0.689368 0.798586 0.683496 0.798989 0.675892 0.800810 0.670162 0.803613 0.667920 0.807396 0.668418 0.810199 0.672155 0.810759 0.680126 0.809778 0.685607 0.806415 0.690091
2 0.278480 0.651485 0.276110 0.645612 0.276512 0.638008 0.278334 0.632278 0.281136 0.630036 0.284920 0.630535 0.287722 0.634271 0.288282 0.642243 0.287302 0.647723 0.283939 0.652207
2 0.541912 0.673031 0.539542 0.667158 0.539944 0.659554 0.541766 0.653825 0.544568 0.651583 0.548352 0.652081 0.551154 0.655818 0.551715 0.663789 0.550734 0.669269 0.547371 0.673753
1 0.199097 0.374789 0.195602 0.370645 0.193271 0.364430 0.192805 0.358215 0.193359 0.349100 0.196389 0.344063 0.201195 0.341863 0.205463 0.343520 0.209067 0.347664 0.210896 0.355729 0.210052 0.363187 0.207954 0.368159 0.205390 0.373131 0.202593 0.375203
3 0.889748 0.460374 0.890151 0.581451 0.925709 0.582767 0.924302 0.729134 0.947736 0.730511 0.950619 0.528617 0.947332 0.528491 0.929359 0.527799 0.929756 0.463605
3 0.115384 0.407096 0.112268 0.524971 0.148481 0.528088 0.145151 0.674613 0.169927 0.676866 0.176988 0.479592 0.154470 0.476077 0.156384 0.407643
3 0.371535 0.424396 0.370098 0.545980 0.408663 0.548683 0.407355 0.697563 0.432110 0.699289 0.434614 0.588571 0.436285 0.498619 0.414276 0.497502 0.413630 0.423595
3 0.635601 0.444214 0.634079 0.565349 0.672812 0.567451 0.669639 0.716217 0.695742 0.718000 0.698620 0.518737 0.675645 0.517019 0.676853 0.444012
3 0.816066 0.524407 0.795484 0.525139 0.792036 0.722626 0.817052 0.724383 0.821096 0.575745 0.857650 0.578164 0.859064 0.458777 0.817957 0.455955
3 0.041642 0.467699 0.021822 0.467586 0.018089 0.662135 0.043468 0.663821 0.045894 0.520075 0.083253 0.522473 0.083672 0.400839 0.042103 0.400686
3 0.295575 0.489163 0.273301 0.487508 0.269801 0.687987 0.294300 0.687496 0.298226 0.539960 0.336026 0.541101 0.339454 0.421010 0.296542 0.417574
3 0.560097 0.435615 0.560016 0.504947 0.536025 0.505539 0.532059 0.706239 0.558003 0.709088 0.560166 0.557427 0.599209 0.560054 0.602165 0.436508
1 0.252084 0.379903 0.248049 0.374802 0.244911 0.366672 0.244983 0.357585 0.247423 0.349427 0.251530 0.344869 0.256336 0.344105 0.260065 0.347198 0.262862 0.351342 0.264959 0.357971 0.265192 0.365429 0.263633 0.371359 0.261069 0.376331 0.257465 0.379360
1 0.457227 0.391872 0.453193 0.386771 0.450054 0.378641 0.450127 0.369554 0.452566 0.361396 0.456673 0.356838 0.461479 0.356074 0.465208 0.359167 0.468005 0.363311 0.470103 0.369940 0.470336 0.377398 0.468777 0.383328 0.466213 0.388300 0.462608 0.391329
1 0.513045 0.399887 0.509010 0.394786 0.505872 0.386656 0.505944 0.377569 0.508383 0.369411 0.512490 0.364853 0.517296 0.364089 0.521025 0.367183 0.523822 0.371326 0.525920 0.377955 0.526153 0.385413 0.524594 0.391343 0.522030 0.396315 0.518426 0.399344
1 0.721323 0.412971 0.717289 0.407870 0.714150 0.399740 0.714223 0.390652 0.716662 0.382494 0.720769 0.377937 0.725575 0.377172 0.729304 0.380266 0.732101 0.384409 0.734199 0.391039 0.734432 0.398497 0.732873 0.404426 0.730309 0.409398 0.726704 0.412427
