1 0.790273 0.446016 0.786961 0.452558 0.784895 0.461709 0.786080 0.470550 0.789462 0.477566 0.794029 0.480422 0.798813 0.479305 0.802073 0.474841 0.804294 0.469713 0.805528 0.462430 0.804841 0.455061 0.802592 0.449879 0.799481 0.446020 0.795591 0.444461
2 0.033158 0.516365 0.031565 0.523015 0.032891 0.530280 0.035371 0.535166 0.038381 0.536268 0.042012 0.534315 0.044289 0.529582 0.043858 0.521585 0.042229 0.516617 0.038397 0.513544
2 0.784814 0.170576 0.783221 0.177227 0.784546 0.184492 0.787027 0.189377 0.790037 0.190479 0.793668 0.188526 0.795945 0.183793 0.795514 0.175797 0.793885 0.170828 0.790053 0.167756
2 0.277821 0.400525 0.276228 0.407175 0.277553 0.414440 0.280034 0.419325 0.283044 0.420427 0.286675 0.418475 0.288951 0.413742 0.288521 0.405745 0.286891 0.400776 0.283059 0.397704
2 0.532161 0.282392 0.530568 0.289042 0.531893 0.296307 0.534374 0.301193 0.537384 0.302295 0.541015 0.300342 0.543291 0.295609 0.542861 0.287612 0.541231 0.282644 0.537399 0.279571
1 0.231526 0.704527 0.228622 0.709926 0.227110 0.716895 0.227417 0.723141 0.229076 0.731822 0.232651 0.735563 0.237611 0.735848 0.241573 0.732576 0.244582 0.727135 0.245377 0.718555 0.243639 0.711604 0.240982 0.707564 0.237870 0.703706 0.234887 0.702768
3 0.898736 0.363335 0.882057 0.245072 0.916344 0.225395 0.899122 0.084657 0.921469 0.073627 0.947767 0.266417 0.929526 0.277970 0.939403 0.343708
3 0.145857 0.708475 0.129177 0.590211 0.163932 0.574253 0.142059 0.431458 0.167195 0.419320 0.197676 0.610449 0.176646 0.623110 0.186523 0.688847
3 0.397526 0.592332 0.380847 0.474069 0.418390 0.457003 0.396206 0.311729 0.421186 0.298352 0.450741 0.493752 0.428316 0.506967 0.438193 0.572705
3 0.653631 0.474998 0.636952 0.356735 0.674495 0.339669 0.652311 0.194395 0.677291 0.181018 0.706845 0.376418 0.684420 0.389634 0.694297 0.455371
3 0.830722 0.391599 0.819991 0.325017 0.799520 0.332893 0.772972 0.141246 0.796601 0.131219 0.817619 0.272529 0.853161 0.258413 0.868431 0.374678 0.850654 0.383474
3 0.077664 0.738432 0.067858 0.672052 0.046089 0.679397 0.022412 0.490991 0.043870 0.481167 0.062013 0.619716 0.098966 0.605039 0.115003 0.721000 0.099556 0.728211
3 0.325367 0.624782 0.315561 0.558402 0.291891 0.565661 0.264911 0.373528 0.289519 0.362453 0.309716 0.506065 0.346669 0.491388 0.364055 0.606813 0.347258 0.614561
3 0.581432 0.506034 0.571626 0.439654 0.547956 0.446913 0.520977 0.254780 0.545585 0.243705 0.565781 0.387317 0.602734 0.372640 0.620121 0.488065 0.603324 0.495813
1 0.284444 0.679645 0.281132 0.686187 0.279067 0.695338 0.280252 0.704179 0.283633 0.711195 0.288200 0.714051 0.292984 0.712934 0.296244 0.708470 0.298466 0.703342 0.299700 0.696059 0.299012 0.688690 0.296764 0.683507 0.293652 0.679649 0.289763 0.678090
1 0.484151 0.589030 0.480839 0.595572 0.478773 0.604723 0.479959 0.613564 0.483340 0.620580 0.487907 0.623436 0.492691 0.622319 0.495951 0.617855 0.498172 0.612727 0.499407 0.605444 0.498719 0.598075 0.496471 0.592892 0.493359 0.589034 0.489469 0.587475
1 0.538175 0.563808 0.534863 0.570350 0.532797 0.579501 0.533982 0.588342 0.537363 0.595358 0.541930 0.598214 0.546715 0.597097 0.549975 0.592632 0.552196 0.587505 0.553430 0.580222 0.552743 0.572853 0.550494 0.567670 0.547382 0.563811 0.543493 0.562252
1 0.738739 0.470970 0.735427 0.477512 0.733361 0.486662 0.734546 0.495503 0.737927 0.502519 0.742494 0.505376 0.747279 0.504258 0.750539 0.499794 0.752760 0.494666 0.753994 0.487383 0.753307 0.480014 0.751058 0.474832 0.747946 0.470973 0.744057 0.469414
