1 0.777662 0.457792 0.774479 0.464533 0.772592 0.473805 0.773949 0.482568 0.777464 0.489372 0.782084 0.491947 0.786844 0.490536 0.790015 0.485874 0.792135 0.480613 0.793227 0.473259 0.792397 0.465937 0.790049 0.460895 0.786864 0.457230 0.782947 0.455910
2 0.023003 0.588346 0.021540 0.595090 0.023006 0.602270 0.025580 0.607000 0.028610 0.607916 0.032201 0.605742 0.034384 0.600872 0.033799 0.592906 0.032074 0.588041 0.028184 0.585206
2 0.764474 0.182107 0.763011 0.188851 0.764477 0.196030 0.767051 0.200761 0.770080 0.201677 0.773671 0.199502 0.775855 0.194633 0.775269 0.186667 0.773544 0.181802 0.769655 0.178966
2 0.264167 0.452474 0.262704 0.459218 0.264170 0.466397 0.266744 0.471128 0.269773 0.472044 0.273364 0.469869 0.275548 0.465000 0.274962 0.457034 0.273237 0.452169 0.269348 0.449333
2 0.516075 0.313788 0.514612 0.320532 0.516078 0.327712 0.518652 0.332442 0.521682 0.333358 0.525273 0.331184 0.527456 0.326314 0.526870 0.318348 0.525145 0.313483 0.521256 0.310648
1 0.226498 0.755776 0.223701 0.761350 0.222325 0.768407 0.222754 0.774631 0.224580 0.783205 0.228225 0.786724 0.233188 0.786704 0.237084 0.783191 0.239986 0.777569 0.240614 0.768945 0.238742 0.762105 0.236008 0.758231 0.232823 0.754565 0.229823 0.753811
3 0.882818 0.364019 0.866073 0.246656 0.900300 0.229477 0.878224 0.088449 0.900709 0.076634 0.932073 0.270743 0.928909 0.272335 0.911612 0.281045 0.921082 0.342996
3 0.140905 0.761952 0.121208 0.649263 0.155814 0.630049 0.131854 0.489727 0.155514 0.476465 0.190267 0.664233 0.168971 0.677708 0.180510 0.743084
3 0.386368 0.630634 0.367769 0.513604 0.404711 0.493738 0.382375 0.350232 0.406090 0.337489 0.424182 0.443525 0.438530 0.529836 0.417387 0.540762 0.427222 0.612580
3 0.639134 0.493337 0.620517 0.376781 0.657707 0.357420 0.633581 0.214860 0.658592 0.201458 0.689579 0.393024 0.667586 0.404963 0.679088 0.475081
3 0.802444 0.335003 0.782421 0.343500 0.751134 0.153909 0.775096 0.141019 0.800046 0.283067 0.835082 0.264375 0.853347 0.379289 0.813962 0.400407
3 0.060959 0.736283 0.041793 0.745258 0.010645 0.558638 0.034970 0.545654 0.057662 0.683691 0.093479 0.664660 0.111099 0.782193 0.070889 0.800935
3 0.303685 0.601927 0.282362 0.613492 0.250601 0.421028 0.274382 0.410545 0.299062 0.551578 0.335484 0.533566 0.355798 0.648260 0.314752 0.670780
3 0.567276 0.535433 0.557385 0.468367 0.534082 0.478525 0.501839 0.286056 0.526545 0.271694 0.550103 0.417509 0.587519 0.397502 0.607864 0.515752
1 0.277056 0.727125 0.273873 0.733867 0.271986 0.743139 0.273343 0.751902 0.276858 0.758706 0.281478 0.761280 0.286238 0.759870 0.289409 0.755208 0.291529 0.749947 0.292621 0.742593 0.291791 0.735270 0.289443 0.730229 0.286258 0.726564 0.282341 0.725244
1 0.473907 0.623781 0.470724 0.630523 0.468837 0.639795 0.470193 0.648558 0.473708 0.655362 0.478328 0.657936 0.483088 0.656526 0.486259 0.651864 0.488380 0.646603 0.489472 0.639249 0.488642 0.631926 0.486294 0.626885 0.483109 0.623220 0.479191 0.621900
1 0.526794 0.591057 0.523611 0.597799 0.521724 0.607071 0.523080 0.615834 0.526595 0.622638 0.531215 0.625212 0.535975 0.623802 0.539146 0.619140 0.541267 0.613879 0.542359 0.606525 0.541529 0.599202 0.539181 0.594161 0.535996 0.590495 0.532078 0.589176
1 0.726521 0.485233 0.723338 0.491974 0.721451 0.501246 0.722807 0.510009 0.726322 0.516813 0.730942 0.519387 0.735702 0.517977 0.738873 0.513315 0.740994 0.508054 0.742086 0.500700 0.741256 0.493377 0.738908 0.488336 0.735723 0.484671 0.731805 0.483351
