1 0.799831 0.525468 0.795896 0.530808 0.792914 0.539122 0.793159 0.548200 0.795752 0.556207 0.799944 0.560515 0.804762 0.560990 0.808430 0.557674 0.811146 0.553365 0.813116 0.546613 0.813207 0.539145 0.811536 0.533313 0.808880 0.528498 0.805219 0.525687
2 0.046217 0.365924 0.043960 0.371936 0.044507 0.379512 0.046436 0.385128 0.049280 0.387201 0.053052 0.386475 0.055781 0.382572 0.056190 0.374572 0.055105 0.369153 0.051659 0.364874
2 0.818105 0.251275 0.815847 0.257287 0.816394 0.264862 0.818324 0.270479 0.821167 0.272551 0.824939 0.271826 0.827669 0.267923 0.828077 0.259922 0.826993 0.254504 0.823546 0.250225
2 0.298772 0.325590 0.296515 0.331602 0.297062 0.339177 0.298992 0.344794 0.301835 0.346866 0.305607 0.346141 0.308337 0.342238 0.308745 0.334237 0.307661 0.328819 0.304214 0.324540
2 0.560559 0.286569 0.558302 0.292581 0.558849 0.300157 0.560778 0.305773 0.563622 0.307846 0.567394 0.307120 0.570123 0.303217 0.570532 0.295217 0.569447 0.289799 0.566001 0.285519
1 0.225032 0.610748 0.221617 0.615099 0.219406 0.621451 0.219058 0.627690 0.219786 0.636767 0.222910 0.641619 0.227755 0.643529 0.231989 0.641616 0.235512 0.637258 0.237186 0.629087 0.236201 0.621684 0.234010 0.616841 0.231353 0.612026 0.228518 0.610124
3 0.913102 0.476692 0.906627 0.357204 0.941997 0.349724 0.937252 0.200653 0.962357 0.198133 0.970682 0.396646 0.948616 0.399945 0.951387 0.470118
3 0.140294 0.587134 0.134360 0.464588 0.171170 0.458193 0.165380 0.313808 0.190297 0.309477 0.200625 0.506608 0.178178 0.509384 0.182245 0.579527
3 0.398032 0.548939 0.391505 0.427057 0.429938 0.418937 0.425113 0.273986 0.450208 0.267026 0.460363 0.468130 0.436827 0.472961 0.439426 0.541856
3 0.659474 0.508714 0.652209 0.390430 0.690821 0.382900 0.682414 0.232576 0.708594 0.228826 0.721241 0.431836 0.698357 0.433653 0.701334 0.502675
3 0.838191 0.417096 0.816850 0.418652 0.808310 0.218777 0.833117 0.216691 0.840358 0.365368 0.876307 0.359747 0.882227 0.480575 0.842898 0.486573
3 0.067410 0.526152 0.044373 0.529885 0.039734 0.335504 0.063318 0.331958 0.066890 0.477005 0.104483 0.469862 0.109296 0.591940 0.070706 0.596041
3 0.319460 0.488348 0.297138 0.491968 0.288498 0.292266 0.315737 0.287643 0.320540 0.435403 0.359564 0.432584 0.365209 0.552236 0.323155 0.559563
3 0.586896 0.521989 0.581661 0.452931 0.558393 0.454980 0.548977 0.254980 0.573948 0.250752 0.582211 0.398775 0.620812 0.392708 0.627120 0.515572
1 0.279339 0.601546 0.275404 0.606886 0.272422 0.615200 0.272667 0.624278 0.275260 0.632285 0.279451 0.636593 0.284269 0.637068 0.287937 0.633752 0.290654 0.629443 0.292624 0.622691 0.292715 0.615223 0.291044 0.609391 0.288387 0.604576 0.284727 0.601765
1 0.484816 0.569955 0.480881 0.575296 0.477899 0.583610 0.478144 0.592687 0.480737 0.600694 0.484928 0.605002 0.489746 0.605477 0.493414 0.602161 0.496131 0.597852 0.498101 0.591100 0.498192 0.583633 0.496521 0.577800 0.493864 0.572985 0.490204 0.570174
1 0.538986 0.564963 0.535051 0.570304 0.532069 0.578618 0.532314 0.587696 0.534907 0.595702 0.539098 0.600011 0.543916 0.600485 0.547584 0.597170 0.550301 0.592860 0.552271 0.586109 0.552362 0.578641 0.550691 0.572808 0.548034 0.567993 0.544374 0.565183
1 0.744595 0.535311 0.740660 0.540651 0.737678 0.548965 0.737923 0.558043 0.740516 0.566050 0.744708 0.570358 0.749526 0.570833 0.753194 0.567517 0.755910 0.563208 0.757880 0.556456 0.757971 0.548988 0.756300 0.543156 0.753644 0.538341 0.749983 0.535530
