1 0.763555 0.558209 0.759520 0.563310 0.756382 0.571440 0.756454 0.580528 0.758894 0.588685 0.763001 0.593243 0.767807 0.594007 0.771536 0.590914 0.774333 0.586771 0.776430 0.580141 0.776663 0.572683 0.775104 0.566754 0.772541 0.561782 0.768936 0.558752
2 0.022949 0.272311 0.020579 0.278184 0.020981 0.285788 0.022803 0.291517 0.025605 0.293759 0.029389 0.293261 0.032191 0.289524 0.032752 0.281553 0.031771 0.276073 0.028408 0.271589
2 0.800457 0.291440 0.798086 0.297313 0.798489 0.304917 0.800311 0.310646 0.803113 0.312888 0.806896 0.312390 0.809699 0.308653 0.810259 0.300682 0.809278 0.295202 0.805915 0.290718
2 0.275883 0.274542 0.273513 0.280415 0.273915 0.288019 0.275737 0.293748 0.278539 0.295990 0.282322 0.295492 0.285125 0.291755 0.285685 0.283784 0.284705 0.278303 0.281342 0.273820
2 0.539257 0.278199 0.536887 0.284072 0.537289 0.291676 0.539111 0.297405 0.541913 0.299647 0.545697 0.299149 0.548499 0.295413 0.549060 0.287441 0.548079 0.281961 0.544716 0.277477
1 0.188073 0.546499 0.184577 0.550642 0.182246 0.556857 0.181780 0.563072 0.182334 0.572188 0.185364 0.577224 0.190170 0.579425 0.194438 0.577767 0.198043 0.573624 0.199871 0.565558 0.199027 0.558100 0.196929 0.553128 0.194365 0.548156 0.191569 0.546084
3 0.883367 0.524989 0.883884 0.405820 0.920523 0.403980 0.921739 0.259952 0.947192 0.261922 0.943868 0.453480 0.922358 0.456327 0.921644 0.525669
3 0.105508 0.506460 0.105261 0.387292 0.143427 0.385189 0.141884 0.237351 0.169431 0.235248 0.169630 0.439023 0.147553 0.437799 0.146839 0.505783
3 0.363889 0.511024 0.363642 0.390498 0.403139 0.391111 0.403123 0.242090 0.429906 0.241432 0.430204 0.442230 0.406698 0.441005 0.405984 0.510347
3 0.625981 0.520217 0.628788 0.394262 0.666758 0.397589 0.667506 0.245853 0.694289 0.247910 0.693823 0.450066 0.669553 0.448841 0.668076 0.520897
3 0.810517 0.522225 0.811265 0.453085 0.789557 0.452837 0.790970 0.255510 0.817551 0.256241 0.814624 0.400941 0.853333 0.405013 0.851685 0.524400 0.831730 0.524736
3 0.037573 0.506462 0.036144 0.437878 0.013997 0.436608 0.013997 0.243557 0.036144 0.242287 0.036858 0.384535 0.074722 0.384535 0.075387 0.506637 0.060191 0.504973
3 0.287909 0.511921 0.288007 0.441979 0.266307 0.441247 0.268886 0.240563 0.292733 0.240651 0.292540 0.389994 0.331931 0.391351 0.330161 0.512095 0.309764 0.511789
3 0.551663 0.515558 0.551762 0.446975 0.527771 0.444885 0.531113 0.245559 0.558014 0.247003 0.555530 0.394989 0.594921 0.397704 0.593152 0.517091 0.572755 0.515427
1 0.240528 0.545530 0.236494 0.550631 0.233355 0.558761 0.233428 0.567848 0.235867 0.576006 0.239974 0.580564 0.244780 0.581328 0.248509 0.578235 0.251306 0.574091 0.253404 0.567462 0.253637 0.560004 0.252078 0.554074 0.249514 0.549102 0.245909 0.546073
1 0.448785 0.550794 0.444751 0.555895 0.441612 0.564025 0.441685 0.573112 0.444124 0.581270 0.448231 0.585828 0.453037 0.586592 0.456766 0.583498 0.459563 0.579355 0.461661 0.572726 0.461894 0.565268 0.460335 0.559338 0.457771 0.554366 0.454166 0.551337
1 0.503075 0.551191 0.499041 0.556292 0.495902 0.564422 0.495975 0.573509 0.498414 0.581667 0.502521 0.586225 0.507327 0.586989 0.511056 0.583896 0.513853 0.579752 0.515951 0.573123 0.516184 0.565665 0.514625 0.559735 0.512061 0.554763 0.508456 0.551734
1 0.710299 0.557332 0.706264 0.562433 0.703126 0.570563 0.703198 0.579650 0.705637 0.587808 0.709744 0.592366 0.714551 0.593130 0.718280 0.590037 0.721076 0.585893 0.723174 0.579264 0.723407 0.571806 0.721848 0.565876 0.719284 0.560904 0.715680 0.557875
