1 0.764112 0.571591 0.760030 0.576573 0.756817 0.584611 0.756805 0.593699 0.759169 0.601927 0.763233 0.606604 0.768032 0.607509 0.771789 0.604525 0.774624 0.600464 0.776782 0.593897 0.777084 0.586446 0.775580 0.580472 0.773063 0.575426 0.769487 0.572292
2 0.029090 0.265633 0.026666 0.271435 0.026998 0.279050 0.028766 0.284832 0.031548 0.287156 0.035335 0.286768 0.038172 0.283114 0.038806 0.275160 0.037876 0.269652 0.034555 0.265070
2 0.803146 0.305450 0.800722 0.311253 0.801054 0.318868 0.802823 0.324650 0.805604 0.326974 0.809391 0.326586 0.812228 0.322932 0.812862 0.314978 0.811932 0.309470 0.808611 0.304888
2 0.281779 0.274307 0.279354 0.280110 0.279686 0.287725 0.281455 0.293507 0.284236 0.295830 0.288023 0.295443 0.290860 0.291789 0.291494 0.283835 0.290564 0.278326 0.287243 0.273745
2 0.543814 0.288093 0.541390 0.293896 0.541722 0.301511 0.543491 0.307293 0.546272 0.309616 0.550059 0.309229 0.552896 0.305574 0.553530 0.297621 0.552600 0.292112 0.549279 0.287531
1 0.188704 0.541708 0.185170 0.545748 0.182783 0.551894 0.182259 0.558095 0.182729 0.567225 0.185712 0.572350 0.190497 0.574690 0.194779 0.573158 0.198422 0.569121 0.200324 0.561110 0.199549 0.553628 0.197498 0.548595 0.194981 0.543549 0.192204 0.541396
3 0.883655 0.544338 0.886546 0.422523 0.922997 0.424630 0.926557 0.280023 0.950885 0.281776 0.946963 0.477937 0.923763 0.476030 0.922813 0.546284
3 0.109919 0.500246 0.111012 0.381524 0.148062 0.382601 0.150323 0.233761 0.175160 0.234481 0.174677 0.347931 0.174306 0.434925 0.150473 0.433192 0.149662 0.500113
3 0.367098 0.513556 0.367621 0.392720 0.405750 0.394878 0.409204 0.244580 0.435222 0.245113 0.432914 0.448277 0.409991 0.448667 0.409180 0.515588
3 0.629528 0.530102 0.630909 0.406381 0.669622 0.409132 0.671999 0.259424 0.697687 0.260568 0.695030 0.463764 0.671871 0.461002 0.670217 0.531857
3 0.813831 0.469456 0.791588 0.467701 0.795267 0.270605 0.820376 0.272188 0.818087 0.417429 0.855066 0.420992 0.852248 0.542794 0.812697 0.539993
3 0.039296 0.427993 0.016575 0.426058 0.020719 0.233102 0.048142 0.236828 0.044003 0.378974 0.080074 0.382126 0.076860 0.501434 0.039107 0.498236
3 0.293331 0.441913 0.269362 0.439122 0.275532 0.238162 0.300885 0.240778 0.296887 0.389715 0.334736 0.391870 0.333486 0.512285 0.291992 0.508977
3 0.553634 0.527012 0.554986 0.455357 0.531710 0.453207 0.536353 0.252009 0.562440 0.253406 0.559515 0.402139 0.598191 0.404747 0.595131 0.529451
1 0.242694 0.541715 0.238613 0.546697 0.235400 0.554734 0.235388 0.563823 0.237752 0.572051 0.241816 0.576728 0.246614 0.577633 0.250372 0.574649 0.253206 0.570588 0.255365 0.564020 0.255667 0.556570 0.254163 0.550596 0.251646 0.545550 0.248070 0.542415
1 0.448721 0.557031 0.444640 0.562013 0.441426 0.570051 0.441415 0.579139 0.443778 0.587367 0.447842 0.592044 0.452641 0.592949 0.456398 0.589965 0.459233 0.585904 0.461391 0.579337 0.461693 0.571886 0.460189 0.565912 0.457672 0.560866 0.454096 0.557732
1 0.504522 0.559506 0.500441 0.564488 0.497228 0.572525 0.497216 0.581614 0.499580 0.589842 0.503644 0.594519 0.508443 0.595424 0.512200 0.592440 0.515034 0.588379 0.517193 0.581812 0.517495 0.574361 0.515991 0.568387 0.513474 0.563341 0.509898 0.560207
1 0.711750 0.568428 0.707669 0.573410 0.704456 0.581447 0.704444 0.590535 0.706808 0.598763 0.710872 0.603441 0.715670 0.604345 0.719428 0.601361 0.722262 0.597300 0.724421 0.590733 0.724723 0.583283 0.723219 0.577308 0.720702 0.572262 0.717126 0.569128
