1 0.790136 0.439614 0.786101 0.434513 0.782963 0.426383 0.783035 0.417295 0.785475 0.409137 0.789582 0.404580 0.794388 0.403815 0.798117 0.406909 0.800914 0.411052 0.803011 0.417682 0.803244 0.425140 0.801685 0.431069 0.799122 0.436041 0.795517 0.439070
2 0.041576 0.665145 0.039206 0.659272 0.039608 0.651668 0.041430 0.645938 0.044232 0.643696 0.048016 0.644195 0.050818 0.647931 0.051378 0.655903 0.050398 0.661383 0.047035 0.665867
2 0.819343 0.710943 0.816973 0.705070 0.817376 0.697466 0.819197 0.691736 0.822000 0.689494 0.825783 0.689992 0.828585 0.693729 0.829146 0.701700 0.828165 0.707181 0.824802 0.711665
2 0.295720 0.683045 0.293350 0.677172 0.293752 0.669568 0.295574 0.663839 0.298376 0.661597 0.302160 0.662095 0.304962 0.665831 0.305523 0.673803 0.304542 0.679283 0.301179 0.683767
2 0.559411 0.698955 0.557041 0.693082 0.557443 0.685478 0.559265 0.679749 0.562067 0.677507 0.565851 0.678005 0.568653 0.681742 0.569214 0.689713 0.568233 0.695193 0.564870 0.699677
1 0.212212 0.405171 0.208716 0.401028 0.206385 0.394812 0.205919 0.388597 0.206473 0.379482 0.209503 0.374446 0.214309 0.372245 0.218577 0.373902 0.222182 0.378046 0.224010 0.386111 0.223166 0.393569 0.221068 0.398541 0.218504 0.403514 0.215708 0.405585
3 0.906130 0.476638 0.904356 0.598521 0.940232 0.604434 0.940684 0.748462 0.963846 0.750564 0.965868 0.552219 0.946648 0.548014 0.948225 0.480030
3 0.128716 0.433812 0.126942 0.555696 0.162818 0.557798 0.158984 0.705636 0.185004 0.707739 0.191311 0.509394 0.169234 0.505189 0.170811 0.437205
3 0.388754 0.451198 0.386980 0.573081 0.425714 0.575184 0.421880 0.725562 0.447899 0.728935 0.452778 0.526780 0.429272 0.522574 0.430849 0.454590
3 0.651927 0.466439 0.650153 0.588322 0.688886 0.590425 0.685052 0.740803 0.711072 0.744176 0.715951 0.542020 0.692445 0.537815 0.694022 0.469831
3 0.835571 0.475060 0.833265 0.544200 0.812320 0.544449 0.809915 0.741775 0.834205 0.742402 0.837387 0.596345 0.873805 0.596345 0.874448 0.476958 0.856020 0.475264
3 0.059384 0.429738 0.057955 0.498322 0.035808 0.499592 0.035808 0.692643 0.057955 0.693913 0.058669 0.551665 0.096533 0.551665 0.097962 0.432278 0.082002 0.431227
3 0.314619 0.447818 0.313190 0.516401 0.289199 0.518491 0.286432 0.716460 0.311806 0.717730 0.313904 0.569744 0.351768 0.569744 0.354580 0.450358 0.337237 0.449307
3 0.578373 0.463184 0.576944 0.531768 0.552953 0.533858 0.550186 0.731826 0.575561 0.733097 0.577658 0.585111 0.615522 0.585111 0.618334 0.465724 0.600991 0.464673
1 0.266195 0.408586 0.262160 0.403485 0.259022 0.395355 0.259094 0.386267 0.261533 0.378109 0.265640 0.373552 0.270446 0.372787 0.274176 0.375881 0.276972 0.380024 0.279070 0.386654 0.279303 0.394112 0.277744 0.400041 0.275180 0.405013 0.271576 0.408043
1 0.474754 0.421238 0.470720 0.416137 0.467581 0.408007 0.467653 0.398919 0.470093 0.390761 0.474200 0.386204 0.479006 0.385439 0.482735 0.388533 0.485532 0.392676 0.487629 0.399306 0.487862 0.406764 0.486303 0.412693 0.483740 0.417665 0.480135 0.420694
1 0.529656 0.423286 0.525622 0.418186 0.522483 0.410056 0.522556 0.400968 0.524995 0.392810 0.529102 0.388253 0.533908 0.387488 0.537637 0.390582 0.540434 0.394725 0.542532 0.401355 0.542765 0.408813 0.541206 0.414742 0.538642 0.419714 0.535037 0.422743
1 0.735353 0.436150 0.731318 0.431049 0.728179 0.422919 0.728252 0.413831 0.730691 0.405673 0.734798 0.401116 0.739604 0.400351 0.743333 0.403445 0.746130 0.407588 0.748228 0.414218 0.748461 0.421676 0.746902 0.427605 0.744338 0.432577 0.740733 0.435607
