1 0.791886 0.520660 0.788084 0.526296 0.785305 0.534830 0.785769 0.543881 0.788553 0.551682 0.792845 0.555666 0.797670 0.555773 0.801254 0.552181 0.803864 0.547668 0.805670 0.540772 0.805580 0.533305 0.803770 0.527605 0.800999 0.522997 0.797275 0.520468
2 0.035803 0.397829 0.033693 0.404008 0.034422 0.411535 0.036485 0.416999 0.039376 0.418853 0.043127 0.417840 0.045760 0.413732 0.045975 0.405708 0.044761 0.400378 0.041214 0.396365
2 0.809305 0.246149 0.807195 0.252327 0.807925 0.259854 0.809988 0.265318 0.812879 0.267172 0.816630 0.266159 0.819263 0.262052 0.819478 0.254027 0.818263 0.248697 0.814717 0.244684
2 0.288427 0.345339 0.286317 0.351518 0.287046 0.359045 0.289110 0.364509 0.292000 0.366363 0.295751 0.365350 0.298384 0.361242 0.298599 0.353218 0.297385 0.347888 0.293838 0.343875
2 0.550655 0.293532 0.548545 0.299711 0.549275 0.307238 0.551338 0.312702 0.554229 0.314555 0.557980 0.313543 0.560613 0.309435 0.560828 0.301411 0.559613 0.296080 0.556067 0.292068
1 0.217149 0.633779 0.213842 0.638386 0.211786 0.644901 0.211589 0.651161 0.212535 0.660174 0.215773 0.664783 0.220660 0.666321 0.224844 0.664087 0.228259 0.659465 0.229734 0.651174 0.228571 0.643853 0.226265 0.639181 0.223495 0.634573 0.220617 0.632889
3 0.905942 0.467934 0.898917 0.346651 0.934432 0.335866 0.928671 0.192200 0.951674 0.186946 0.962244 0.384432 0.943262 0.391245 0.947767 0.458814
3 0.132664 0.616603 0.125638 0.495320 0.161318 0.488333 0.151119 0.341453 0.176971 0.335810 0.191815 0.532711 0.169984 0.539913 0.174489 0.607482
3 0.391186 0.563822 0.384161 0.442540 0.422690 0.435163 0.412381 0.285750 0.438179 0.278841 0.451762 0.479736 0.428507 0.487133 0.433011 0.554702
3 0.652927 0.512753 0.645901 0.391470 0.684430 0.384094 0.674122 0.234681 0.699919 0.227772 0.713503 0.428667 0.690247 0.436064 0.694752 0.503633
3 0.835659 0.479124 0.830377 0.410502 0.809484 0.413110 0.798575 0.216692 0.822767 0.212756 0.832239 0.357950 0.868549 0.352985 0.874340 0.471933 0.856039 0.476134
3 0.063711 0.630116 0.059329 0.561929 0.037192 0.563681 0.028866 0.371199 0.050893 0.366913 0.057740 0.508645 0.095493 0.503484 0.102066 0.622324 0.086199 0.625548
3 0.317415 0.577298 0.313032 0.509111 0.289022 0.510298 0.277725 0.313289 0.302970 0.308564 0.311444 0.455828 0.349196 0.450666 0.357149 0.569318 0.339903 0.572730
3 0.579730 0.526025 0.575347 0.457837 0.551337 0.459024 0.540040 0.262015 0.565285 0.257290 0.573759 0.404554 0.611511 0.399393 0.619464 0.518045 0.602218 0.521456
1 0.270826 0.623015 0.267023 0.628651 0.264244 0.637185 0.264708 0.646236 0.267492 0.654037 0.271784 0.658022 0.276609 0.658129 0.280194 0.654536 0.282803 0.650023 0.284609 0.643128 0.284520 0.635660 0.282709 0.629960 0.279939 0.625352 0.276214 0.622823
1 0.478225 0.581972 0.474423 0.587608 0.471644 0.596142 0.472108 0.605192 0.474892 0.612994 0.479184 0.616978 0.484009 0.617085 0.487593 0.613492 0.490203 0.608980 0.492009 0.602084 0.491919 0.594616 0.490109 0.588917 0.487339 0.584309 0.483614 0.581780
1 0.532878 0.572445 0.529075 0.578081 0.526296 0.586615 0.526760 0.595666 0.529544 0.603467 0.533836 0.607452 0.538661 0.607559 0.542246 0.603966 0.544855 0.599453 0.546661 0.592558 0.546572 0.585090 0.544761 0.579390 0.541991 0.574782 0.538266 0.572253
1 0.737414 0.531581 0.733611 0.537217 0.730832 0.545751 0.731296 0.554802 0.734080 0.562603 0.738372 0.566588 0.743197 0.566695 0.746781 0.563102 0.749391 0.558589 0.751197 0.551694 0.751107 0.544226 0.749297 0.538526 0.746527 0.533918 0.742802 0.531389
