1 0.797546 0.585640 0.793343 0.590291 0.789930 0.598064 0.789689 0.607142 0.791842 0.615551 0.795784 0.620548 0.800555 0.621835 0.804383 0.619154 0.807318 0.615324 0.809640 0.608935 0.810130 0.601517 0.808779 0.595428 0.806392 0.590186 0.802899 0.586769
2 0.058363 0.294240 0.055795 0.299844 0.055934 0.307477 0.057555 0.313395 0.060274 0.315938 0.064068 0.315854 0.066994 0.312430 0.067829 0.304535 0.067039 0.298958 0.063837 0.294115
2 0.831167 0.315862 0.828599 0.321465 0.828738 0.329099 0.830358 0.335016 0.833078 0.337559 0.836872 0.337475 0.839798 0.334051 0.840632 0.326156 0.839842 0.320579 0.836641 0.315736
2 0.309012 0.292365 0.306444 0.297968 0.306583 0.305602 0.308204 0.311519 0.310923 0.314063 0.314717 0.313978 0.317643 0.310554 0.318477 0.302659 0.317688 0.297082 0.314486 0.292240
2 0.575290 0.304992 0.572722 0.310595 0.572861 0.318229 0.574481 0.324146 0.577201 0.326690 0.580995 0.326605 0.583921 0.323181 0.584755 0.315286 0.583966 0.309709 0.580764 0.304867
1 0.223992 0.569626 0.220360 0.573380 0.217819 0.579329 0.217139 0.585481 0.217378 0.594640 0.220228 0.599997 0.224949 0.602718 0.229266 0.601529 0.233007 0.597787 0.235110 0.589936 0.234525 0.582400 0.232603 0.577209 0.230216 0.571966 0.227496 0.569593
3 0.914443 0.556400 0.914388 0.436359 0.949998 0.434891 0.953248 0.285693 0.978373 0.287429 0.976043 0.486449 0.953901 0.486003 0.952906 0.556326
3 0.140089 0.533071 0.140736 0.410077 0.177721 0.409934 0.179679 0.265223 0.204715 0.265125 0.204453 0.463108 0.181960 0.462078 0.182257 0.532590
3 0.397889 0.539892 0.397911 0.417460 0.436604 0.415874 0.439554 0.270763 0.464907 0.268077 0.464260 0.469987 0.440572 0.470817 0.439475 0.539840
3 0.661829 0.544211 0.660923 0.425235 0.699763 0.424266 0.699434 0.273201 0.725696 0.273894 0.727428 0.478122 0.704550 0.476063 0.703822 0.545275
3 0.843918 0.481774 0.822590 0.479716 0.824779 0.279302 0.849586 0.281419 0.848842 0.430647 0.884929 0.431127 0.884360 0.552409 0.844887 0.551732
3 0.070797 0.460045 0.047664 0.459867 0.053442 0.265583 0.077109 0.266039 0.072907 0.411033 0.110712 0.410277 0.108974 0.532615 0.070340 0.530174
3 0.322243 0.463491 0.299829 0.463321 0.301909 0.263063 0.329272 0.263066 0.326150 0.410968 0.365148 0.414758 0.364368 0.534823 0.322113 0.535008
3 0.590400 0.545325 0.588882 0.475695 0.565610 0.473801 0.566934 0.273116 0.592017 0.273128 0.592326 0.421877 0.631077 0.422362 0.630785 0.545736
1 0.278063 0.570130 0.273860 0.574781 0.270447 0.582553 0.270205 0.591632 0.272358 0.600040 0.276300 0.605038 0.281071 0.606325 0.284900 0.603644 0.287834 0.599813 0.290157 0.593425 0.290647 0.586007 0.289295 0.579918 0.286908 0.574676 0.283415 0.571259
1 0.482391 0.575400 0.478188 0.580051 0.474775 0.587823 0.474534 0.596901 0.476687 0.605310 0.480629 0.610307 0.485399 0.611595 0.489228 0.608914 0.492163 0.605083 0.494485 0.598695 0.494975 0.591277 0.493624 0.585188 0.491237 0.579946 0.487743 0.576529
1 0.539737 0.577202 0.535534 0.581853 0.532121 0.589625 0.531880 0.598703 0.534033 0.607112 0.537975 0.612109 0.542745 0.613396 0.546574 0.610715 0.549509 0.606885 0.551831 0.600497 0.552321 0.593078 0.550970 0.586990 0.548583 0.581747 0.545089 0.578331
1 0.744518 0.580911 0.740315 0.585562 0.736902 0.593335 0.736660 0.602413 0.738813 0.610822 0.742755 0.615819 0.747526 0.617106 0.751355 0.614425 0.754289 0.610595 0.756612 0.604207 0.757102 0.596788 0.755750 0.590700 0.753363 0.585457 0.749870 0.582041
