1 0.7635549627829864 0.5582092629560433 0.75952041957695 0.5633100976163923 0.7563819140418708 0.5714400803422628 0.7564543566353007 0.580527524538828 0.7588936679446256 0.5886854840853721 0.7630006537440919 0.5932431945939913 0.767806833769312 0.5940074758155403 0.7715358696400005 0.5909139343336364 0.7743326465430171 0.5867705611439825 0.7764302292202794 0.5801411640405361 0.7766632939621975 0.5726830922991588 0.7751042833622008 0.5667535830008793 0.7725405712011026 0.5617815351732945 0.7689359361821873 0.5587523871077729
2 0.022948885375784867 0.27231095355573276 0.02057869279543857 0.27818385211611635 0.020981230962939933 0.28578789124266685 0.022802820258017054 0.291517334495559 0.02560526532736647 0.29375929055103855 0.029388566170988187 0.2932610780942653 0.03219101124033761 0.28952448466846614 0.032751500254207505 0.28155308536009443 0.03177064447993519 0.2760727483355889 0.0284077103967159 0.2715888362246298
2 0.8004566603716471 0.29143981550810605 0.7980864677913009 0.29731271406848964 0.7984890059588022 0.3049167531950402 0.8003105952538793 0.31064619644793234 0.8031130403232286 0.3128881525034119 0.8068963411668504 0.31238994004663867 0.8096987862362 0.30865334662083943 0.8102592752500698 0.3006819473124677 0.8092784194757974 0.2952016102879622 0.8059154853925782 0.2907176981770031
2 0.27588281107799906 0.27454169700823966 0.27351261849765274 0.2804145955686233 0.2739151566651541 0.2880186346951738 0.27573674596023123 0.2937480779480659 0.27853919102958064 0.29599003400354545 0.28232249187320235 0.2954918215467723 0.28512493694255175 0.29175522812097304 0.28568542595642166 0.2837838288126014 0.28470457018214934 0.2783034917880958 0.28134163609893004 0.27381957967713677
2 0.5392569627103935 0.278199052884492 0.5368867701300473 0.28407195144487557 0.5372893082975486 0.2916759905714261 0.5391108975926258 0.2974054338243183 0.5419133426619751 0.29964738987979783 0.5456966435055969 0.2991491774230246 0.5484990885749463 0.2954125839972254 0.5490595775888162 0.28744118468885366 0.5480787218145438 0.28196084766434815 0.5447157877313246 0.27747693555338904
1 0.18807270066165915 0.5464986889211244 0.1845767295328886 0.5506420621107785 0.18224608211370824 0.5568571218952595 0.1817799526298722 0.5630721816797404 0.1823342616687668 0.5721876026969792 0.18536410331370123 0.5772240439409458 0.19017028333892153 0.579424517368537 0.19443789128687594 0.5777671680926751 0.19804252630579108 0.5736237949030215 0.1998708229444205 0.5655582055935328 0.19902674353180694 0.5581001338521555 0.19692916085454457 0.5531280860245709 0.19436544869344619 0.548156038196986 0.19156867179042972 0.5460843516021591
3 0.8833668375491037 0.5249887744798917 0.8838837185732897 0.40582037163748713 0.920522858567532 0.40397990353128355 0.9217391642094289 0.25995199726344226 0.9471918453386614 0.26192174289939385 0.9438681975814153 0.4534795663974536 0.9223578873964763 0.45632731424706413 0.9216441425706831 0.5256687587996304
3 0.10550764403245358 0.5064600092425677 0.10526096065546929 0.38729160640016347 0.14342722945205227 0.38518900856320676 0.14188417343636553 0.23735088855321038 0.16943095047104412 0.23524829071625372 0.1696302287725517 0.43902314463303793 0.14755295148450728 0.4377985490097403 0.14683920665871386 0.5057825457380039
3 0.363888778172573 0.5110242125228119 0.3636420947955888 0.3904983618561049 0.4031388950964473 0.39111065966775355 0.4031229678831011 0.24208984498729003 0.42990618051660945 0.24143207155155388 0.43020375746714945 0.44222990008897944 0.406697650025797 0.44100530446568187 0.40598390520000366 0.5103467490182481
3 0.6259808126555789 0.5202174183916415 0.6287883868832757 0.3942617764277234 0.6667580583817938 0.39758896988797754 0.6675056955696179 0.24585325955890855 0.6942889082031263 0.24791038177177785 0.693822920752496 0.45006565813350613 0.6695532489099734 0.44884106251020844 0.6680759396830096 0.5208974027113802
3 0.8105171956363489 0.5222246760076734 0.8112651875625523 0.45308493785467263 0.7895571246368515 0.45283653058579526 0.790970121280202 0.2555104558943874 0.8175505098063229 0.25624054921627487 0.8146241709465238 0.40094055300368425 0.8533327505365178 0.4050128964765926 0.8516848952378154 0.5243995937307815 0.8317301680802716 0.5247357161218873
3 0.03757260285790497 0.5064619423336311 0.03614377270459685 0.43787809497484176 0.013996905328321122 0.4366080237274568 0.013996905328321131 0.24355719412493865 0.03614377270459685 0.2422871228775537 0.03685818778125091 0.38453510258467233 0.07472218684391586 0.38453510258467233 0.07538745259605366 0.5066366954874665 0.06019117991493034 0.5049726533093001
3 0.28790918849239694 0.511920546462897 0.28800748714142943 0.4419792512798049 0.2663070772809672 0.4412469675510795 0.26888567455761314 0.24056328046609643 0.2927328255850187 0.24065065704301408 0.29253972422393487 0.3899937067139383 0.33193085208894046 0.39135115453824104 0.33016147260099993 0.5120952996167325 0.30976420114825204 0.5117887052628687
3 0.5516633889063279 0.5155583897579887 0.5517616875553604 0.44697454239919954 0.5277705844913874 0.44488481084617126 0.5311127461692035 0.24555857158549102 0.5580141548012902 0.24700339598671142 0.5555303602366956 0.3949889978333329 0.5949214881017011 0.39770389348193835 0.5931521086137606 0.5170905907361271 0.5727548371610126 0.5154265485579607
1 0.24052844663681822 0.5455299588245776 0.23649390343078175 0.5506307934849264 0.23335539789570262 0.558760776210797 0.23342784048913248 0.5678482204073622 0.23586715179845744 0.5760061799539063 0.23997413759792358 0.5805638904625254 0.2447803176231438 0.5813281716840745 0.24850935349383238 0.5782346302021706 0.25130613039684885 0.5740912570125167 0.25340371307411114 0.5674618599090703 0.2536367778160292 0.560003788167693 0.25207776721603264 0.5540742788694135 0.24951405505493432 0.5491022310418288 0.24590942003601912 0.5460730829763071
1 0.4487854237182766 0.5507937408079906 0.4447508805122402 0.5558945754683395 0.441612374977161 0.56402455819421 0.4416848175705909 0.5731120023907753 0.44412412887991587 0.5812699619373194 0.44823111467938204 0.5858276724459386 0.45303729470460224 0.5865919536674875 0.4567663305752908 0.5834984121855836 0.45956310747830725 0.5793550389959298 0.46166069015556954 0.5727256418924833 0.4618937548974877 0.5652675701511061 0.46033474429749105 0.5593380608528266 0.4577710321363928 0.5543660130252418 0.4541663971174776 0.5513368649597201
1 0.5030753539512979 0.5511908869781591 0.4990408107452614 0.556291721638508 0.4959023052101822 0.5644217043643787 0.4959747478036121 0.5735091485609438 0.49841405911293707 0.581667108107488 0.5025210449124032 0.5862248186161072 0.5073272249376235 0.5869890998376561 0.511056260808312 0.5838955583557522 0.5138530377113285 0.5797521851660983 0.5159506203885907 0.5731227880626519 0.5161836851305089 0.5656647163212747 0.5146246745305123 0.5597352070229951 0.512060962369414 0.5547631591954104 0.5084563273504987 0.5517340111298887
1 0.7102986817913609 0.5573319659588076 0.7062641385853244 0.5624328006191566 0.7031256330502452 0.5705627833450272 0.7031980756436751 0.5796502275415923 0.705637386953 0.5878081870881364 0.7097443727524663 0.5923658975967556 0.7145505527776865 0.5931301788183047 0.7182795886483749 0.5900366373364008 0.7210763655513915 0.5858932641467468 0.7231739482286538 0.5792638670433005 0.723407012970572 0.5718057953019232 0.7218480023705753 0.5658762860036436 0.719284290209477 0.5609042381760588 0.7156796551905618 0.5578750901105373
