1 0.715464 0.612194 0.710994 0.615974 0.707110 0.623015 0.706296 0.631987 0.707903 0.640773 0.711504 0.646527 0.716163 0.648760 0.720137 0.646862 0.723295 0.643643 0.726007 0.637760 0.726964 0.630486 0.726006 0.624166 0.723966 0.618480 0.720711 0.614386
2 0.066405 0.210204 0.063498 0.215258 0.063153 0.222871 0.064389 0.229075 0.066930 0.232147 0.070705 0.232821 0.073829 0.230005 0.075158 0.222326 0.074726 0.216627 0.071851 0.211175
2 0.817456 0.369329 0.814549 0.374383 0.814205 0.381996 0.815440 0.388199 0.817982 0.391271 0.821756 0.391946 0.824881 0.389129 0.826210 0.381451 0.825778 0.375751 0.822903 0.370299
2 0.311025 0.258321 0.308118 0.263375 0.307774 0.270988 0.309009 0.277192 0.311551 0.280263 0.315325 0.280938 0.318450 0.278121 0.319779 0.270443 0.319347 0.264744 0.316472 0.259292
2 0.567159 0.309743 0.564252 0.314797 0.563908 0.322410 0.565143 0.328614 0.567685 0.331685 0.571459 0.332360 0.574584 0.329543 0.575912 0.321865 0.575481 0.316165 0.572606 0.310713
1 0.208827 0.501162 0.204980 0.504165 0.202079 0.509568 0.201014 0.515546 0.200671 0.524694 0.203164 0.530588 0.207683 0.534236 0.212048 0.533918 0.216002 0.530948 0.218589 0.523567 0.218484 0.515962 0.216903 0.510419 0.214863 0.504732 0.212310 0.501830
3 0.883311 0.620195 0.890853 0.500905 0.926330 0.506570 0.938741 0.366257 0.961731 0.373242 0.948946 0.563010 0.926973 0.558138 0.921534 0.627816
3 0.131593 0.454834 0.140020 0.332750 0.175282 0.341175 0.182577 0.199039 0.207249 0.201427 0.198190 0.397630 0.177691 0.392666 0.171290 0.462091
3 0.382096 0.506386 0.389866 0.384735 0.428414 0.390899 0.438615 0.245227 0.463594 0.249638 0.452469 0.450200 0.428879 0.446287 0.423421 0.514652
3 0.634780 0.559580 0.643732 0.441904 0.681123 0.449380 0.690526 0.301226 0.715940 0.306149 0.704144 0.507031 0.681543 0.500409 0.676438 0.569036
3 0.817825 0.533467 0.796763 0.527155 0.811283 0.336534 0.835062 0.341731 0.825954 0.483649 0.861781 0.491344 0.853540 0.611742 0.814361 0.603174
3 0.069821 0.367865 0.045137 0.361709 0.061231 0.170843 0.088371 0.176354 0.075019 0.319586 0.112632 0.326397 0.103163 0.447611 0.064929 0.437458
3 0.312467 0.421278 0.289994 0.414104 0.305972 0.221652 0.331374 0.226569 0.319962 0.371599 0.357447 0.379569 0.349309 0.496333 0.307757 0.488205
3 0.563434 0.546963 0.568757 0.477165 0.545651 0.471662 0.562380 0.277212 0.586889 0.283175 0.574322 0.425048 0.615700 0.434189 0.604698 0.555813
1 0.261620 0.511001 0.257150 0.514782 0.253266 0.521822 0.252452 0.530794 0.254059 0.539580 0.257660 0.545334 0.262319 0.547567 0.266293 0.545669 0.269451 0.542450 0.272163 0.536567 0.273120 0.529294 0.272162 0.522974 0.270122 0.517287 0.266867 0.513193
1 0.461141 0.554137 0.456670 0.557917 0.452787 0.564958 0.451972 0.573930 0.453580 0.582716 0.457180 0.588470 0.461839 0.590703 0.465813 0.588805 0.468972 0.585586 0.471684 0.579703 0.472640 0.572429 0.471683 0.566109 0.469642 0.560423 0.466388 0.556329
1 0.515324 0.567280 0.510853 0.571061 0.506970 0.578102 0.506156 0.587074 0.507763 0.595860 0.511364 0.601614 0.516023 0.603847 0.519997 0.601949 0.523155 0.598730 0.525867 0.592847 0.526823 0.585573 0.525866 0.579253 0.523826 0.573567 0.520571 0.569473
1 0.766602 0.621802 0.762131 0.625583 0.758248 0.632623 0.757433 0.641595 0.759041 0.650381 0.762641 0.656135 0.767300 0.658368 0.771274 0.656470 0.774433 0.653251 0.777145 0.647368 0.778101 0.640095 0.777144 0.633775 0.775103 0.628088 0.771849 0.623994
