1 0.768523 0.549121 0.764562 0.554399 0.761538 0.562666 0.761738 0.571747 0.764292 0.579794 0.768461 0.584168 0.773277 0.584719 0.776961 0.581461 0.779699 0.577194 0.781703 0.570474 0.781831 0.563008 0.780189 0.557149 0.777556 0.552293 0.773910 0.549425
2 0.020326 0.360085 0.018039 0.366062 0.018548 0.373645 0.020450 0.379292 0.023283 0.381409 0.027058 0.380743 0.029807 0.376883 0.030255 0.368889 0.029198 0.363454 0.025773 0.359121
2 0.793895 0.275709 0.791608 0.281686 0.792118 0.289269 0.794019 0.294916 0.796852 0.297033 0.800627 0.296367 0.803376 0.292507 0.803825 0.284513 0.802767 0.279078 0.799342 0.274745
2 0.271489 0.330737 0.269202 0.336714 0.269711 0.344297 0.271613 0.349944 0.274446 0.352061 0.278221 0.351395 0.280970 0.347535 0.281418 0.339541 0.280361 0.334106 0.276936 0.329773
2 0.533091 0.301101 0.530804 0.307078 0.531313 0.314662 0.533215 0.320308 0.536048 0.322425 0.539823 0.321759 0.542572 0.317899 0.543020 0.309905 0.541963 0.304470 0.538538 0.300137
1 0.194415 0.611688 0.190978 0.615985 0.188735 0.622302 0.188357 0.628536 0.189039 0.637624 0.192139 0.642524 0.196974 0.644511 0.201217 0.642664 0.204762 0.638362 0.206477 0.630218 0.205528 0.622799 0.203361 0.617922 0.200729 0.613065 0.197904 0.611119
3 0.886138 0.505233 0.882652 0.383467 0.918433 0.375962 0.916862 0.231959 0.939987 0.228829 0.944795 0.427022 0.925641 0.432080 0.928172 0.499972
3 0.109919 0.584842 0.106433 0.463076 0.142268 0.459381 0.136358 0.311759 0.162340 0.308502 0.171433 0.506505 0.149421 0.511689 0.151953 0.579582
3 0.368009 0.556270 0.364523 0.434503 0.403215 0.430681 0.397269 0.280520 0.423233 0.275993 0.430951 0.477868 0.407511 0.483116 0.410043 0.551009
3 0.630617 0.530662 0.627131 0.408896 0.665822 0.405073 0.659877 0.254912 0.685841 0.250385 0.693559 0.452261 0.670119 0.457509 0.672651 0.525401
3 0.814904 0.510958 0.811627 0.441942 0.790685 0.442624 0.785508 0.245466 0.809781 0.243760 0.815015 0.389631 0.851422 0.388013 0.853742 0.507334 0.835344 0.509846
3 0.040506 0.592002 0.038113 0.523503 0.015956 0.523217 0.013243 0.330226 0.035365 0.327973 0.038078 0.470145 0.075930 0.468463 0.079036 0.587749 0.063096 0.589508
3 0.293680 0.564542 0.291287 0.496043 0.267274 0.495019 0.261727 0.297235 0.287076 0.294839 0.291252 0.442685 0.329104 0.441003 0.333593 0.560228 0.316270 0.562049
3 0.555669 0.537532 0.553277 0.469033 0.529264 0.468009 0.523716 0.270225 0.549065 0.267829 0.553241 0.415675 0.591093 0.413993 0.595582 0.533218 0.578259 0.535038
1 0.247576 0.604284 0.243615 0.609562 0.240592 0.617829 0.240792 0.626910 0.243345 0.634957 0.247515 0.639331 0.252330 0.639882 0.256014 0.636624 0.258752 0.632357 0.260756 0.625637 0.260884 0.618171 0.259242 0.612312 0.256609 0.607456 0.252963 0.604588
1 0.454087 0.584080 0.450125 0.589359 0.447102 0.597626 0.447302 0.606707 0.449855 0.614754 0.454025 0.619128 0.458840 0.619679 0.462525 0.616420 0.465262 0.612154 0.467266 0.605434 0.467394 0.597968 0.465753 0.592109 0.463120 0.587252 0.459474 0.584384
1 0.509065 0.575353 0.505103 0.580631 0.502080 0.588898 0.502280 0.597979 0.504833 0.606026 0.509003 0.610400 0.513818 0.610951 0.517503 0.607693 0.520240 0.603426 0.522244 0.596706 0.522372 0.589240 0.520731 0.583381 0.518098 0.578525 0.514452 0.575657
1 0.715268 0.554629 0.711306 0.559908 0.708283 0.568174 0.708483 0.577256 0.711036 0.585303 0.715206 0.589677 0.720021 0.590227 0.723706 0.586969 0.726443 0.582703 0.728447 0.575982 0.728575 0.568516 0.726934 0.562658 0.724301 0.557801 0.720655 0.554933
