1 0.799175 0.543479 0.795141 0.548580 0.792002 0.556710 0.792075 0.565797 0.794514 0.573955 0.798621 0.578513 0.803427 0.579277 0.807156 0.576183 0.809953 0.572040 0.812051 0.565411 0.812284 0.557953 0.810725 0.552023 0.808161 0.547051 0.804556 0.544022
2 0.050796 0.337672 0.048426 0.343545 0.048828 0.351149 0.050650 0.356878 0.053452 0.359120 0.057236 0.358622 0.060038 0.354885 0.060599 0.346914 0.059618 0.341434 0.056255 0.336950
2 0.826192 0.273685 0.823822 0.279558 0.824224 0.287162 0.826046 0.292892 0.828848 0.295134 0.832631 0.294636 0.835434 0.290899 0.835994 0.282928 0.835013 0.277447 0.831651 0.272963
2 0.305743 0.313592 0.303373 0.319465 0.303775 0.327069 0.305597 0.332798 0.308399 0.335040 0.312183 0.334542 0.314985 0.330806 0.315546 0.322834 0.314565 0.317354 0.311202 0.312870
2 0.568712 0.290332 0.566342 0.296205 0.566744 0.303809 0.568566 0.309538 0.571368 0.311780 0.575151 0.311282 0.577954 0.307546 0.578514 0.299574 0.577534 0.294094 0.574171 0.289610
1 0.226031 0.591009 0.222535 0.595153 0.220205 0.601368 0.219738 0.607583 0.220293 0.616698 0.223323 0.621735 0.228129 0.623935 0.232396 0.622278 0.236001 0.618134 0.237829 0.610069 0.236985 0.602611 0.234888 0.597639 0.232324 0.592667 0.229527 0.590595
3 0.918491 0.503843 0.914292 0.384035 0.949785 0.378685 0.947878 0.229414 0.973016 0.228405 0.977560 0.427304 0.955444 0.429275 0.956879 0.499574
3 0.142729 0.565460 0.139129 0.442626 0.176040 0.438449 0.172999 0.293797 0.197984 0.290967 0.204557 0.488607 0.182070 0.490032 0.184801 0.560379
3 0.401046 0.542780 0.396841 0.420576 0.435406 0.414772 0.432162 0.263323 0.458554 0.259972 0.464878 0.465766 0.441264 0.469178 0.442551 0.538191
3 0.663104 0.518296 0.660451 0.399643 0.698005 0.395488 0.696001 0.242647 0.721057 0.240473 0.726297 0.445176 0.703392 0.445616 0.705054 0.514777
3 0.843461 0.437475 0.822102 0.437747 0.817369 0.237473 0.842202 0.236879 0.846611 0.385907 0.882646 0.382450 0.886264 0.503565 0.846843 0.507195
3 0.067160 0.500130 0.044065 0.502477 0.043126 0.307928 0.066764 0.305801 0.067575 0.450980 0.105283 0.446101 0.107771 0.568399 0.069125 0.570177
3 0.323671 0.477501 0.301293 0.479777 0.296457 0.279670 0.323768 0.276687 0.325758 0.424651 0.364814 0.424179 0.368179 0.544103 0.326010 0.548897
3 0.586893 0.527200 0.585333 0.456819 0.562039 0.458517 0.558792 0.258065 0.583829 0.255340 0.589272 0.403776 0.627966 0.400032 0.630164 0.523206
1 0.279892 0.587174 0.275858 0.592275 0.272719 0.600405 0.272792 0.609492 0.275231 0.617650 0.279338 0.622208 0.284144 0.622972 0.287873 0.619878 0.290670 0.615735 0.292768 0.609106 0.293001 0.601648 0.291442 0.595718 0.288878 0.590746 0.285273 0.587717
1 0.487032 0.569002 0.482997 0.574103 0.479859 0.582233 0.479931 0.591320 0.482371 0.599478 0.486478 0.604036 0.491284 0.604800 0.495013 0.601707 0.497810 0.597564 0.499907 0.590934 0.500140 0.583476 0.498581 0.577547 0.496018 0.572574 0.492413 0.569545
1 0.541855 0.566222 0.537821 0.571322 0.534682 0.579452 0.534755 0.588540 0.537194 0.596698 0.541301 0.601256 0.546107 0.602020 0.549836 0.598926 0.552633 0.594783 0.554731 0.588154 0.554964 0.580695 0.553405 0.574766 0.550841 0.569794 0.547236 0.566765
1 0.747322 0.548947 0.743287 0.554047 0.740149 0.562177 0.740221 0.571265 0.742660 0.579423 0.746767 0.583981 0.751574 0.584745 0.755303 0.581651 0.758099 0.577508 0.760197 0.570879 0.760430 0.563420 0.758871 0.557491 0.756307 0.552519 0.752703 0.549490
