1 0.720552 0.445268 0.716517 0.440167 0.713379 0.432037 0.713451 0.422949 0.715890 0.414791 0.719997 0.410234 0.724804 0.409469 0.728533 0.412563 0.731329 0.416706 0.733427 0.423336 0.733660 0.430794 0.732101 0.436723 0.729537 0.441695 0.725933 0.444724
2 0.044718 0.651845 0.042348 0.645972 0.042750 0.638368 0.044572 0.632639 0.047374 0.630397 0.051158 0.630895 0.053960 0.634632 0.054521 0.642603 0.053540 0.648083 0.050177 0.652567
2 0.798921 0.712313 0.796551 0.706440 0.796954 0.698836 0.798775 0.693106 0.801578 0.690864 0.805361 0.691362 0.808163 0.695099 0.808724 0.703070 0.807743 0.708551 0.804380 0.713035
2 0.289331 0.665637 0.286961 0.659765 0.287364 0.652160 0.289185 0.646431 0.291988 0.644189 0.295771 0.644687 0.298574 0.648424 0.299134 0.656395 0.298153 0.661876 0.294790 0.666360
2 0.546603 0.693894 0.544232 0.688022 0.544635 0.680418 0.546457 0.674688 0.549259 0.672446 0.553042 0.672944 0.555845 0.676681 0.556405 0.684652 0.555424 0.690133 0.552062 0.694617
1 0.212348 0.394989 0.208852 0.390845 0.206521 0.384630 0.206055 0.378415 0.206609 0.369300 0.209639 0.364263 0.214445 0.362063 0.218713 0.363720 0.222318 0.367864 0.224146 0.375929 0.223302 0.383387 0.221204 0.388359 0.218641 0.393331 0.215844 0.395403
3 0.888231 0.485527 0.884032 0.605336 0.919525 0.610686 0.918072 0.752699 0.941395 0.752901 0.947300 0.562066 0.925184 0.560095 0.926619 0.489796
3 0.131767 0.416824 0.128168 0.539658 0.163717 0.542222 0.157048 0.684455 0.181580 0.689704 0.191781 0.493677 0.171109 0.492252 0.171571 0.421905
3 0.383505 0.443218 0.379301 0.565422 0.417866 0.571227 0.413715 0.717836 0.438746 0.721187 0.447338 0.520232 0.423723 0.516820 0.425011 0.447807
3 0.637551 0.468667 0.634899 0.587320 0.672453 0.591476 0.667273 0.740285 0.692783 0.743265 0.700745 0.541788 0.677840 0.541347 0.679502 0.472186
3 0.815283 0.550771 0.793924 0.550499 0.789645 0.742710 0.813571 0.744916 0.818433 0.602339 0.854468 0.605797 0.858087 0.484681 0.818666 0.481051
3 0.063449 0.497622 0.038539 0.496082 0.035786 0.689018 0.063053 0.691950 0.063863 0.546772 0.101571 0.551650 0.104059 0.429353 0.065414 0.427575
3 0.306634 0.505589 0.283803 0.505733 0.280780 0.700195 0.306278 0.703178 0.309174 0.556826 0.346869 0.560524 0.350234 0.443019 0.308519 0.438225
3 0.566055 0.459115 0.564495 0.529497 0.541202 0.527799 0.538725 0.724461 0.563445 0.726137 0.564896 0.582540 0.606539 0.586284 0.607557 0.463110
1 0.265302 0.401561 0.261267 0.396460 0.258129 0.388330 0.258201 0.379243 0.260640 0.371085 0.264747 0.366527 0.269554 0.365763 0.273283 0.368856 0.276079 0.373000 0.278177 0.379629 0.278410 0.387087 0.276851 0.393017 0.274287 0.397989 0.270683 0.401018
1 0.466009 0.420539 0.461974 0.415438 0.458836 0.407308 0.458908 0.398221 0.461347 0.390063 0.465454 0.385505 0.470261 0.384741 0.473990 0.387834 0.476786 0.391978 0.478884 0.398607 0.479117 0.406065 0.477558 0.411995 0.474994 0.416967 0.471390 0.419996
1 0.520653 0.424285 0.516619 0.419184 0.513480 0.411054 0.513553 0.401967 0.515992 0.393809 0.520099 0.389251 0.524905 0.388487 0.528634 0.391580 0.531431 0.395724 0.533529 0.402353 0.533762 0.409811 0.532203 0.415741 0.529639 0.420713 0.526034 0.423742
1 0.773444 0.447993 0.769410 0.442892 0.766271 0.434762 0.766344 0.425675 0.768783 0.417517 0.772890 0.412959 0.777696 0.412195 0.781425 0.415288 0.784222 0.419432 0.786320 0.426061 0.786553 0.433519 0.784994 0.439449 0.782430 0.444421 0.778825 0.447450
