1 0.792551 0.584838 0.788309 0.589376 0.784830 0.597055 0.784512 0.606126 0.786593 0.614592 0.790492 0.619694 0.795251 0.621109 0.799103 0.618531 0.802069 0.614780 0.804446 0.608455 0.804999 0.601050 0.803699 0.594926 0.801357 0.589621 0.797893 0.586111
2 0.057279 0.277919 0.054664 0.283453 0.054738 0.291089 0.056308 0.297049 0.059006 0.299666 0.062800 0.299683 0.065754 0.296338 0.066656 0.288466 0.065914 0.282869 0.062753 0.277941
2 0.831574 0.315050 0.828959 0.320584 0.829033 0.328220 0.830603 0.334180 0.833301 0.336797 0.837095 0.336814 0.840050 0.333469 0.840951 0.325597 0.840209 0.319999 0.837048 0.315072
2 0.310797 0.287263 0.308181 0.292797 0.308256 0.300433 0.309826 0.306394 0.312524 0.309010 0.316317 0.309027 0.319272 0.305682 0.320174 0.297810 0.319431 0.292213 0.316271 0.287285
2 0.573409 0.299720 0.570793 0.305254 0.570868 0.312890 0.572438 0.318851 0.575135 0.321467 0.578929 0.321484 0.581884 0.318139 0.582785 0.310267 0.582043 0.304670 0.578883 0.299742
1 0.217611 0.554583 0.213947 0.558240 0.211356 0.564120 0.210624 0.570253 0.210785 0.579418 0.213589 0.584851 0.218287 0.587698 0.222613 0.586625 0.226385 0.582984 0.228555 0.575190 0.228034 0.567639 0.226156 0.562397 0.223814 0.557091 0.221114 0.554645
3 0.912034 0.557691 0.912998 0.437662 0.948617 0.437151 0.953133 0.288057 0.978241 0.290467 0.974221 0.489402 0.952085 0.488362 0.950494 0.558650
3 0.137085 0.516198 0.138776 0.393235 0.175758 0.394085 0.178945 0.249444 0.203979 0.250016 0.202036 0.447971 0.179554 0.446336 0.179252 0.516848
3 0.395621 0.528682 0.396682 0.406264 0.435384 0.405717 0.439565 0.260702 0.464939 0.258696 0.462577 0.460566 0.438885 0.460760 0.437202 0.529746
3 0.657965 0.539875 0.658070 0.420889 0.696913 0.420962 0.697867 0.269906 0.724120 0.271303 0.724117 0.475555 0.701260 0.472881 0.699944 0.542066
3 0.841269 0.483795 0.819961 0.481165 0.823852 0.280833 0.848638 0.283615 0.846627 0.432806 0.882705 0.434255 0.881106 0.555507 0.841644 0.553771
3 0.068421 0.441321 0.045292 0.440522 0.052719 0.246415 0.076380 0.247506 0.070947 0.392371 0.108754 0.392630 0.105977 0.514908 0.067368 0.511430
3 0.321279 0.453081 0.298869 0.452310 0.302649 0.252131 0.330009 0.252868 0.325632 0.400669 0.364593 0.405506 0.362793 0.525536 0.320541 0.524587
3 0.585006 0.538864 0.584079 0.469201 0.560826 0.466683 0.563854 0.266056 0.588935 0.266741 0.587980 0.415482 0.626723 0.417007 0.625383 0.540359
1 0.272099 0.557426 0.267857 0.561963 0.264378 0.569643 0.264059 0.578714 0.266141 0.587179 0.270040 0.592282 0.274799 0.593697 0.278650 0.591119 0.281617 0.587368 0.283993 0.581043 0.284546 0.573638 0.283247 0.567514 0.280904 0.562208 0.277441 0.558698
1 0.480576 0.566558 0.476334 0.571096 0.472855 0.578775 0.472537 0.587846 0.474618 0.596312 0.478517 0.601414 0.483276 0.602829 0.487128 0.600251 0.490094 0.596500 0.492471 0.590175 0.493024 0.582770 0.491724 0.576646 0.489382 0.571340 0.485918 0.567830
1 0.534726 0.572199 0.530484 0.576737 0.527005 0.584417 0.526686 0.593487 0.528768 0.601953 0.532667 0.607055 0.537426 0.608470 0.541277 0.605893 0.544244 0.602141 0.546620 0.595816 0.547173 0.588412 0.545874 0.582288 0.543531 0.576982 0.540067 0.573472
1 0.740921 0.582971 0.736679 0.587509 0.733201 0.595189 0.732882 0.604259 0.734964 0.612725 0.738863 0.617827 0.743622 0.619242 0.747473 0.616664 0.750440 0.612913 0.752816 0.606588 0.753369 0.599184 0.752070 0.593060 0.749727 0.587754 0.746263 0.584244
