1 0.713780 0.610865 0.709373 0.614875 0.705606 0.622112 0.704938 0.631123 0.706688 0.639822 0.710381 0.645388 0.715075 0.647380 0.719016 0.645278 0.722121 0.641897 0.724736 0.635877 0.725573 0.628557 0.724513 0.622289 0.722381 0.616710 0.719060 0.612786
2 0.061858 0.232690 0.059035 0.237892 0.058815 0.245519 0.060151 0.251657 0.062742 0.254596 0.066526 0.255076 0.069603 0.252099 0.070806 0.244356 0.070281 0.238681 0.067318 0.233379
2 0.813051 0.366778 0.810228 0.371979 0.810007 0.379607 0.811344 0.385745 0.813934 0.388683 0.817718 0.389163 0.820795 0.386187 0.821998 0.378443 0.821474 0.372768 0.818511 0.367467
2 0.305022 0.281937 0.302199 0.287139 0.301978 0.294767 0.303315 0.300904 0.305905 0.303843 0.309689 0.304323 0.312766 0.301346 0.313969 0.293603 0.313445 0.287928 0.310482 0.282626
2 0.561887 0.320127 0.559064 0.325328 0.558843 0.332956 0.560180 0.339093 0.562770 0.342032 0.566554 0.342512 0.569631 0.339535 0.570834 0.331792 0.570310 0.326117 0.567347 0.320816
1 0.206829 0.529947 0.203033 0.533148 0.200221 0.538698 0.199254 0.544728 0.199061 0.553890 0.201649 0.559653 0.206226 0.563066 0.210584 0.562523 0.214487 0.559350 0.216953 0.551839 0.216724 0.544243 0.215053 0.538784 0.212921 0.533205 0.210322 0.530436
3 0.882972 0.614142 0.888564 0.494513 0.924119 0.498346 0.934234 0.357452 0.957329 0.363248 0.947647 0.553596 0.925603 0.549859 0.921304 0.619788
3 0.128872 0.487622 0.135303 0.365155 0.170688 0.371757 0.175660 0.229306 0.200361 0.230419 0.194507 0.427008 0.173936 0.423103 0.168671 0.492829
3 0.380111 0.526232 0.385893 0.404232 0.424524 0.408404 0.432344 0.262268 0.457384 0.265389 0.449537 0.466440 0.425894 0.463745 0.421553 0.532363
3 0.633556 0.566371 0.640585 0.448283 0.678082 0.453827 0.685063 0.305251 0.710547 0.308861 0.702034 0.510267 0.679334 0.504813 0.675352 0.573674
3 0.816099 0.530827 0.794942 0.525605 0.806345 0.334315 0.830199 0.338284 0.823411 0.480611 0.859348 0.486456 0.853076 0.607228 0.813774 0.600684
3 0.067845 0.390108 0.043072 0.385227 0.056044 0.193612 0.083263 0.197721 0.072254 0.341582 0.109962 0.346450 0.102475 0.468101 0.064091 0.459924
3 0.309122 0.444752 0.286542 0.438739 0.299372 0.245544 0.324844 0.249149 0.315804 0.394706 0.353403 0.400740 0.347173 0.517874 0.305507 0.511893
3 0.562035 0.557439 0.566216 0.487396 0.543030 0.483087 0.556579 0.287856 0.581175 0.292553 0.570929 0.435013 0.612438 0.442016 0.603425 0.564157
1 0.259761 0.537059 0.255354 0.541069 0.251587 0.548306 0.250919 0.557317 0.252669 0.566016 0.256362 0.571582 0.261056 0.573574 0.264997 0.571472 0.268102 0.568091 0.270717 0.562071 0.271554 0.554751 0.270494 0.548483 0.268362 0.542904 0.265041 0.538980
1 0.459902 0.569886 0.455495 0.573896 0.451728 0.581133 0.451060 0.590144 0.452810 0.598843 0.456503 0.604409 0.461197 0.606401 0.465138 0.604299 0.468243 0.600918 0.470857 0.594897 0.471695 0.587578 0.470634 0.581310 0.468502 0.575731 0.465182 0.571807
1 0.514277 0.580229 0.509870 0.584239 0.506103 0.591477 0.505435 0.600487 0.507185 0.609187 0.510878 0.614752 0.515571 0.616744 0.519513 0.614642 0.522617 0.611262 0.525232 0.605241 0.526070 0.597921 0.525009 0.591653 0.522877 0.586074 0.519557 0.582150
1 0.766338 0.621768 0.761931 0.625777 0.758164 0.633015 0.757497 0.642025 0.759247 0.650725 0.762940 0.656291 0.767633 0.658283 0.771575 0.656180 0.774679 0.652800 0.777294 0.646779 0.778131 0.639460 0.777071 0.633192 0.774939 0.627613 0.771619 0.623688
