1 0.773630 0.453448 0.769596 0.448347 0.766457 0.440217 0.766530 0.431130 0.768969 0.422972 0.773076 0.418414 0.777882 0.417650 0.781611 0.420743 0.784408 0.424887 0.786506 0.431516 0.786739 0.438974 0.785180 0.444904 0.782616 0.449876 0.779011 0.452905
2 0.033467 0.737070 0.031097 0.731197 0.031499 0.723593 0.033321 0.717864 0.036123 0.715622 0.039907 0.716120 0.042709 0.719857 0.043270 0.727828 0.042289 0.733308 0.038926 0.737792
2 0.808622 0.720511 0.806252 0.714638 0.806654 0.707034 0.808476 0.701304 0.811278 0.699062 0.815062 0.699561 0.817864 0.703297 0.818425 0.711269 0.817444 0.716749 0.814081 0.721233
2 0.284806 0.735907 0.282436 0.730034 0.282838 0.722430 0.284660 0.716701 0.287462 0.714459 0.291245 0.714957 0.294048 0.718694 0.294608 0.726665 0.293628 0.732145 0.290265 0.736629
2 0.548885 0.730283 0.546514 0.724410 0.546917 0.716806 0.548738 0.711077 0.551541 0.708835 0.555324 0.709333 0.558127 0.713070 0.558687 0.721041 0.557706 0.726521 0.554343 0.731005
1 0.195265 0.464187 0.191769 0.460043 0.189438 0.453828 0.188972 0.447613 0.189526 0.438498 0.192556 0.433461 0.197362 0.431261 0.201630 0.432918 0.205235 0.437061 0.207063 0.445127 0.206219 0.452585 0.204121 0.457557 0.201557 0.462529 0.198761 0.464601
3 0.889447 0.484131 0.891212 0.606015 0.927677 0.602493 0.929899 0.749666 0.954240 0.748623 0.952134 0.552375 0.929966 0.552363 0.930363 0.483331
3 0.114710 0.505096 0.114706 0.623834 0.151761 0.623840 0.152644 0.772727 0.177484 0.772733 0.178051 0.659284 0.178485 0.572291 0.154639 0.573327 0.154447 0.506392
3 0.371909 0.501290 0.371315 0.622125 0.409458 0.621083 0.411521 0.771461 0.437541 0.771689 0.437113 0.568486 0.414196 0.567425 0.414004 0.500490
3 0.636059 0.492421 0.636644 0.614304 0.675377 0.616406 0.675671 0.766785 0.703460 0.767013 0.703032 0.560664 0.677757 0.562749 0.678154 0.493716
3 0.820474 0.553320 0.797171 0.555665 0.800073 0.757184 0.825542 0.755715 0.824597 0.605465 0.861604 0.605465 0.861657 0.486078 0.819643 0.486481
3 0.044825 0.571807 0.023449 0.575496 0.027169 0.768547 0.050994 0.767236 0.047717 0.624988 0.084719 0.622086 0.083063 0.499473 0.045286 0.501567
3 0.297558 0.568784 0.273567 0.570874 0.277877 0.771988 0.303251 0.770113 0.300631 0.621079 0.338495 0.620031 0.338359 0.499596 0.296840 0.501690
3 0.560147 0.495649 0.560487 0.564233 0.536496 0.566323 0.539626 0.766388 0.566769 0.764513 0.565918 0.617576 0.604962 0.615480 0.603057 0.495045
1 0.249248 0.463986 0.245213 0.458885 0.242075 0.450755 0.242147 0.441668 0.244586 0.433510 0.248693 0.428952 0.253499 0.428188 0.257228 0.431281 0.260025 0.435425 0.262123 0.442054 0.262356 0.449512 0.260797 0.455442 0.258233 0.460414 0.254629 0.463443
1 0.456154 0.459602 0.452120 0.454501 0.448981 0.446371 0.449054 0.437284 0.451493 0.429126 0.455600 0.424568 0.460406 0.423804 0.464135 0.426897 0.466932 0.431041 0.469030 0.437670 0.469263 0.445128 0.467704 0.451058 0.465140 0.456030 0.461535 0.459059
1 0.511971 0.458350 0.507937 0.453249 0.504798 0.445119 0.504871 0.436032 0.507310 0.427874 0.511417 0.423316 0.516223 0.422552 0.519952 0.425646 0.522749 0.429789 0.524847 0.436418 0.525080 0.443876 0.523521 0.449806 0.520957 0.454778 0.517352 0.457807
1 0.719024 0.454126 0.714989 0.449025 0.711851 0.440895 0.711923 0.431808 0.714362 0.423650 0.718469 0.419092 0.723276 0.418328 0.727005 0.421422 0.729801 0.425565 0.731899 0.432194 0.732132 0.439652 0.730573 0.445582 0.728009 0.450554 0.724405 0.453583
