1 0.780845 0.503055 0.777096 0.508805 0.774400 0.517421 0.774950 0.526457 0.777808 0.534173 0.782137 0.538027 0.786962 0.537989 0.790512 0.534288 0.793079 0.529698 0.794818 0.522748 0.794657 0.515284 0.792793 0.509640 0.789979 0.505117 0.786231 0.502700
2 0.044518 0.429920 0.042467 0.436161 0.043268 0.443665 0.045384 0.449066 0.048292 0.450832 0.052032 0.449707 0.054626 0.445520 0.054764 0.437491 0.053499 0.432197 0.049915 0.428293
2 0.789651 0.234812 0.787600 0.241054 0.788401 0.248558 0.790516 0.253959 0.793425 0.255725 0.797165 0.254599 0.799759 0.250413 0.799897 0.242383 0.798632 0.237090 0.795048 0.233185
2 0.287685 0.365097 0.285635 0.371339 0.286436 0.378843 0.288551 0.384244 0.291459 0.386010 0.295200 0.384884 0.297793 0.380698 0.297931 0.372668 0.296666 0.367375 0.293082 0.363470
2 0.539957 0.299251 0.537906 0.305492 0.538707 0.312996 0.540823 0.318397 0.543731 0.320163 0.547471 0.319037 0.550065 0.314851 0.550203 0.306821 0.548938 0.301528 0.545354 0.297623
1 0.224313 0.648737 0.221051 0.653444 0.219058 0.660019 0.218921 0.666285 0.219953 0.675268 0.223234 0.679778 0.228135 0.681169 0.232297 0.678809 0.235667 0.674084 0.237063 0.665750 0.235830 0.658465 0.233480 0.653864 0.230666 0.649340 0.227772 0.647743
3 0.889973 0.442576 0.879485 0.323992 0.914541 0.312760 0.904784 0.164462 0.929759 0.159275 0.944753 0.356545 0.922838 0.362187 0.927968 0.431939
3 0.140452 0.641627 0.130402 0.519932 0.166930 0.509631 0.156288 0.366121 0.181014 0.359146 0.197962 0.554825 0.175650 0.559985 0.182071 0.629568
3 0.391479 0.573739 0.380860 0.452771 0.418950 0.440575 0.407747 0.290332 0.433847 0.282604 0.450976 0.486442 0.427645 0.493769 0.432560 0.562264
3 0.642065 0.504512 0.633178 0.386821 0.670348 0.376436 0.660306 0.224599 0.685138 0.218266 0.701132 0.421198 0.678350 0.425448 0.683646 0.494029
3 0.814498 0.391360 0.793247 0.395185 0.777992 0.196577 0.802685 0.191854 0.814919 0.339494 0.850614 0.330057 0.860593 0.450038 0.821536 0.460212
3 0.067522 0.585038 0.044651 0.591217 0.033475 0.397678 0.056897 0.391628 0.065347 0.536035 0.102632 0.524904 0.111548 0.646251 0.073165 0.654451
3 0.311533 0.521932 0.289373 0.527921 0.274024 0.329497 0.301058 0.321984 0.310828 0.468967 0.349688 0.461999 0.359351 0.580837 0.317620 0.592626
3 0.571024 0.525980 0.565765 0.456168 0.542664 0.461733 0.528236 0.261756 0.553662 0.255823 0.563372 0.403290 0.604635 0.392634 0.612134 0.515098
1 0.276452 0.634066 0.272703 0.639815 0.270007 0.648432 0.270557 0.657467 0.273415 0.665184 0.277744 0.669038 0.282569 0.668999 0.286119 0.665299 0.288686 0.660709 0.290425 0.653759 0.290264 0.646295 0.288400 0.640651 0.285586 0.636127 0.281838 0.633711
1 0.475855 0.582491 0.472107 0.588241 0.469410 0.596857 0.469960 0.605893 0.472818 0.613609 0.477147 0.617464 0.481973 0.617425 0.485522 0.613724 0.488089 0.609134 0.489828 0.602185 0.489668 0.594720 0.487803 0.589076 0.484989 0.584553 0.481241 0.582137
1 0.529611 0.568936 0.525863 0.574685 0.523166 0.583302 0.523716 0.592337 0.526575 0.600054 0.530903 0.603908 0.535729 0.603869 0.539279 0.600169 0.541845 0.595578 0.543584 0.588629 0.543424 0.581165 0.541559 0.575521 0.538745 0.570997 0.534997 0.568581
1 0.728751 0.518305 0.725003 0.524055 0.722306 0.532672 0.722857 0.541707 0.725715 0.549423 0.730044 0.553278 0.734869 0.553239 0.738419 0.549539 0.740985 0.544948 0.742725 0.537999 0.742564 0.530535 0.740700 0.524891 0.737886 0.520367 0.734137 0.517951
