1 0.800150 0.567253 0.795992 0.572030 0.792653 0.579904 0.792498 0.588988 0.794731 0.597331 0.798720 0.602208 0.803503 0.603351 0.807305 0.600555 0.810203 0.596637 0.812464 0.590180 0.812883 0.582747 0.811474 0.576701 0.809037 0.571531 0.805512 0.568220
2 0.056475 0.302445 0.053960 0.308125 0.054172 0.315753 0.055849 0.321621 0.058592 0.324082 0.062384 0.323883 0.065277 0.320371 0.066037 0.312452 0.065194 0.306900 0.061946 0.302155
2 0.828070 0.296252 0.825555 0.301932 0.825767 0.309560 0.827444 0.315428 0.830187 0.317889 0.833979 0.317690 0.836872 0.314179 0.837632 0.306259 0.836789 0.300707 0.833541 0.295962
2 0.311183 0.298479 0.308668 0.304159 0.308880 0.311787 0.310557 0.317655 0.313300 0.320116 0.317092 0.319917 0.319985 0.316406 0.320745 0.308486 0.319902 0.302934 0.316654 0.298189
2 0.573858 0.297014 0.571343 0.302693 0.571555 0.310322 0.573232 0.316189 0.575975 0.318651 0.579767 0.318452 0.582660 0.314940 0.583420 0.307021 0.582577 0.301468 0.579329 0.296723
1 0.224001 0.570327 0.220405 0.574190 0.217921 0.580215 0.217300 0.586387 0.217626 0.595538 0.220527 0.600808 0.225274 0.603386 0.229579 0.602068 0.233283 0.598213 0.235311 0.590300 0.234654 0.582782 0.232683 0.577650 0.230246 0.572480 0.227504 0.570189
3 0.916986 0.534510 0.915785 0.414488 0.951377 0.411947 0.953203 0.262673 0.978341 0.263651 0.977910 0.462712 0.955766 0.462934 0.955443 0.533277
3 0.140509 0.537102 0.139982 0.414105 0.176960 0.412847 0.177538 0.268099 0.202569 0.267245 0.204196 0.465208 0.181696 0.464856 0.182666 0.535349
3 0.400367 0.532847 0.399222 0.410431 0.437893 0.407678 0.439458 0.262500 0.464782 0.259049 0.466061 0.460950 0.442385 0.462494 0.441947 0.531540
3 0.662753 0.530133 0.660712 0.411201 0.699537 0.409062 0.700686 0.259309 0.727540 0.259256 0.727711 0.462076 0.704818 0.460706 0.704749 0.529930
3 0.844388 0.462543 0.823044 0.461128 0.823321 0.260677 0.848144 0.262046 0.848824 0.411275 0.884910 0.410667 0.885498 0.531949 0.846025 0.532462
3 0.070582 0.464080 0.047451 0.464600 0.051375 0.270169 0.075043 0.269912 0.072225 0.415012 0.110017 0.413116 0.109446 0.535489 0.070795 0.534214
3 0.324060 0.463568 0.301647 0.464074 0.301816 0.263783 0.329175 0.262961 0.327465 0.410935 0.366494 0.413549 0.366858 0.533620 0.324611 0.535079
3 0.587431 0.534140 0.587657 0.462658 0.563729 0.463514 0.564342 0.261864 0.591216 0.260211 0.590535 0.410838 0.629311 0.409108 0.628429 0.532333
1 0.277342 0.569656 0.273184 0.574433 0.269845 0.582307 0.269691 0.591391 0.271924 0.599734 0.275913 0.604611 0.280695 0.605755 0.284498 0.602959 0.287395 0.599040 0.289656 0.592583 0.290076 0.585151 0.288666 0.579104 0.286229 0.573934 0.282704 0.570623
1 0.484679 0.569958 0.480521 0.574735 0.477182 0.582609 0.477028 0.591693 0.479261 0.600036 0.483250 0.604913 0.488032 0.606056 0.491835 0.603260 0.494732 0.599342 0.496993 0.592885 0.497413 0.585453 0.496003 0.579406 0.493566 0.574236 0.490041 0.570925
1 0.540774 0.568462 0.536616 0.573239 0.533278 0.581113 0.533123 0.590197 0.535356 0.598539 0.539345 0.603417 0.544127 0.604560 0.547930 0.601764 0.550828 0.597846 0.553089 0.591389 0.553508 0.583956 0.552099 0.577910 0.549662 0.572740 0.546136 0.569429
1 0.745933 0.565291 0.741775 0.570069 0.738436 0.577943 0.738281 0.587027 0.740514 0.595369 0.744503 0.600247 0.749286 0.601390 0.753088 0.598594 0.755986 0.594676 0.758247 0.588219 0.758666 0.580786 0.757257 0.574739 0.754820 0.569570 0.751295 0.566259
