1 0.235262 0.563859 0.239296 0.568960 0.242435 0.577090 0.242362 0.586177 0.239923 0.594335 0.235816 0.598893 0.231010 0.599657 0.227281 0.596564 0.224484 0.592420 0.222387 0.585791 0.222153 0.578333 0.223712 0.572404 0.226276 0.567431 0.229881 0.564402
2 0.973014 0.279433 0.975385 0.285306 0.974982 0.292910 0.973161 0.298640 0.970358 0.300882 0.966575 0.300383 0.963772 0.296647 0.963212 0.288675 0.964193 0.283195 0.967556 0.278711
2 0.198695 0.296613 0.201065 0.302486 0.200662 0.310090 0.198841 0.315819 0.196038 0.318061 0.192255 0.317563 0.189453 0.313827 0.188892 0.305855 0.189873 0.300375 0.193236 0.295891
2 0.720280 0.280718 0.722650 0.286591 0.722248 0.294195 0.720426 0.299925 0.717624 0.302167 0.713840 0.301668 0.711038 0.297932 0.710477 0.289960 0.711458 0.284480 0.714821 0.279996
2 0.458152 0.286841 0.460522 0.292713 0.460120 0.300318 0.458298 0.306047 0.455496 0.308289 0.451712 0.307791 0.448910 0.304054 0.448349 0.296083 0.449330 0.290602 0.452693 0.286118
1 0.810868 0.550804 0.814364 0.554947 0.816694 0.561162 0.817161 0.567377 0.816606 0.576493 0.813576 0.581529 0.808770 0.583730 0.804503 0.582072 0.800898 0.577929 0.799070 0.569863 0.799914 0.562405 0.802011 0.557433 0.804575 0.552461 0.807372 0.550390
3 0.115987 0.533115 0.114223 0.411231 0.077758 0.412272 0.075536 0.267580 0.051195 0.268623 0.053301 0.464871 0.076516 0.463642 0.076816 0.533915
3 0.890026 0.511652 0.890031 0.392914 0.852976 0.392908 0.852093 0.244021 0.827252 0.244015 0.826686 0.357464 0.826252 0.444457 0.850098 0.443420 0.850290 0.510356
3 0.632759 0.517440 0.633353 0.396605 0.595210 0.397648 0.593147 0.247269 0.567127 0.247042 0.567555 0.450245 0.590472 0.451306 0.590664 0.518241
3 0.370211 0.526310 0.369975 0.402566 0.331242 0.404185 0.330250 0.254427 0.304555 0.254820 0.305332 0.458067 0.328513 0.455982 0.329511 0.526875
3 0.186494 0.460284 0.208750 0.459180 0.206895 0.262002 0.181775 0.262851 0.182720 0.408140 0.145713 0.410621 0.147404 0.532489 0.186976 0.530845
3 0.961308 0.441473 0.984044 0.440203 0.981685 0.247152 0.954232 0.250075 0.957055 0.392323 0.920960 0.394420 0.923069 0.513806 0.960847 0.511712
3 0.707179 0.447964 0.731170 0.445874 0.726860 0.244760 0.701486 0.246635 0.704106 0.395669 0.666242 0.396717 0.666378 0.517152 0.707897 0.515058
3 0.446123 0.525440 0.445434 0.453755 0.468728 0.452286 0.465946 0.250980 0.439850 0.251614 0.441398 0.400412 0.402704 0.401888 0.404609 0.526665
1 0.756885 0.549233 0.760919 0.554334 0.764058 0.562464 0.763986 0.571551 0.761546 0.579709 0.757439 0.584267 0.752633 0.585031 0.748904 0.581937 0.746107 0.577794 0.744010 0.571165 0.743777 0.563707 0.745336 0.557777 0.747899 0.552805 0.751504 0.549776
1 0.550745 0.558523 0.554779 0.563624 0.557918 0.571754 0.557845 0.580841 0.555406 0.588999 0.551299 0.593557 0.546493 0.594321 0.542764 0.591228 0.539967 0.587084 0.537869 0.580455 0.537636 0.572997 0.539195 0.567067 0.541759 0.562095 0.545364 0.559066
1 0.494928 0.559366 0.498962 0.564467 0.502101 0.572597 0.502028 0.581684 0.499589 0.589842 0.495482 0.594400 0.490676 0.595164 0.486947 0.592071 0.484150 0.587927 0.482052 0.581298 0.481819 0.573840 0.483378 0.567910 0.485942 0.562938 0.489547 0.559909
1 0.287645 0.562227 0.291680 0.567328 0.294818 0.575458 0.294746 0.584545 0.292307 0.592703 0.288200 0.597261 0.283393 0.598025 0.279664 0.594932 0.276868 0.590788 0.274770 0.584159 0.274537 0.576701 0.276096 0.570771 0.278660 0.565799 0.282264 0.562770
