1 0.724614 0.535109 0.720580 0.540209 0.717441 0.548339 0.717514 0.557427 0.719953 0.565585 0.724060 0.570142 0.728866 0.570907 0.732595 0.567813 0.735392 0.563670 0.737490 0.557040 0.737723 0.549582 0.736164 0.543653 0.733600 0.538681 0.729995 0.535652
2 0.049533 0.307492 0.047163 0.313365 0.047566 0.320969 0.049387 0.326698 0.052190 0.328940 0.055973 0.328442 0.058775 0.324706 0.059336 0.316734 0.058355 0.311254 0.054992 0.306770
2 0.805500 0.267932 0.803130 0.273805 0.803533 0.281409 0.805354 0.287138 0.808157 0.289380 0.811940 0.288882 0.814743 0.285145 0.815303 0.277174 0.814322 0.271694 0.810959 0.267210
2 0.297551 0.290228 0.295181 0.296101 0.295583 0.303705 0.297405 0.309434 0.300207 0.311676 0.303991 0.311178 0.306793 0.307441 0.307354 0.299470 0.306373 0.293990 0.303010 0.289506
2 0.552906 0.277257 0.550536 0.283130 0.550939 0.290734 0.552760 0.296463 0.555563 0.298705 0.559346 0.298207 0.562148 0.294470 0.562709 0.286499 0.561728 0.281018 0.558365 0.276535
1 0.216411 0.559495 0.212915 0.563638 0.210584 0.569853 0.210118 0.576068 0.210672 0.585184 0.213702 0.590220 0.218508 0.592420 0.222776 0.590763 0.226380 0.586620 0.228209 0.578554 0.227365 0.571096 0.225267 0.566124 0.222703 0.561152 0.219907 0.559080
3 0.893061 0.496212 0.888861 0.376403 0.924354 0.371053 0.922901 0.229040 0.946225 0.228837 0.952130 0.419673 0.930014 0.421644 0.931449 0.491943
3 0.135172 0.529410 0.133378 0.409787 0.168927 0.406152 0.165869 0.266060 0.192207 0.262951 0.196991 0.457908 0.174513 0.461473 0.174975 0.528609
3 0.387554 0.519100 0.383350 0.396896 0.421914 0.391091 0.420711 0.249723 0.445153 0.246372 0.450796 0.444182 0.426592 0.447595 0.429059 0.514510
3 0.643147 0.506258 0.640495 0.387605 0.678049 0.383449 0.675935 0.234640 0.702979 0.233023 0.706341 0.433137 0.683436 0.433578 0.685098 0.502739
3 0.819346 0.428242 0.797987 0.428514 0.796008 0.236303 0.822233 0.234097 0.822496 0.376674 0.858531 0.373217 0.862150 0.494332 0.821195 0.492511
3 0.064051 0.467066 0.045160 0.466466 0.042407 0.276740 0.067266 0.274877 0.068679 0.414706 0.103377 0.411967 0.105263 0.531055 0.066016 0.532833
3 0.311700 0.451303 0.288868 0.451160 0.287652 0.256697 0.313751 0.256925 0.314240 0.400066 0.351935 0.396369 0.355300 0.513873 0.313584 0.518668
3 0.569764 0.507528 0.569383 0.438195 0.546090 0.439892 0.543614 0.246376 0.568922 0.244699 0.570964 0.389345 0.609068 0.384553 0.610677 0.503533
1 0.268598 0.558373 0.264563 0.563474 0.261425 0.571604 0.261497 0.580692 0.263937 0.588850 0.268044 0.593407 0.272850 0.594172 0.276579 0.591078 0.279376 0.586935 0.281473 0.580305 0.281706 0.572847 0.280147 0.566918 0.277584 0.561946 0.273979 0.558916
1 0.470838 0.547572 0.466804 0.552673 0.463665 0.560803 0.463737 0.569890 0.466177 0.578048 0.470284 0.582606 0.475090 0.583370 0.478819 0.580277 0.481616 0.576133 0.483713 0.569504 0.483946 0.562046 0.482387 0.556116 0.479824 0.551144 0.476219 0.548115
1 0.523183 0.545189 0.519149 0.550290 0.516010 0.558420 0.516082 0.567507 0.518522 0.575665 0.522629 0.580223 0.527435 0.580987 0.531164 0.577894 0.533961 0.573750 0.536058 0.567121 0.536291 0.559663 0.534732 0.553733 0.532169 0.548761 0.528564 0.545732
1 0.775974 0.533746 0.771939 0.538847 0.768801 0.546977 0.768873 0.556064 0.771313 0.564222 0.775420 0.568780 0.780226 0.569544 0.783955 0.566450 0.786752 0.562307 0.788849 0.555678 0.789082 0.548220 0.787523 0.542290 0.784960 0.537318 0.781355 0.534289
