1 0.7736302998675453 0.5465519791474872 0.7695957566615088 0.5516528138078362 0.7664572511264296 0.5597827965337068 0.7665296937198595 0.568870240730272 0.7689690050291844 0.5770282002768161 0.7730759908286506 0.5815859107854353 0.7778821708538709 0.5823501920069842 0.7816112067245594 0.5792566505250804 0.7844079836275759 0.5751132773354264 0.7865055663048381 0.56848388023198 0.7867386310467563 0.5610258084906028 0.7851796204467597 0.5550962991923233 0.7826159082856614 0.5501242513647385 0.7790112732667461 0.5470951032992168
2 0.033466938726788915 0.2629299314461051 0.031096746146442613 0.26880283000648875 0.03149928431394398 0.27640686913303925 0.0333208736090211 0.2821363123859314 0.036123318678370514 0.2843782684414109 0.03990661952199223 0.2838800559846377 0.04270906459134166 0.2801434625588385 0.04326955360521156 0.27217206325046683 0.04228869783093924 0.26669172622596127 0.038925763747719944 0.2622078141150022
2 0.8086220590524705 0.2794893458022322 0.8062518664721243 0.2853622443626158 0.8066544046396257 0.29296628348916637 0.8084759939347027 0.29869572674205846 0.811278439004052 0.300937682797538 0.8150617398476738 0.3004394703407648 0.8178641849170234 0.2967028769149656 0.8184246739308932 0.2887314776065939 0.8174438181566208 0.28325114058208833 0.8140808840734016 0.2787672284711293
2 0.28480578349348773 0.2640927599909713 0.2824355909131414 0.2699656585513549 0.2828381290806428 0.2775696976779054 0.2846597183757199 0.28329914093079755 0.28746216344506936 0.2855410969862771 0.2912454642886911 0.2850428845295039 0.2940479093580405 0.2813062911037047 0.2946083983719104 0.273334891795333 0.293627542597638 0.2678545547708275 0.29026460851441876 0.26337064265986837
2 0.5488845333936352 0.269716907689973 0.546514340813289 0.27558980625035656 0.5469168789807903 0.2831938453769071 0.5487384682758674 0.2889232886297992 0.5515409133452167 0.29116524468527877 0.5553242141888385 0.29066703222850554 0.5581266592581879 0.28693043880270636 0.5586871482720579 0.27895903949433465 0.5577062924977855 0.2734787024698291 0.5543433584145663 0.26899479035887003
1 0.195264687875283 0.5358134693561277 0.19176871674651244 0.5399568425457817 0.1894380693273321 0.5461719023302627 0.18897193984349606 0.5523869621147437 0.18952624888239064 0.5615023831319824 0.19255609052732509 0.5665388243759492 0.19736227055254538 0.5687392978035403 0.2016298785004998 0.5670819485276785 0.20523451351941494 0.5629385753380247 0.20706281015804437 0.5548729860285361 0.2062187307454308 0.5474149142871588 0.20412114806816842 0.5424428664595741 0.20155743590707004 0.5374708186319893 0.19876065900405357 0.5353991320371624
3 0.8894474542275596 0.5158686791780405 0.8912116100532631 0.3939853806870306 0.9276768469805065 0.3975071504546614 0.9298985722237476 0.2503343837379058 0.9542398828178122 0.25137664634986334 0.9521335565295579 0.4476251353368274 0.9299656328772727 0.4476371837455215 0.9303632585866475 0.5166694672900899
3 0.11471047044876531 0.49490421000316737 0.11470564227195469 0.37616577196107165 0.15176054053336957 0.3761597477567244 0.15264408198754323 0.2272733409304233 0.17748440755153852 0.22726731672607609 0.1780508772966533 0.3407159719034453 0.17848524905486568 0.4277089529782588 0.15463898776430704 0.4266727145706485 0.15444695213951026 0.4936084244826075
3 0.37190928658728933 0.4987096593837686 0.3713147970763074 0.37787464770906354 0.40945837164182436 0.37891691032102087 0.4115212357643406 0.2285386478162546 0.4375408839966788 0.2283108391808271 0.43711289534669767 0.4315144023588602 0.4141964492395167 0.4325747375838593 0.41400441361472007 0.49951044749581824
3 0.63605914507339 0.5075794011901574 0.6366439782307508 0.38569610269914756 0.6753772141304392 0.3835935048621908 0.6756710942504411 0.23321524235742447 0.7034597264852935 0.23298743372199698 0.7030317378353128 0.43933585734894415 0.677756646391446 0.43725133212502904 0.6781542721008208 0.5062836156695976
3 0.8204740046453692 0.44667973820142715 0.7971708607841531 0.4443347572999402 0.800072987429195 0.2428155353433135 0.8255420054201479 0.24428475447350756 0.824596552430511 0.39453535335043866 0.8616041001511655 0.3945353533504388 0.8616572767218027 0.5139220506046276 0.819643224999743 0.5135190471874269
3 0.04482488991991194 0.42819323689410926 0.02344911813447573 0.4245040422244827 0.027168520396172288 0.23145321262196453 0.05099365464662817 0.23276353969163735 0.047716516076583476 0.37501151939875593 0.08471870242007483 0.377914467505446 0.08306315021002483 0.500526662655957 0.04528584376338927 0.49843265567748174
3 0.29755811969173895 0.43121582821764504 0.2735670166277659 0.42912609666461676 0.27787659910627666 0.22801244477932506 0.3032508789360228 0.22988723398085414 0.30063118010507855 0.37892112264378036 0.3384951791677436 0.37996940946008506 0.33835887941596765 0.5004043935305785 0.2968397508668734 0.49831038655210336
3 0.5601466403886237 0.5043506988410776 0.5604867942378299 0.4357668514822884 0.5364956911738568 0.43367711992926006 0.5396259509840247 0.23361175486027316 0.5667692148162852 0.2354865440618022 0.5659184999878552 0.38242385909211896 0.6049618217188627 0.3845204327247284 0.6030565379645729 0.5049554167952218
1 0.24924756265278267 0.5360138298681962 0.2452130194467462 0.5411146645285452 0.24207451391166707 0.5492446472544157 0.24214695650509693 0.558332091450981 0.2445862678144219 0.566490050997525 0.24869325361388803 0.5710477615061442 0.25349943363910826 0.5718120427276933 0.25722846950979683 0.5687185012457894 0.26002524641281327 0.5645751280561354 0.2621228290900756 0.5579457309526891 0.2623558938319937 0.5504876592113118 0.2607968832319971 0.5445581499130322 0.25823317107089877 0.5395861020854474 0.2546285360519836 0.5365569540199258
1 0.45615430933215195 0.5403980541596561 0.4521197661261155 0.545498888820005 0.4489812605910363 0.5536288715458756 0.4490537031844662 0.5627163157424409 0.45149301449379114 0.5708742752889849 0.45560000029325737 0.5754319857976041 0.4604061803184776 0.576196267019153 0.4641352161891661 0.5731027255372492 0.4669319930921826 0.5689593523475953 0.4690295757694449 0.5623299552441489 0.469262640511363 0.5548718835027716 0.4677036299113664 0.5489423742044921 0.4651399177502681 0.5439703263769073 0.46153528273135286 0.5409411783113857
1 0.5119713683675138 0.5416498048935486 0.5079368251614773 0.5467506395538976 0.5047983196263981 0.5548806222797681 0.5048707622198281 0.5639680664763334 0.507310073529153 0.5721260260228774 0.5114170593286191 0.5766837365314966 0.5162232393538394 0.5774480177530456 0.5199522752245279 0.5743544762711417 0.5227490521275444 0.5702111030814878 0.5248466348048066 0.5635817059780414 0.5250796995467248 0.5561236342366641 0.5235206889467282 0.5501941249383846 0.5209569767856299 0.5452220771107998 0.5173523417667147 0.5421929290452782
1 0.7190237884738303 0.5458736894397258 0.714989245267794 0.5509745241000747 0.7118507397327147 0.5591045068259453 0.7119231823261445 0.5681919510225106 0.7143624936354694 0.5763499105690546 0.7184694794349358 0.5809076210776739 0.7232756594601559 0.5816719022992228 0.7270046953308444 0.578578360817319 0.7298014722338609 0.574434987627665 0.7318990549111233 0.5678055905242186 0.7321321196530414 0.5603475187828414 0.7305731090530447 0.5544180094845618 0.7280093968919465 0.549445961656977 0.7244047618730312 0.5464168135914553
