1 0.772547 0.603329 0.768398 0.608131 0.765074 0.616025 0.764937 0.625110 0.767186 0.633439 0.771184 0.638293 0.775968 0.639407 0.779766 0.636589 0.782656 0.632653 0.784905 0.626182 0.785310 0.618747 0.783889 0.612709 0.781442 0.607554 0.777911 0.604264
2 0.033208 0.301617 0.030704 0.307312 0.030931 0.314939 0.032619 0.320796 0.035367 0.323241 0.039159 0.323019 0.042045 0.319491 0.042789 0.311567 0.041936 0.306019 0.038679 0.301294
2 0.809137 0.333864 0.806633 0.339559 0.806859 0.347186 0.808547 0.353043 0.811295 0.355488 0.815087 0.355266 0.817973 0.351737 0.818718 0.343814 0.817864 0.338266 0.814608 0.333541
2 0.285499 0.306084 0.282995 0.311778 0.283222 0.319405 0.284910 0.325263 0.287658 0.327708 0.291450 0.327486 0.294336 0.323957 0.295080 0.316033 0.294227 0.310486 0.290970 0.305761
2 0.549306 0.319126 0.546802 0.324821 0.547029 0.332448 0.548717 0.338306 0.551465 0.340750 0.555257 0.340529 0.558143 0.337000 0.558887 0.329076 0.558034 0.323529 0.554777 0.318803
1 0.195041 0.578214 0.191452 0.582099 0.188980 0.588138 0.188371 0.594314 0.188714 0.603462 0.191625 0.608716 0.196376 0.611265 0.200678 0.609921 0.204376 0.606044 0.206389 0.598119 0.205718 0.590605 0.203737 0.585484 0.201290 0.580329 0.198543 0.578055
3 0.887486 0.572811 0.891629 0.450320 0.928094 0.451667 0.929994 0.308544 0.954347 0.308945 0.950900 0.504300 0.929639 0.503566 0.927479 0.574920
3 0.113345 0.534873 0.115258 0.415424 0.151475 0.416565 0.151569 0.268309 0.177282 0.267933 0.177459 0.467807 0.153991 0.468803 0.154324 0.537319
3 0.371250 0.546892 0.372623 0.425306 0.411218 0.425420 0.413349 0.276570 0.438124 0.276653 0.438068 0.387460 0.438020 0.481520 0.415116 0.480158 0.413292 0.550765
3 0.634800 0.559225 0.636077 0.438081 0.674826 0.438808 0.676488 0.288424 0.702592 0.289354 0.701660 0.493559 0.675965 0.492594 0.676013 0.562438
3 0.819045 0.500495 0.795816 0.496451 0.799707 0.296661 0.825593 0.299215 0.824369 0.448696 0.861345 0.451397 0.858641 0.570687 0.816671 0.567218
3 0.042120 0.462558 0.022731 0.462869 0.026213 0.268411 0.051120 0.270157 0.047504 0.413760 0.084887 0.414092 0.082497 0.535654 0.040959 0.532772
3 0.296962 0.471801 0.274216 0.471796 0.278484 0.273073 0.303442 0.273774 0.300785 0.421240 0.339504 0.422120 0.337324 0.546995 0.296275 0.543400
3 0.558386 0.556600 0.559906 0.487319 0.535949 0.484977 0.541644 0.282910 0.566651 0.285114 0.564478 0.433516 0.603474 0.436964 0.600438 0.558778
1 0.249055 0.578814 0.244906 0.583616 0.241583 0.591510 0.241445 0.600596 0.243694 0.608925 0.247692 0.613778 0.252477 0.614893 0.256274 0.612074 0.259164 0.608138 0.261413 0.601668 0.261818 0.594233 0.260398 0.588195 0.257951 0.583040 0.254419 0.579750
1 0.456130 0.589056 0.451981 0.593858 0.448658 0.601752 0.448520 0.610837 0.450769 0.619166 0.454767 0.624020 0.459552 0.625135 0.463349 0.622316 0.466239 0.618380 0.468488 0.611909 0.468893 0.604475 0.467472 0.598436 0.465026 0.593281 0.461494 0.589992
1 0.511008 0.588590 0.506859 0.593392 0.503535 0.601286 0.503398 0.610371 0.505646 0.618700 0.509645 0.623554 0.514429 0.624668 0.518227 0.621849 0.521117 0.617914 0.523366 0.611443 0.523771 0.604008 0.522350 0.597970 0.519903 0.592815 0.516372 0.589525
1 0.716222 0.599353 0.712073 0.604155 0.708749 0.612050 0.708611 0.621135 0.710860 0.629464 0.714859 0.634317 0.719643 0.635432 0.723440 0.632613 0.726330 0.628677 0.728579 0.622207 0.728984 0.614772 0.727564 0.608734 0.725117 0.603579 0.721585 0.600289
