1 0.792942 0.435103 0.789583 0.441569 0.787451 0.450671 0.788572 0.459539 0.791902 0.466632 0.796448 0.469592 0.801240 0.468585 0.804532 0.464195 0.806790 0.459119 0.808077 0.451865 0.807443 0.444481 0.805232 0.439247 0.802148 0.435317 0.798271 0.433669
2 0.037002 0.506921 0.035361 0.513534 0.036634 0.520829 0.039079 0.525771 0.042081 0.526941 0.045726 0.525072 0.048037 0.520391 0.047664 0.512385 0.046071 0.507380 0.042261 0.504220
2 0.788204 0.161198 0.786563 0.167811 0.787836 0.175106 0.790281 0.180048 0.793283 0.181218 0.796928 0.179349 0.799238 0.174668 0.798866 0.166662 0.797273 0.161657 0.793463 0.158497
2 0.282574 0.390670 0.280933 0.397284 0.282206 0.404579 0.284651 0.409520 0.287653 0.410691 0.291298 0.408822 0.293609 0.404141 0.293236 0.396135 0.291643 0.391130 0.287833 0.387970
2 0.537370 0.273626 0.535729 0.280240 0.537001 0.287534 0.539446 0.292476 0.542448 0.293647 0.546093 0.291778 0.548404 0.287097 0.548031 0.279091 0.546438 0.274086 0.542629 0.270926
1 0.236745 0.693047 0.233803 0.698379 0.232240 0.705313 0.232502 0.711566 0.234098 0.720284 0.237645 0.724107 0.242603 0.724505 0.246588 0.721324 0.249637 0.715953 0.250494 0.707391 0.248806 0.700401 0.246179 0.696301 0.243095 0.692371 0.240119 0.691365
3 0.904362 0.354833 0.886407 0.239114 0.920525 0.220915 0.901409 0.075524 0.925894 0.065356 0.953326 0.258353 0.931909 0.268359 0.941438 0.336634
3 0.151088 0.697097 0.133370 0.578199 0.169010 0.560630 0.149318 0.420174 0.173444 0.408279 0.202715 0.599302 0.180873 0.608910 0.191675 0.676759
3 0.402906 0.579947 0.384670 0.461885 0.421741 0.442119 0.401065 0.295087 0.426507 0.282168 0.456477 0.481262 0.433761 0.493227 0.442996 0.560297
3 0.656297 0.463987 0.639989 0.348834 0.676262 0.331051 0.656637 0.182202 0.680908 0.170923 0.709693 0.369346 0.687327 0.378142 0.696946 0.445221
3 0.825417 0.318290 0.804546 0.326357 0.776770 0.132083 0.801005 0.122432 0.822541 0.266671 0.857408 0.250127 0.874945 0.367337 0.836785 0.385288
3 0.072507 0.659670 0.050175 0.670401 0.026774 0.480345 0.049662 0.469631 0.067233 0.611417 0.103573 0.592870 0.120140 0.711650 0.082525 0.727505
3 0.319390 0.548033 0.297753 0.558433 0.269895 0.364361 0.296279 0.351467 0.315325 0.495548 0.353493 0.480822 0.370645 0.596959 0.329929 0.617052
3 0.584282 0.496340 0.574621 0.428030 0.552021 0.438199 0.524980 0.242398 0.549866 0.231398 0.568884 0.375971 0.609206 0.357098 0.624437 0.477273
1 0.289014 0.669622 0.285655 0.676088 0.283523 0.685190 0.284644 0.694058 0.287974 0.701151 0.292520 0.704111 0.297312 0.703104 0.300604 0.698714 0.302863 0.693638 0.304149 0.686384 0.303516 0.679000 0.301305 0.673766 0.298221 0.669836 0.294343 0.668188
1 0.489636 0.576184 0.486277 0.582650 0.484145 0.591753 0.485266 0.600620 0.488596 0.607713 0.493142 0.610673 0.497934 0.609666 0.501226 0.605276 0.503484 0.600200 0.504771 0.592946 0.504137 0.585562 0.501926 0.580328 0.498842 0.576398 0.494965 0.574750
1 0.542764 0.551706 0.539405 0.558172 0.537273 0.567274 0.538394 0.576142 0.541724 0.583235 0.546270 0.586195 0.551062 0.585188 0.554354 0.580798 0.556612 0.575722 0.557899 0.568468 0.557265 0.561084 0.555054 0.555850 0.551970 0.551920 0.548093 0.550272
1 0.740876 0.460121 0.737516 0.466586 0.735384 0.475689 0.736505 0.484556 0.739836 0.491649 0.744382 0.494610 0.749174 0.493603 0.752466 0.489213 0.754724 0.484137 0.756011 0.476882 0.755377 0.469498 0.753166 0.464265 0.750082 0.460335 0.746204 0.458687
