1 0.790970 0.631131 0.786515 0.634970 0.782661 0.642062 0.781884 0.651045 0.783528 0.659809 0.787153 0.665515 0.791821 0.667687 0.795787 0.665736 0.798932 0.662475 0.801619 0.656556 0.802545 0.649271 0.801561 0.642963 0.799497 0.637304 0.796225 0.633253
2 0.070332 0.207922 0.067447 0.213015 0.067134 0.220632 0.068396 0.226819 0.070950 0.229857 0.074727 0.230482 0.077840 0.227624 0.079136 0.219928 0.078681 0.214234 0.075783 0.208820
2 0.839598 0.368902 0.836712 0.373995 0.836400 0.381612 0.837661 0.387799 0.840216 0.390837 0.843993 0.391462 0.847105 0.388603 0.848402 0.380908 0.847946 0.375214 0.845049 0.369800
2 0.322346 0.257828 0.319461 0.262920 0.319148 0.270538 0.320409 0.276725 0.322964 0.279763 0.326741 0.280387 0.329853 0.277529 0.331150 0.269834 0.330694 0.264140 0.327797 0.258726
2 0.583259 0.312291 0.580373 0.317383 0.580060 0.325000 0.581322 0.331188 0.583876 0.334225 0.587654 0.334850 0.590766 0.331992 0.592063 0.324296 0.591607 0.318603 0.588709 0.313189
1 0.218134 0.511160 0.214299 0.514215 0.211421 0.519656 0.210381 0.525648 0.210077 0.534800 0.212595 0.540661 0.217129 0.544249 0.221492 0.543873 0.225433 0.540850 0.227989 0.533436 0.227853 0.525832 0.226249 0.520310 0.224184 0.514651 0.221620 0.511783
3 0.907436 0.623442 0.914478 0.504056 0.949978 0.509250 0.962030 0.361486 0.986914 0.367907 0.972830 0.565389 0.950837 0.560809 0.945690 0.630557
3 0.137740 0.458013 0.145655 0.335821 0.182443 0.342590 0.192946 0.199047 0.217849 0.203626 0.205883 0.400465 0.183576 0.395237 0.179702 0.465414
3 0.394592 0.511850 0.401852 0.390100 0.440424 0.395752 0.451937 0.251997 0.477308 0.254062 0.464728 0.454733 0.441122 0.451132 0.435950 0.519568
3 0.655302 0.565011 0.661436 0.446524 0.700118 0.452818 0.708722 0.302529 0.734797 0.308124 0.724445 0.511545 0.701816 0.505223 0.696999 0.573915
3 0.840703 0.538514 0.819615 0.532482 0.833641 0.333587 0.858185 0.340327 0.848622 0.488590 0.884481 0.495811 0.876744 0.616314 0.837531 0.608265
3 0.073149 0.372444 0.050154 0.367945 0.067387 0.175816 0.090896 0.180692 0.078145 0.324097 0.115785 0.330410 0.106824 0.451746 0.068548 0.442099
3 0.324383 0.424651 0.302103 0.420293 0.316011 0.221534 0.343222 0.226650 0.331374 0.373149 0.369932 0.384205 0.362057 0.503459 0.320025 0.495747
3 0.582691 0.552319 0.585298 0.482791 0.562267 0.476560 0.575449 0.277233 0.600392 0.281932 0.591905 0.429915 0.630413 0.437638 0.622828 0.560275
1 0.272383 0.521373 0.267929 0.525213 0.264075 0.532304 0.263298 0.541287 0.264942 0.550052 0.268567 0.555758 0.273235 0.557929 0.277201 0.555979 0.280346 0.552718 0.283033 0.546799 0.283959 0.539513 0.282975 0.533206 0.280911 0.527547 0.277639 0.523496
1 0.477282 0.563176 0.472828 0.567016 0.468974 0.574108 0.468197 0.583091 0.469841 0.591855 0.473466 0.597561 0.478134 0.599733 0.482100 0.597782 0.485245 0.594521 0.487932 0.588602 0.488858 0.581317 0.487874 0.575009 0.485810 0.569350 0.482538 0.565299
1 0.530926 0.577467 0.526471 0.581307 0.522617 0.588398 0.521841 0.597381 0.523485 0.606145 0.527109 0.611852 0.531778 0.614023 0.535744 0.612072 0.538888 0.608811 0.541576 0.602893 0.542502 0.595607 0.541518 0.589300 0.539454 0.583640 0.536182 0.579590
1 0.735738 0.621216 0.731283 0.625056 0.727429 0.632148 0.726652 0.641131 0.728296 0.649895 0.731921 0.655601 0.736589 0.657773 0.740555 0.655822 0.743700 0.652561 0.746387 0.646642 0.747313 0.639356 0.746329 0.633049 0.744265 0.627390 0.740993 0.623339
