1 0.800170 0.502482 0.796368 0.508119 0.793590 0.516654 0.794055 0.525704 0.796840 0.533505 0.801132 0.537488 0.805957 0.537594 0.809541 0.534000 0.812150 0.529487 0.813955 0.522590 0.813865 0.515123 0.812054 0.509424 0.809283 0.504816 0.805559 0.502289
2 0.043390 0.400801 0.041280 0.406980 0.042010 0.414507 0.044074 0.419970 0.046965 0.421823 0.050716 0.420809 0.053348 0.416701 0.053563 0.408677 0.052348 0.403347 0.048801 0.399335
2 0.811782 0.227144 0.809673 0.233323 0.810403 0.240850 0.812467 0.246313 0.815358 0.248166 0.819108 0.247152 0.821741 0.243044 0.821955 0.235020 0.820740 0.229689 0.817194 0.225678
2 0.294733 0.341162 0.292624 0.347342 0.293354 0.354868 0.295417 0.360332 0.298309 0.362184 0.302059 0.361171 0.304692 0.357062 0.304906 0.349038 0.303691 0.343708 0.300144 0.339697
2 0.555331 0.282130 0.553222 0.288309 0.553952 0.295835 0.556016 0.301299 0.558907 0.303152 0.562657 0.302138 0.565290 0.298030 0.565504 0.290005 0.564289 0.284675 0.560742 0.280664
1 0.227971 0.631703 0.224665 0.636312 0.222609 0.642827 0.222413 0.649087 0.223360 0.658100 0.226599 0.662708 0.231486 0.664245 0.235669 0.662010 0.239084 0.657386 0.240558 0.649095 0.239394 0.641774 0.237088 0.637103 0.234317 0.632496 0.231439 0.630813
3 0.912154 0.445077 0.902789 0.326196 0.937946 0.316013 0.929593 0.167444 0.954613 0.163005 0.967740 0.360695 0.945775 0.365681 0.950244 0.435576
3 0.142740 0.614601 0.133842 0.492623 0.170462 0.483415 0.161179 0.339607 0.185968 0.333372 0.201063 0.529530 0.178705 0.534022 0.184467 0.603788
3 0.399312 0.556702 0.389839 0.435433 0.428039 0.424378 0.419706 0.279931 0.444608 0.271055 0.459627 0.471196 0.436230 0.477824 0.440497 0.546456
3 0.659537 0.496493 0.649413 0.378875 0.687807 0.368395 0.675765 0.218854 0.701829 0.213103 0.719384 0.414956 0.696565 0.418524 0.701211 0.487253
3 0.835868 0.391273 0.814584 0.394462 0.801209 0.195426 0.825943 0.191442 0.836780 0.339427 0.872559 0.331058 0.881402 0.451321 0.842254 0.460325
3 0.068446 0.559257 0.045520 0.564751 0.036175 0.370906 0.059651 0.365556 0.066734 0.510196 0.104120 0.500180 0.111887 0.621776 0.073432 0.628828
3 0.319345 0.502185 0.297132 0.507511 0.283660 0.308656 0.310762 0.301952 0.319141 0.449207 0.358061 0.443401 0.366600 0.562511 0.324763 0.573051
3 0.587349 0.515314 0.580444 0.446721 0.557248 0.450550 0.542995 0.251457 0.567840 0.245320 0.579682 0.392573 0.618100 0.383555 0.627379 0.505823
1 0.282004 0.618351 0.278202 0.623988 0.275424 0.632522 0.275889 0.641573 0.278674 0.649374 0.282966 0.653357 0.287791 0.653462 0.291375 0.649868 0.293985 0.645355 0.295790 0.638459 0.295700 0.630991 0.293889 0.625292 0.291118 0.620685 0.287393 0.618157
1 0.486525 0.571053 0.482723 0.576690 0.479945 0.585225 0.480410 0.594275 0.483195 0.602076 0.487487 0.606059 0.492312 0.606165 0.495896 0.602571 0.498506 0.598058 0.500310 0.591161 0.500220 0.583693 0.498410 0.577994 0.495639 0.573387 0.491914 0.570859
1 0.540524 0.561917 0.536722 0.567554 0.533944 0.576089 0.534409 0.585140 0.537193 0.592940 0.541485 0.596923 0.546310 0.597029 0.549895 0.593435 0.552504 0.588922 0.554309 0.582026 0.554219 0.574558 0.552408 0.568859 0.549637 0.564252 0.545912 0.561724
1 0.745224 0.516546 0.741422 0.522183 0.738644 0.530717 0.739109 0.539768 0.741894 0.547569 0.746185 0.551552 0.751010 0.551657 0.754595 0.548064 0.757204 0.543550 0.759009 0.536654 0.758919 0.529186 0.757108 0.523487 0.754337 0.518880 0.750612 0.516352
