2 0.006013 0.442359 0.004310 0.448923 0.005514 0.456254 0.007912 0.461268 0.010902 0.462528 0.014564 0.460767 0.016919 0.456156 0.016622 0.448140 0.015076 0.443088 0.011297 0.439816
2 0.768198 0.201761 0.766495 0.208325 0.767698 0.215657 0.770096 0.220671 0.773087 0.221930 0.776749 0.220170 0.779103 0.215559 0.778806 0.207543 0.777260 0.202491 0.773481 0.199218
2 0.253672 0.357830 0.251969 0.364393 0.253173 0.371725 0.255570 0.376739 0.258561 0.377999 0.262223 0.376238 0.264578 0.371627 0.264280 0.363611 0.262734 0.358559 0.258955 0.355286
2 0.512478 0.275551 0.510775 0.282115 0.511979 0.289446 0.514377 0.294460 0.517367 0.295720 0.521029 0.293959 0.523384 0.289348 0.523087 0.281332 0.521541 0.276281 0.517762 0.273008
1 0.192723 0.651479 0.189731 0.656723 0.188103 0.663609 0.188306 0.669869 0.189820 0.678634 0.193331 0.682561 0.198284 0.683107 0.202298 0.680045 0.205398 0.674765 0.206335 0.666231 0.204713 0.659191 0.202125 0.655013 0.199079 0.650992 0.196112 0.649898
3 0.874942 0.403830 0.863527 0.286080 0.899452 0.274908 0.887305 0.133297 0.912911 0.128058 0.928694 0.319224 0.906482 0.326838 0.912533 0.391782
3 0.110467 0.639960 0.097992 0.524190 0.133392 0.510544 0.117634 0.367381 0.142367 0.357606 0.165188 0.553155 0.142576 0.560367 0.150482 0.628173
3 0.364324 0.561834 0.351767 0.442315 0.389606 0.429077 0.374719 0.282558 0.399376 0.273184 0.420615 0.472733 0.397699 0.480892 0.404855 0.548780
3 0.623272 0.482598 0.611399 0.361661 0.649553 0.349747 0.636238 0.201165 0.660962 0.192530 0.679614 0.393175 0.656088 0.400512 0.663357 0.469086
3 0.796431 0.358920 0.775166 0.364631 0.758353 0.169271 0.782714 0.163252 0.795825 0.306026 0.832063 0.296909 0.843388 0.413791 0.803955 0.427696
3 0.031334 0.594985 0.012689 0.600660 0.000000 0.410323 0.020275 0.403154 0.032065 0.544683 0.068393 0.533094 0.080059 0.649684 0.039255 0.663804
3 0.283411 0.516177 0.260036 0.522578 0.242135 0.326186 0.267667 0.318770 0.280254 0.466349 0.318142 0.452221 0.330440 0.571951 0.289574 0.585329
3 0.549290 0.505177 0.542643 0.436025 0.518850 0.441922 0.501188 0.243582 0.526516 0.237762 0.539883 0.383527 0.577926 0.371938 0.589253 0.491413
1 0.245754 0.633535 0.242335 0.639900 0.240117 0.648938 0.241155 0.657837 0.244418 0.665029 0.248935 0.668124 0.253736 0.667259 0.257069 0.662968 0.259375 0.657960 0.260729 0.650745 0.260165 0.643343 0.258004 0.638045 0.254958 0.634024 0.251096 0.632260
1 0.449166 0.573385 0.445747 0.579750 0.443529 0.588788 0.444566 0.597687 0.447829 0.604879 0.452347 0.607974 0.457148 0.607109 0.460480 0.602818 0.462786 0.597810 0.464141 0.590595 0.463577 0.583193 0.461416 0.577894 0.458369 0.573874 0.454508 0.572110
1 0.505233 0.556861 0.501814 0.563225 0.499596 0.572263 0.500634 0.581163 0.503897 0.588354 0.508414 0.591449 0.513215 0.590585 0.516548 0.586294 0.518854 0.581285 0.520208 0.574070 0.519644 0.566669 0.517483 0.561370 0.514437 0.557349 0.510575 0.555586
1 0.708481 0.493828 0.705062 0.500192 0.702844 0.509231 0.703882 0.518130 0.707144 0.525321 0.711662 0.528416 0.716463 0.527552 0.719796 0.523261 0.722101 0.518252 0.723456 0.511038 0.722892 0.503636 0.720731 0.498337 0.717685 0.494316 0.713823 0.492553
1 0.760884 0.475753 0.757465 0.482117 0.755247 0.491156 0.756285 0.500055 0.759547 0.507246 0.764065 0.510341 0.768866 0.509477 0.772199 0.505186 0.774504 0.500177 0.775859 0.492963 0.775295 0.485561 0.773134 0.480262 0.770088 0.476241 0.766226 0.474478
