1 0.767749 0.438969 0.763715 0.433868 0.760576 0.425738 0.760649 0.416651 0.763088 0.408493 0.767195 0.403935 0.772001 0.403171 0.775730 0.406265 0.778527 0.410408 0.780624 0.417037 0.780857 0.424495 0.779298 0.430425 0.776735 0.435397 0.773130 0.438426
2 0.022442 0.661174 0.020072 0.655301 0.020474 0.647697 0.022296 0.641968 0.025098 0.639726 0.028881 0.640224 0.031684 0.643961 0.032244 0.651932 0.031263 0.657412 0.027901 0.661896
2 0.796955 0.711168 0.794585 0.705296 0.794988 0.697691 0.796809 0.691962 0.799612 0.689720 0.803395 0.690218 0.806197 0.693955 0.806758 0.701926 0.805777 0.707407 0.802414 0.711891
2 0.273938 0.679358 0.271568 0.673486 0.271971 0.665881 0.273792 0.660152 0.276595 0.657910 0.280378 0.658408 0.283181 0.662145 0.283741 0.670116 0.282760 0.675597 0.279397 0.680081
2 0.535876 0.697367 0.533505 0.691494 0.533908 0.683890 0.535729 0.678161 0.538532 0.675919 0.542315 0.676417 0.545118 0.680153 0.545678 0.688125 0.544697 0.693605 0.541334 0.698089
1 0.192940 0.401918 0.189444 0.397775 0.187114 0.391560 0.186648 0.385345 0.187202 0.376229 0.190232 0.371193 0.195038 0.368992 0.199306 0.370650 0.202910 0.374793 0.204739 0.382859 0.203895 0.390317 0.201797 0.395289 0.199233 0.400261 0.196436 0.402333
3 0.885944 0.477619 0.884170 0.599503 0.920046 0.605416 0.920498 0.749443 0.943660 0.751546 0.945682 0.553201 0.926462 0.548996 0.928039 0.481012
3 0.108848 0.432508 0.107074 0.554391 0.142950 0.556494 0.139116 0.704332 0.165136 0.706435 0.171444 0.508090 0.149366 0.503885 0.150943 0.435901
3 0.367259 0.449610 0.365486 0.571493 0.404219 0.573596 0.400385 0.723974 0.426405 0.727347 0.431284 0.525191 0.407778 0.520986 0.409355 0.453002
3 0.630145 0.463547 0.628371 0.585430 0.667104 0.587532 0.663271 0.737911 0.689290 0.741283 0.694169 0.539128 0.670663 0.534923 0.672240 0.466939
3 0.814651 0.475060 0.812345 0.544200 0.791401 0.544449 0.788996 0.741775 0.813286 0.742402 0.816468 0.596345 0.852886 0.596345 0.853528 0.476958 0.835101 0.475264
3 0.039356 0.428434 0.037927 0.497018 0.015780 0.498288 0.015780 0.691339 0.037927 0.692609 0.038642 0.550361 0.076506 0.550361 0.077935 0.430974 0.061975 0.429923
3 0.292837 0.444641 0.291408 0.513225 0.267417 0.515315 0.264651 0.713283 0.290025 0.714554 0.292123 0.566568 0.329987 0.566568 0.332799 0.447181 0.315456 0.446130
3 0.555124 0.460008 0.553695 0.528591 0.529704 0.530681 0.526938 0.728650 0.552312 0.729920 0.554410 0.581934 0.592274 0.581934 0.595086 0.462548 0.577743 0.461497
1 0.246190 0.406959 0.242155 0.401859 0.239017 0.393729 0.239089 0.384641 0.241528 0.376483 0.245635 0.371925 0.250442 0.371161 0.254171 0.374255 0.256967 0.378398 0.259065 0.385027 0.259298 0.392486 0.257739 0.398415 0.255175 0.403387 0.251571 0.406416
1 0.452920 0.417985 0.448885 0.412884 0.445747 0.404754 0.445819 0.395667 0.448258 0.387509 0.452365 0.382951 0.457171 0.382187 0.460901 0.385280 0.463697 0.389424 0.465795 0.396053 0.466028 0.403511 0.464469 0.409441 0.461905 0.414413 0.458301 0.417442
1 0.508003 0.424268 0.503969 0.419168 0.500830 0.411038 0.500903 0.401950 0.503342 0.393792 0.507449 0.389234 0.512255 0.388470 0.515984 0.391564 0.518781 0.395707 0.520878 0.402336 0.521111 0.409795 0.519552 0.415724 0.516989 0.420696 0.513384 0.423725
1 0.714433 0.435827 0.710398 0.430727 0.707260 0.422597 0.707332 0.413509 0.709772 0.405351 0.713879 0.400794 0.718685 0.400029 0.722414 0.403123 0.725211 0.407266 0.727308 0.413896 0.727541 0.421354 0.725982 0.427283 0.723418 0.432255 0.719814 0.435284
