2 0.029009 0.228973 0.026454 0.234595 0.026610 0.242228 0.028244 0.248133 0.030970 0.250657 0.034763 0.250545 0.037681 0.247100 0.038498 0.239199 0.037695 0.233628 0.034482 0.228808
2 0.801123 0.327655 0.798567 0.333277 0.798724 0.340910 0.800358 0.346815 0.803084 0.349339 0.806877 0.349227 0.809795 0.345782 0.810612 0.337881 0.809809 0.332310 0.806596 0.327491
2 0.280769 0.254880 0.278214 0.260502 0.278370 0.268135 0.280004 0.274040 0.282730 0.276564 0.286523 0.276452 0.289441 0.273007 0.290258 0.265106 0.289455 0.259535 0.286242 0.254716
2 0.543028 0.287825 0.540472 0.293447 0.540629 0.301079 0.542263 0.306985 0.544988 0.309509 0.548781 0.309397 0.551700 0.305952 0.552516 0.298051 0.551714 0.292479 0.548501 0.287660
1 0.181213 0.513038 0.177589 0.516818 0.175062 0.522786 0.174396 0.528943 0.174656 0.538100 0.177518 0.543437 0.182245 0.546123 0.186560 0.544903 0.190292 0.541134 0.192377 0.533268 0.191775 0.525736 0.189841 0.520558 0.187442 0.515333 0.184716 0.512980
3 0.876769 0.570057 0.881928 0.450922 0.918298 0.455737 0.926035 0.313150 0.951583 0.319224 0.940542 0.511438 0.917957 0.509146 0.914875 0.574747
3 0.103050 0.466045 0.106909 0.348370 0.143110 0.350557 0.147561 0.204894 0.172887 0.206188 0.168066 0.405717 0.145149 0.402861 0.143470 0.472044
3 0.359937 0.500860 0.364233 0.379514 0.402743 0.383159 0.408500 0.234621 0.433698 0.236271 0.426791 0.438990 0.403450 0.436920 0.401032 0.505855
3 0.621914 0.536816 0.627068 0.414393 0.665701 0.419460 0.673267 0.269606 0.698427 0.272002 0.688861 0.474656 0.665041 0.471523 0.662639 0.541174
3 0.806839 0.492321 0.785435 0.488596 0.796056 0.291868 0.820504 0.296642 0.813541 0.440775 0.849931 0.447719 0.844803 0.565971 0.804657 0.562279
3 0.032526 0.387976 0.013667 0.385358 0.022498 0.193005 0.048239 0.197174 0.040167 0.339525 0.076985 0.344111 0.072228 0.462229 0.030722 0.458147
3 0.287782 0.421355 0.264237 0.417380 0.273945 0.219177 0.299720 0.223106 0.291588 0.371671 0.330267 0.374474 0.325692 0.495911 0.284228 0.491083
3 0.547074 0.526486 0.550160 0.456546 0.526279 0.451902 0.536486 0.251913 0.561845 0.257301 0.554718 0.404446 0.593199 0.409779 0.587717 0.530546
1 0.235100 0.518737 0.230908 0.523418 0.227513 0.531215 0.227292 0.540295 0.229464 0.548688 0.233418 0.553657 0.238191 0.554909 0.242014 0.552201 0.244940 0.548349 0.247248 0.541944 0.247721 0.534522 0.246355 0.528443 0.243956 0.523218 0.240455 0.519827
1 0.440602 0.549010 0.436410 0.553691 0.433015 0.561488 0.432794 0.570568 0.434966 0.578961 0.438920 0.583930 0.443693 0.585182 0.447516 0.582474 0.450442 0.578622 0.452750 0.572217 0.453223 0.564795 0.451857 0.558717 0.449458 0.553491 0.445957 0.550100
1 0.497238 0.557407 0.493046 0.562089 0.489651 0.569886 0.489430 0.578966 0.491602 0.587359 0.495556 0.592327 0.500329 0.593580 0.504152 0.590871 0.507078 0.587019 0.509386 0.580615 0.509859 0.573193 0.508493 0.567114 0.506094 0.561889 0.502593 0.558498
1 0.702979 0.584814 0.698787 0.589496 0.695391 0.597293 0.695171 0.606372 0.697343 0.614765 0.701296 0.619734 0.706070 0.620987 0.709893 0.618278 0.712818 0.614426 0.715126 0.608021 0.715599 0.600599 0.714234 0.594521 0.711835 0.589296 0.708334 0.585904
1 0.756276 0.590112 0.752083 0.594794 0.748688 0.602591 0.748467 0.611671 0.750640 0.620064 0.754593 0.625032 0.759367 0.626285 0.763189 0.623576 0.766115 0.619725 0.768423 0.613320 0.768896 0.605898 0.767531 0.599819 0.765131 0.594594 0.761630 0.591203
