1 0.7794510946246942 0.5497684208381777 0.7754165514186577 0.5548692554985266 0.7722780458835785 0.5629992382243972 0.7723504884770084 0.5720866824209625 0.7747897997863333 0.5802446419675066 0.7788967855857996 0.5848023524761258 0.7837029656110198 0.5855666336976747 0.7874320014817083 0.5824730922157708 0.7902287783847248 0.5783297190261169 0.7923263610619871 0.5717003219226705 0.7925594258039053 0.5642422501812933 0.7910004152039086 0.5583127408830137 0.7884367030428103 0.553340693055429 0.784832068023895 0.5503115449899073
2 0.050206354414312544 0.3544445307274162 0.047836161833966245 0.36031742928779986 0.04823870000146762 0.36792146841435036 0.050060289296544734 0.37365091166724246 0.05286273436589415 0.375892867722722 0.056646035209515874 0.37539465526594884 0.05944848027886529 0.3716580618401496 0.06000896929273519 0.36368666253177795 0.05902811351846287 0.3582063255072724 0.055665179435243586 0.3537224133963133
2 0.80233993280654 0.2841683647024876 0.7999697402261938 0.29004126326287116 0.8003722783936952 0.29764530238942166 0.8021938676887723 0.3033747456423138 0.8049963127581217 0.30561670169779337 0.8087796136017434 0.30511848924102014 0.8115820586710929 0.30138189581522096 0.8121425476849627 0.29341049650684925 0.8111616919106903 0.28793015948234374 0.8077987578274711 0.28344624737138463
2 0.29571881040459674 0.3303645880769488 0.2933486178242504 0.3362374866373324 0.2937511559917518 0.3438415257638828 0.29557274528682886 0.349570969016775 0.2983751903561783 0.3518129250722545 0.30215849119980004 0.3513147126154813 0.30496093626914944 0.34757811918968207 0.30552142528301934 0.3396067198813104 0.304540569508747 0.33412638285680496 0.3011776354255277 0.32964247074584585
2 0.5503497615163072 0.30677963742973163 0.547979568935961 0.3126525359901152 0.5483821071034624 0.3202565751166658 0.5502036963985395 0.32598601836955793 0.5530061414678888 0.3282279744250375 0.5567894423115106 0.32772976196826425 0.5595918873808601 0.32399316854246507 0.5601523763947299 0.3160217692340933 0.5591715206204575 0.3105414322095878 0.5558085865372383 0.3060575200986287
1 0.21769338133737726 0.6022155539715995 0.2141974102086067 0.6063589271612535 0.21186676278942634 0.6125739869457345 0.2114006333055903 0.6187890467302154 0.2119549423444849 0.6279044677474542 0.21498478398941934 0.632940908991421 0.21979096401463963 0.635141382419012 0.22405857196259404 0.6334840331431503 0.22766320698150916 0.6293406599534965 0.2294915036201386 0.6212750706440078 0.22864742420752504 0.6138169989026305 0.22654984153026267 0.6088449510750459 0.2239861293691643 0.6038729032474611 0.22118935246614782 0.6018012166526342
3 0.8912844149500662 0.5077115411827237 0.8870851483948359 0.38790282860417624 0.922578061191621 0.38255300698616346 0.9206713289996112 0.23328219446604087 0.9458092994657317 0.23227333105644044 0.9503533721152333 0.4311725980331756 0.9282374051214323 0.4331434050705675 0.9296725078083833 0.5034424278827603
3 0.13457419319563424 0.5811839277698869 0.1309744659969171 0.4583506062479129 0.16788450740937638 0.4541730411169577 0.16484424128483569 0.30952170287141373 0.18982942369778663 0.3066916616725669 0.19640178067337694 0.5043310947556278 0.1739154332055757 0.5057561085725644 0.17664585619438092 0.5761028862532679
3 0.38807297169024074 0.5553598058446668 0.3838689288520061 0.43315545641247577 0.4224338438740549 0.4273510302370016 0.4191895225664154 0.27590287457731977 0.4455815468594919 0.27255181183158916 0.4519053561636766 0.47834518139091825 0.4282910859923875 0.48175790720034145 0.42957843738349993 0.5507702907415165
3 0.641203704863369 0.5281293255483729 0.6385513607542148 0.40947622898580444 0.6761052739855602 0.40532047768022733 0.674100550205273 0.2524796715892304 0.6991570845178353 0.2503056573033204 0.7043974636068393 0.4550086112440394 0.6814923279628735 0.4554488658988206 0.6831539750418439 0.524609911086905
3 0.8188363642492479 0.4441631184989779 0.7974778686489482 0.4444351979216629 0.792744904133193 0.2441607275125136 0.8175780741297562 0.24356709067569748 0.8219865879039314 0.3925949257252981 0.8580218114941277 0.3891377732614465 0.8616401765431118 0.5102530467475611 0.8222189891689409 0.5138833878715207
3 0.06494318747692077 0.5127096110156681 0.041847512796070845 0.5150560266272727 0.04090870600723244 0.3205070976237525 0.06454699725357965 0.31838082137096124 0.06535753820600829 0.4635597658907177 0.10306548666780886 0.45868088909237964 0.10555343990536079 0.5809784436690463 0.06690795217855115 0.5827567405013755
3 0.3112059860143176 0.4904786381316785 0.28882781635199434 0.492754443138141 0.28399122123419474 0.29264736424038307 0.31130280594409465 0.289665090468952 0.3132924684791976 0.4376288784901953 0.35234806048698064 0.4371572520801199 0.3557131513325207 0.5570808097337512 0.31354420330155225 0.5618752053714787
3 0.5693447785756913 0.5376833365072705 0.5677842049524563 0.46730215263167557 0.5444909259525916 0.4689993834099241 0.5406541388735866 0.26749944659408426 0.5662803617573586 0.2658229829259903 0.5681853255912088 0.4142583973573094 0.6098280419610191 0.41051485519002123 0.6108467577466491 0.5336885147754871
1 0.2703751282561441 0.5962834366082853 0.26634058505010766 0.6013842712686341 0.2632020795150285 0.6095142539945048 0.26327452210845836 0.6186016981910699 0.2657138334177833 0.6267596577376141 0.2698208192172495 0.6313173682462332 0.2746269992424697 0.6320816494677822 0.27835603511315826 0.6289881079858783 0.28115281201617476 0.6248447347962245 0.28325039469343705 0.618215337692778 0.28348345943535513 0.6107572659514008 0.28192444883535855 0.6048277566531213 0.2793607366742602 0.5998557088255365 0.27575610165534503 0.5968265607600148
1 0.4716182650488052 0.5781118161395695 0.4675837218427688 0.5832126507999184 0.4644452163076896 0.5913426335257891 0.4645176589011195 0.6004300777223542 0.46695697021044447 0.6085880372688984 0.47106395600991063 0.6131457477775175 0.47587013603513084 0.6139100289990664 0.4795991719058194 0.6108164875171627 0.48239594880883585 0.6066731143275087 0.48449353148609814 0.6000437172240622 0.4847265962280163 0.592585645482685 0.48316758562801965 0.5866561361844055 0.4806038734669214 0.5816840883568208 0.4769992384480062 0.5786549402912992
1 0.5258519961739085 0.5735596555818642 0.5218174529678721 0.578660490242213 0.5186789474327929 0.5867904729680836 0.5187513900262227 0.5958779171646488 0.5211907013355477 0.604035876711193 0.5252976871350139 0.608593587219812 0.5301038671602342 0.6093578684413611 0.5338329030309227 0.6062643269594572 0.5366296799339392 0.6021209537698033 0.5387272626112014 0.5954915566663569 0.5389603273531196 0.5880334849249796 0.5374013167531229 0.5821039756267001 0.5348376045920247 0.5771319277991154 0.5312329695731094 0.5741027797335937
1 0.7267837316315263 0.5562846662169687 0.7227491884254899 0.5613855008773176 0.7196106828904106 0.5695154836031882 0.7196831254838405 0.5786029277997534 0.7221224367931655 0.5867608873462975 0.7262294225926317 0.5913185978549168 0.7310356026178519 0.5920828790764657 0.7347646384885403 0.5889893375945617 0.737561415391557 0.5848459644049079 0.7396589980688192 0.5782165673014615 0.7398920628107374 0.5707584955600843 0.7383330522107407 0.5648289862618047 0.7357693400496425 0.5598569384342199 0.7321647050307272 0.5568277903686982
