2 0.021048 0.722605 0.018677 0.716732 0.019080 0.709128 0.020902 0.703398 0.023704 0.701156 0.027487 0.701654 0.030290 0.705391 0.030850 0.713362 0.029869 0.718843 0.026506 0.723327
2 0.795073 0.702735 0.792703 0.696862 0.793106 0.689258 0.794927 0.683529 0.797730 0.681287 0.801513 0.681785 0.804316 0.685521 0.804876 0.693493 0.803895 0.698973 0.800532 0.703457
2 0.273229 0.722385 0.270859 0.716512 0.271261 0.708908 0.273083 0.703179 0.275886 0.700937 0.279669 0.701435 0.282471 0.705172 0.283032 0.713143 0.282051 0.718623 0.278688 0.723107
2 0.536118 0.716209 0.533748 0.710336 0.534151 0.702732 0.535972 0.697003 0.538775 0.694761 0.542558 0.695259 0.545360 0.698996 0.545921 0.706967 0.544940 0.712447 0.541577 0.716931
1 0.182157 0.454511 0.178661 0.450367 0.176330 0.444152 0.175864 0.437937 0.176418 0.428822 0.179448 0.423785 0.184254 0.421585 0.188522 0.423242 0.192126 0.427386 0.193955 0.435451 0.193111 0.442909 0.191013 0.447881 0.188449 0.452853 0.185652 0.454925
3 0.878408 0.468438 0.879719 0.587902 0.916184 0.586799 0.919313 0.729940 0.945015 0.726479 0.940187 0.533456 0.917566 0.533444 0.916602 0.467637
3 0.102608 0.493465 0.102667 0.611340 0.138880 0.612844 0.138629 0.758721 0.163954 0.760009 0.165572 0.560316 0.142601 0.560833 0.143155 0.491592
3 0.360195 0.484874 0.360572 0.606458 0.399137 0.606742 0.400097 0.755622 0.425307 0.756542 0.424945 0.553453 0.401575 0.553141 0.401383 0.484073
3 0.622900 0.475663 0.624100 0.598410 0.662833 0.597287 0.665556 0.747665 0.690752 0.747836 0.687734 0.544541 0.663852 0.545242 0.663699 0.475461
3 0.806087 0.538922 0.784598 0.540460 0.788861 0.737948 0.813423 0.735672 0.811117 0.591066 0.847671 0.587841 0.846363 0.469260 0.806164 0.468857
3 0.029683 0.564221 0.010771 0.564914 0.013388 0.757850 0.039221 0.756310 0.035750 0.613371 0.072656 0.612543 0.071714 0.494135 0.030144 0.493981
3 0.285596 0.556899 0.261961 0.558469 0.265265 0.757335 0.291125 0.756037 0.287794 0.606889 0.326500 0.608030 0.325846 0.486327 0.284295 0.486923
3 0.547851 0.478352 0.548677 0.548492 0.524685 0.550696 0.528431 0.751396 0.553921 0.748600 0.551548 0.600971 0.590138 0.599566 0.588557 0.478439
1 0.236139 0.454310 0.232105 0.449210 0.228966 0.441080 0.229039 0.431992 0.231478 0.423834 0.235585 0.419277 0.240391 0.418512 0.244120 0.421606 0.246917 0.425749 0.249015 0.432379 0.249248 0.439837 0.247689 0.445766 0.245125 0.450738 0.241520 0.453767
1 0.442280 0.445020 0.438245 0.439919 0.435107 0.431789 0.435179 0.422702 0.437618 0.414544 0.441725 0.409986 0.446531 0.409222 0.450260 0.412316 0.453057 0.416459 0.455155 0.423088 0.455388 0.430546 0.453829 0.436476 0.451265 0.441448 0.447661 0.444477
1 0.499093 0.442406 0.495059 0.437305 0.491920 0.429175 0.491993 0.420087 0.494432 0.411930 0.498539 0.407372 0.503345 0.406608 0.507074 0.409701 0.509871 0.413844 0.511968 0.420474 0.512201 0.427932 0.510642 0.433861 0.508079 0.438833 0.504474 0.441863
1 0.705379 0.436001 0.701344 0.430901 0.698206 0.422771 0.698278 0.413683 0.700718 0.405525 0.704825 0.400967 0.709631 0.400203 0.713360 0.403297 0.716157 0.407440 0.718254 0.414070 0.718487 0.421528 0.716928 0.427457 0.714365 0.432429 0.710760 0.435458
1 0.758759 0.436141 0.754724 0.431040 0.751586 0.422910 0.751658 0.413823 0.754098 0.405665 0.758205 0.401107 0.763011 0.400343 0.766740 0.403436 0.769537 0.407580 0.771634 0.414209 0.771867 0.421667 0.770308 0.427596 0.767745 0.432569 0.764140 0.435598
