1 0.761916 0.616147 0.757574 0.620376 0.753923 0.627800 0.753399 0.636840 0.755286 0.645448 0.759066 0.650827 0.763789 0.652583 0.767696 0.650284 0.770745 0.646749 0.773264 0.640600 0.773985 0.633241 0.772825 0.627028 0.770605 0.621559 0.767224 0.617803
2 0.036280 0.240878 0.033540 0.246219 0.033441 0.253854 0.034874 0.259923 0.037511 0.262730 0.041301 0.263020 0.044329 0.259891 0.045409 0.252090 0.044795 0.246443 0.041749 0.241293
2 0.808785 0.351864 0.806046 0.357205 0.805947 0.364841 0.807380 0.370909 0.810016 0.373717 0.813806 0.374007 0.816835 0.370877 0.817914 0.363076 0.817300 0.357430 0.814254 0.352279
2 0.287253 0.274980 0.284513 0.280321 0.284414 0.287956 0.285847 0.294025 0.288483 0.296833 0.292273 0.297122 0.295302 0.293993 0.296382 0.286192 0.295767 0.280545 0.292722 0.275395
2 0.548583 0.311422 0.545843 0.316763 0.545744 0.324399 0.547177 0.330467 0.549813 0.333275 0.553604 0.333564 0.556632 0.330435 0.557712 0.322634 0.557097 0.316988 0.554052 0.311837
1 0.188601 0.533726 0.184857 0.537116 0.182134 0.542805 0.181263 0.548881 0.181216 0.558049 0.183894 0.563679 0.188523 0.566862 0.192870 0.566101 0.196722 0.562733 0.199068 0.555102 0.198719 0.547520 0.196962 0.542147 0.194742 0.536677 0.192100 0.534039
3 0.881840 0.602275 0.888077 0.480856 0.924095 0.482425 0.933997 0.339474 0.957138 0.342190 0.946130 0.539600 0.926765 0.539790 0.923870 0.607637
3 0.107090 0.485903 0.113327 0.364484 0.149096 0.369837 0.154990 0.222213 0.180970 0.225522 0.174218 0.423821 0.152016 0.423418 0.149121 0.491265
3 0.364859 0.522515 0.371096 0.401096 0.409703 0.407041 0.415764 0.256895 0.441827 0.258942 0.433406 0.460728 0.409785 0.460030 0.406889 0.527876
3 0.626864 0.563198 0.633101 0.441779 0.671708 0.447724 0.677769 0.297577 0.703832 0.299624 0.695411 0.501411 0.671790 0.500712 0.668894 0.568559
3 0.810866 0.590030 0.813113 0.520884 0.792328 0.516293 0.802889 0.319816 0.827054 0.324231 0.820629 0.469951 0.856798 0.477504 0.849602 0.596209 0.831189 0.594069
3 0.037805 0.475537 0.040887 0.407125 0.018975 0.401270 0.031644 0.209537 0.053723 0.212870 0.045097 0.354294 0.082703 0.362148 0.076287 0.481015 0.060367 0.478749
3 0.290619 0.512014 0.293700 0.443602 0.270010 0.436551 0.280255 0.239360 0.305539 0.243361 0.297911 0.390771 0.335516 0.398625 0.330474 0.517779 0.313181 0.515226
3 0.552123 0.551152 0.555205 0.482741 0.531515 0.475689 0.541759 0.278499 0.567043 0.282500 0.559415 0.429910 0.597020 0.437763 0.591978 0.556918 0.574685 0.554365
1 0.241817 0.539763 0.237475 0.543992 0.233825 0.551416 0.233300 0.560456 0.235188 0.569065 0.238968 0.574443 0.243691 0.576199 0.247597 0.573900 0.250647 0.570365 0.253165 0.564216 0.253886 0.556857 0.252727 0.550645 0.250507 0.545175 0.247126 0.541419
1 0.447859 0.571690 0.443517 0.575919 0.439867 0.583343 0.439342 0.592383 0.441229 0.600991 0.445009 0.606370 0.449732 0.608126 0.453639 0.605827 0.456689 0.602292 0.459207 0.596143 0.459928 0.588784 0.458769 0.582572 0.456549 0.577102 0.453167 0.573346
1 0.502979 0.576874 0.498637 0.581104 0.494986 0.588527 0.494462 0.597567 0.496349 0.606176 0.500129 0.611554 0.504852 0.613310 0.508759 0.611011 0.511808 0.607476 0.514327 0.601327 0.515048 0.593968 0.513888 0.587756 0.511668 0.582286 0.508287 0.578530
1 0.708757 0.608209 0.704416 0.612438 0.700765 0.619862 0.700240 0.628902 0.702128 0.637510 0.705908 0.642889 0.710631 0.644645 0.714537 0.642346 0.717587 0.638811 0.720105 0.632662 0.720826 0.625303 0.719667 0.619091 0.717447 0.613621 0.714066 0.609865
