1 0.794887 0.553486 0.790806 0.558468 0.787592 0.566505 0.787580 0.575593 0.789944 0.583822 0.794008 0.588499 0.798806 0.589404 0.802564 0.586420 0.805398 0.582359 0.807557 0.575792 0.807859 0.568342 0.806355 0.562368 0.803838 0.557321 0.800262 0.554187
2 0.050583 0.325533 0.048159 0.331336 0.048491 0.338950 0.050259 0.344732 0.053040 0.347056 0.056828 0.346669 0.059664 0.343015 0.060299 0.335061 0.059369 0.329553 0.056048 0.324971
2 0.824737 0.280022 0.822312 0.285825 0.822644 0.293440 0.824412 0.299222 0.827194 0.301546 0.830981 0.301158 0.833818 0.297504 0.834452 0.289550 0.833522 0.284042 0.830201 0.279460
2 0.303960 0.307824 0.301535 0.313626 0.301867 0.321241 0.303635 0.327023 0.306417 0.329347 0.310204 0.328960 0.313041 0.325306 0.313675 0.317352 0.312745 0.311843 0.309424 0.307262
2 0.566519 0.292252 0.564094 0.298055 0.564426 0.305670 0.566195 0.311452 0.568976 0.313775 0.572763 0.313388 0.575600 0.309734 0.576234 0.301780 0.575304 0.296272 0.571983 0.291690
1 0.219961 0.584600 0.216427 0.588641 0.214039 0.594787 0.213516 0.600987 0.213985 0.610118 0.216968 0.615242 0.221753 0.617583 0.226036 0.616051 0.229678 0.612014 0.231581 0.604003 0.230806 0.596521 0.228755 0.591488 0.226238 0.586442 0.223460 0.584289
3 0.913239 0.513646 0.910151 0.393731 0.945688 0.389421 0.945165 0.240115 0.970309 0.239842 0.973009 0.438848 0.950878 0.440170 0.951662 0.510502
3 0.138285 0.554872 0.135824 0.431950 0.172768 0.428854 0.171069 0.284134 0.196077 0.282036 0.200817 0.479841 0.178320 0.480607 0.180398 0.551024
3 0.396777 0.539762 0.393706 0.417451 0.432319 0.412777 0.431600 0.267578 0.456859 0.262870 0.461314 0.464628 0.437671 0.467348 0.438319 0.536389
3 0.659026 0.522957 0.655115 0.404174 0.693892 0.400105 0.689747 0.249219 0.715999 0.247813 0.722889 0.451698 0.699983 0.451467 0.701003 0.520667
3 0.840108 0.447430 0.818749 0.447076 0.815873 0.246690 0.840708 0.246824 0.843735 0.395961 0.879798 0.393560 0.882293 0.514765 0.842844 0.517240
3 0.067218 0.487452 0.044104 0.489122 0.044968 0.294572 0.068623 0.293138 0.068088 0.438321 0.105836 0.434547 0.107190 0.556901 0.068533 0.557547
3 0.320018 0.472225 0.297622 0.473845 0.294640 0.273624 0.321976 0.271442 0.322594 0.419444 0.361649 0.420116 0.363902 0.540122 0.321694 0.543681
3 0.586165 0.529728 0.582888 0.460290 0.559592 0.460257 0.555845 0.259668 0.580903 0.257677 0.584970 0.406252 0.623694 0.403642 0.626519 0.526915
1 0.274447 0.581627 0.270366 0.586609 0.267152 0.594646 0.267140 0.603734 0.269504 0.611962 0.273568 0.616640 0.278366 0.617545 0.282124 0.614561 0.284958 0.610500 0.287117 0.603933 0.287419 0.596482 0.285915 0.590508 0.283398 0.585462 0.279822 0.582327
1 0.482857 0.568509 0.478776 0.573491 0.475562 0.581528 0.475550 0.590617 0.477914 0.598845 0.481978 0.603522 0.486776 0.604427 0.490534 0.601443 0.493368 0.597382 0.495527 0.590815 0.495829 0.583365 0.494325 0.577391 0.491808 0.572344 0.488232 0.569210
1 0.537099 0.568366 0.533018 0.573348 0.529805 0.581385 0.529793 0.590473 0.532156 0.598701 0.536220 0.603379 0.541019 0.604284 0.544776 0.601300 0.547611 0.597239 0.549769 0.590672 0.550072 0.583222 0.548568 0.577247 0.546051 0.572201 0.542474 0.569067
1 0.743287 0.557129 0.739206 0.562111 0.735993 0.570148 0.735981 0.579236 0.738344 0.587464 0.742408 0.592142 0.747207 0.593047 0.750964 0.590063 0.753799 0.586002 0.755958 0.579435 0.756260 0.571984 0.754756 0.566010 0.752239 0.560964 0.748662 0.557829
