1 0.799175 0.543479 0.795141 0.548580 0.792002 0.556710 0.792075 0.565797 0.794514 0.573955 0.798621 0.578513 0.803427 0.579277 0.807156 0.576183 0.809953 0.572040 0.812051 0.565411 0.812284 0.557953 0.810725 0.552023 0.808161 0.547051 0.804556 0.544022
2 0.052860 0.342809 0.050490 0.348681 0.050892 0.356285 0.052714 0.362015 0.055516 0.364257 0.059300 0.363759 0.062102 0.360022 0.062662 0.352051 0.061682 0.346570 0.058319 0.342086
2 0.826487 0.273266 0.824116 0.279139 0.824519 0.286743 0.826340 0.292473 0.829143 0.294715 0.832926 0.294216 0.835729 0.290480 0.836289 0.282508 0.835308 0.277028 0.831945 0.272544
2 0.306038 0.317680 0.303668 0.323553 0.304070 0.331157 0.305892 0.336887 0.308694 0.339129 0.312478 0.338630 0.315280 0.334894 0.315840 0.326922 0.314860 0.321442 0.311497 0.316958
2 0.567650 0.294420 0.565280 0.300293 0.565683 0.307897 0.567504 0.313627 0.570307 0.315869 0.574090 0.315370 0.576893 0.311634 0.577453 0.303662 0.576472 0.298182 0.573109 0.293698
1 0.225383 0.595517 0.221887 0.599660 0.219556 0.605875 0.219090 0.612090 0.219644 0.621206 0.222674 0.626242 0.227480 0.628443 0.231748 0.626785 0.235352 0.622642 0.237181 0.614577 0.236337 0.607118 0.234239 0.602146 0.231675 0.597174 0.228879 0.595103
3 0.916376 0.502903 0.912176 0.383094 0.947669 0.377745 0.945763 0.228474 0.970901 0.227465 0.975445 0.426364 0.953329 0.428335 0.954764 0.498634
3 0.144209 0.568185 0.140609 0.445352 0.177519 0.441174 0.174479 0.296523 0.199464 0.293693 0.206036 0.491332 0.183550 0.492757 0.186280 0.563104
3 0.400992 0.548231 0.396788 0.426027 0.435353 0.420223 0.433288 0.275064 0.458500 0.269617 0.464824 0.471217 0.441210 0.474630 0.442497 0.543642
3 0.662284 0.519659 0.657273 0.401006 0.696006 0.395802 0.690463 0.245058 0.716699 0.242884 0.725477 0.446538 0.702572 0.446979 0.704234 0.516140
3 0.842640 0.437475 0.821282 0.437747 0.816549 0.237473 0.841382 0.236879 0.845791 0.385907 0.881826 0.382450 0.885444 0.503565 0.846023 0.507195
3 0.070993 0.502856 0.047897 0.505202 0.046959 0.310653 0.070597 0.308527 0.071407 0.453706 0.109115 0.448827 0.111603 0.571125 0.072958 0.572903
3 0.324384 0.480226 0.302006 0.482502 0.297170 0.282395 0.324481 0.279413 0.326471 0.427377 0.365526 0.426905 0.368891 0.546829 0.326723 0.551623
3 0.591028 0.529926 0.587109 0.460593 0.563815 0.461242 0.558210 0.260790 0.583246 0.258066 0.588689 0.406501 0.627383 0.402758 0.631350 0.525931
1 0.280600 0.589585 0.276565 0.594686 0.273427 0.602816 0.273499 0.611903 0.275939 0.620061 0.280046 0.624619 0.284852 0.625383 0.288581 0.622290 0.291378 0.618146 0.293475 0.611517 0.293708 0.604059 0.292149 0.598129 0.289585 0.593157 0.285981 0.590128
1 0.486560 0.571728 0.482526 0.576829 0.479387 0.584959 0.479460 0.594046 0.481899 0.602204 0.486006 0.606762 0.490812 0.607526 0.494541 0.604432 0.497338 0.600289 0.499436 0.593660 0.499669 0.586202 0.498110 0.580272 0.495546 0.575300 0.491941 0.572271
1 0.540794 0.567270 0.536759 0.572371 0.533621 0.580501 0.533693 0.589588 0.536133 0.597746 0.540240 0.602304 0.545046 0.603068 0.548775 0.599975 0.551572 0.595831 0.553669 0.589202 0.553902 0.581744 0.552343 0.575814 0.549780 0.570842 0.546175 0.567813
1 0.746083 0.549995 0.742049 0.555096 0.738910 0.563226 0.738983 0.572313 0.741422 0.580471 0.745529 0.585029 0.750335 0.585793 0.754064 0.582700 0.756861 0.578556 0.758959 0.571927 0.759192 0.564469 0.757633 0.558539 0.755069 0.553567 0.751464 0.550538
