1 0.763789 0.575256 0.759686 0.580182 0.756438 0.588174 0.756386 0.597262 0.758713 0.605523 0.762757 0.610256 0.767551 0.611227 0.771321 0.608295 0.774174 0.604274 0.776361 0.597737 0.776696 0.590291 0.775218 0.584296 0.772723 0.579215 0.769161 0.576031
2 0.030134 0.259101 0.027684 0.264870 0.027983 0.272489 0.029726 0.278296 0.032497 0.280658 0.036286 0.280323 0.039139 0.276708 0.039808 0.268763 0.038902 0.263242 0.035601 0.258615
2 0.803992 0.309666 0.801542 0.315434 0.801841 0.323054 0.803584 0.328860 0.806355 0.331222 0.810144 0.330887 0.812996 0.327273 0.813665 0.319328 0.812760 0.313807 0.809459 0.309179
2 0.282777 0.271284 0.280327 0.277053 0.280626 0.284672 0.282369 0.290479 0.285140 0.292841 0.288929 0.292506 0.291781 0.288891 0.292450 0.280946 0.291545 0.275425 0.288244 0.270798
2 0.544744 0.288708 0.542294 0.294477 0.542593 0.302096 0.544336 0.307902 0.547107 0.310264 0.550896 0.309929 0.553749 0.306315 0.554418 0.298370 0.553512 0.292849 0.550211 0.288221
1 0.188531 0.537384 0.184979 0.541375 0.182564 0.547488 0.182013 0.553681 0.182443 0.562818 0.185403 0.567984 0.190178 0.570391 0.194467 0.568918 0.198127 0.564931 0.200065 0.556947 0.199323 0.549454 0.197294 0.544393 0.194799 0.539312 0.192031 0.537121
3 0.883448 0.549664 0.886875 0.427893 0.923315 0.430505 0.927510 0.285952 0.951830 0.288044 0.947047 0.484144 0.923856 0.481914 0.922597 0.552154
3 0.109929 0.494830 0.111545 0.376126 0.148589 0.377718 0.151503 0.228914 0.176336 0.229979 0.175355 0.343419 0.174602 0.430405 0.150777 0.428340 0.149672 0.495248
3 0.367042 0.511711 0.368097 0.390886 0.406215 0.393572 0.410329 0.243327 0.436344 0.244221 0.433144 0.447347 0.410219 0.447419 0.409114 0.514326
3 0.629392 0.531899 0.631316 0.408202 0.670016 0.411490 0.673051 0.261819 0.698733 0.263320 0.695183 0.466473 0.672037 0.463390 0.670072 0.534219
3 0.813956 0.473815 0.791721 0.471751 0.796266 0.274712 0.821367 0.276643 0.818440 0.421848 0.855403 0.425924 0.852049 0.547684 0.812511 0.544334
3 0.039627 0.421598 0.016914 0.419348 0.021906 0.226456 0.049312 0.230562 0.044548 0.372646 0.080604 0.376298 0.076867 0.495559 0.039129 0.491837
3 0.293592 0.439045 0.269637 0.435921 0.276689 0.235053 0.302030 0.238021 0.297378 0.386898 0.335216 0.389579 0.333437 0.509973 0.291959 0.506089
3 0.553514 0.527756 0.555181 0.456122 0.531914 0.453648 0.537441 0.252522 0.563522 0.254281 0.559943 0.402968 0.598606 0.406113 0.594999 0.530771
1 0.242519 0.538141 0.238416 0.543066 0.235167 0.551059 0.235116 0.560147 0.237443 0.568407 0.241487 0.573141 0.246281 0.574112 0.250051 0.571180 0.252904 0.567159 0.255091 0.560622 0.255426 0.553176 0.253948 0.547181 0.251453 0.542100 0.247891 0.538916
1 0.448472 0.556318 0.444369 0.561243 0.441120 0.569235 0.441069 0.578323 0.443396 0.586584 0.447440 0.591317 0.452234 0.592289 0.456004 0.589357 0.458857 0.585335 0.461044 0.578798 0.461379 0.571352 0.459901 0.565357 0.457406 0.560276 0.453844 0.557093
1 0.504261 0.559567 0.500158 0.564492 0.496909 0.572485 0.496858 0.581573 0.499185 0.589833 0.503229 0.594567 0.508023 0.595538 0.511793 0.592606 0.514646 0.588585 0.516833 0.582048 0.517168 0.574602 0.515690 0.568607 0.513195 0.563526 0.509633 0.560342
1 0.711443 0.571366 0.707340 0.576291 0.704092 0.584283 0.704040 0.593371 0.706367 0.601632 0.710411 0.606365 0.715205 0.607337 0.718976 0.604405 0.721828 0.600383 0.724015 0.593846 0.724350 0.586400 0.722873 0.580405 0.720377 0.575324 0.716815 0.572141
