1 0.801534 0.543479 0.797499 0.548580 0.794361 0.556710 0.794433 0.565797 0.796873 0.573955 0.800980 0.578513 0.805786 0.579277 0.809515 0.576183 0.812312 0.572040 0.814409 0.565411 0.814642 0.557953 0.813083 0.552023 0.810520 0.547051 0.806915 0.544022
2 0.051975 0.337672 0.049605 0.343545 0.050008 0.351149 0.051829 0.356878 0.054632 0.359120 0.058415 0.358622 0.061217 0.354885 0.061778 0.346914 0.060797 0.341434 0.057434 0.336950
2 0.822654 0.270541 0.820284 0.276414 0.820686 0.284018 0.822508 0.289747 0.825310 0.291989 0.829093 0.291491 0.831896 0.287754 0.832456 0.279783 0.831476 0.274302 0.828113 0.269819
2 0.306333 0.313592 0.303963 0.319465 0.304365 0.327069 0.306187 0.332798 0.308989 0.335040 0.312772 0.334542 0.315575 0.330806 0.316135 0.322834 0.315154 0.317354 0.311792 0.312870
2 0.568712 0.291380 0.566342 0.297253 0.566744 0.304857 0.568566 0.310587 0.571368 0.312829 0.575151 0.312330 0.577954 0.308594 0.578514 0.300622 0.577534 0.295142 0.574171 0.290658
1 0.226031 0.592058 0.222535 0.596201 0.220205 0.602416 0.219738 0.608631 0.220293 0.617747 0.223323 0.622783 0.228129 0.624983 0.232396 0.623326 0.236001 0.619183 0.237829 0.611117 0.236985 0.603659 0.234888 0.598687 0.232324 0.593715 0.229527 0.591643
3 0.917437 0.501540 0.913238 0.381732 0.948731 0.376382 0.946824 0.227111 0.971962 0.226102 0.976506 0.425001 0.954390 0.426972 0.955825 0.497271
3 0.141791 0.565460 0.138191 0.442626 0.175101 0.438449 0.172061 0.293797 0.197046 0.290967 0.203619 0.488607 0.181132 0.490032 0.183863 0.560379
3 0.401287 0.540684 0.397083 0.418479 0.435648 0.412675 0.433583 0.267517 0.458795 0.262069 0.465119 0.463669 0.441505 0.467082 0.442792 0.536094
3 0.663345 0.517248 0.658334 0.398595 0.697067 0.393391 0.694473 0.243695 0.721298 0.241521 0.726539 0.444127 0.703634 0.444568 0.705295 0.513729
3 0.843112 0.435378 0.821754 0.435651 0.817021 0.235376 0.841854 0.234782 0.846262 0.383810 0.882298 0.380353 0.885916 0.501468 0.846495 0.505099
3 0.070109 0.498034 0.047013 0.500380 0.046074 0.305831 0.069712 0.303705 0.070523 0.448884 0.108231 0.444005 0.110719 0.566302 0.072073 0.568081
3 0.323323 0.477501 0.300945 0.479777 0.296108 0.279670 0.323420 0.276687 0.325409 0.424651 0.364465 0.424179 0.367830 0.544103 0.325661 0.548897
3 0.588197 0.527200 0.586637 0.455771 0.562754 0.458517 0.558327 0.257017 0.585133 0.253244 0.588217 0.403776 0.626912 0.398984 0.629110 0.522157
1 0.279303 0.587174 0.275268 0.592275 0.272130 0.600405 0.272202 0.609492 0.274641 0.617650 0.278748 0.622208 0.283554 0.622972 0.287284 0.619878 0.290080 0.615735 0.292178 0.609106 0.292411 0.601648 0.290852 0.595718 0.288288 0.590746 0.284684 0.587717
1 0.486442 0.571099 0.482408 0.576200 0.479269 0.584330 0.479342 0.593417 0.481781 0.601575 0.485888 0.606133 0.490694 0.606897 0.494423 0.603803 0.497220 0.599660 0.499318 0.593031 0.499551 0.585573 0.497992 0.579643 0.495428 0.574671 0.491823 0.571642
1 0.542445 0.565173 0.538411 0.570274 0.535272 0.578404 0.535344 0.587492 0.537784 0.595650 0.541891 0.600207 0.546697 0.600972 0.550426 0.597878 0.553223 0.593735 0.555320 0.587105 0.555553 0.579647 0.553994 0.573718 0.551431 0.568746 0.547826 0.565716
1 0.747322 0.545802 0.743287 0.550903 0.740149 0.559033 0.740221 0.568120 0.742660 0.576278 0.746767 0.580836 0.751574 0.581600 0.755303 0.578506 0.758099 0.574363 0.760197 0.567734 0.760430 0.560276 0.758871 0.554346 0.756307 0.549374 0.752703 0.546345
