1 0.794319 0.604875 0.789979 0.609110 0.786331 0.616538 0.785811 0.625579 0.787701 0.634185 0.791483 0.639559 0.796207 0.641309 0.800113 0.639005 0.803161 0.635466 0.805677 0.629314 0.806395 0.621955 0.805233 0.615744 0.803011 0.610276 0.799629 0.606524
2 0.064419 0.246141 0.061681 0.251486 0.061585 0.259122 0.063021 0.265188 0.065658 0.267993 0.069448 0.268278 0.072475 0.265144 0.073552 0.257342 0.072935 0.251697 0.069888 0.246550
2 0.838756 0.342474 0.836018 0.347818 0.835922 0.355454 0.837357 0.361521 0.839995 0.364325 0.843785 0.364611 0.846812 0.361477 0.847889 0.353675 0.847272 0.348029 0.844225 0.342882
2 0.319216 0.274794 0.316479 0.280139 0.316382 0.287774 0.317818 0.293841 0.320455 0.296646 0.324245 0.296931 0.327273 0.293797 0.328349 0.285995 0.327733 0.280350 0.324685 0.275203
2 0.581927 0.305916 0.579190 0.311260 0.579094 0.318896 0.580529 0.324962 0.583167 0.327767 0.586957 0.328052 0.589984 0.324919 0.591061 0.317117 0.590444 0.311471 0.587397 0.306324
1 0.221943 0.533903 0.218200 0.537297 0.215479 0.542990 0.214611 0.549067 0.214567 0.558235 0.217248 0.563862 0.221878 0.567039 0.226225 0.566272 0.230075 0.562900 0.232418 0.555266 0.232066 0.547684 0.230307 0.542313 0.228085 0.536846 0.225442 0.534212
3 0.915416 0.590111 0.919062 0.470245 0.954664 0.472250 0.962509 0.323593 0.987543 0.327775 0.979080 0.526268 0.956985 0.523666 0.953824 0.593786
3 0.140870 0.491348 0.145308 0.368602 0.182242 0.372063 0.188660 0.227761 0.213661 0.230102 0.207294 0.427763 0.184867 0.424542 0.182989 0.494977
3 0.398922 0.522087 0.402720 0.399841 0.441403 0.402028 0.448061 0.250933 0.474494 0.253046 0.467349 0.458755 0.443671 0.457275 0.440447 0.526087
3 0.660809 0.551805 0.665916 0.433406 0.703488 0.437022 0.711468 0.284799 0.736498 0.287807 0.728347 0.492208 0.705568 0.487923 0.702706 0.556960
3 0.845222 0.508719 0.823990 0.504585 0.832355 0.304686 0.857060 0.309217 0.851715 0.458148 0.887733 0.462145 0.883425 0.583189 0.844033 0.578666
3 0.070073 0.410877 0.046980 0.408446 0.058741 0.215016 0.082358 0.217779 0.073691 0.362145 0.111463 0.365074 0.105955 0.487059 0.067455 0.480857
3 0.326329 0.441294 0.303954 0.438940 0.312206 0.239186 0.339527 0.241855 0.331850 0.389231 0.370673 0.396816 0.366191 0.516624 0.323994 0.512690
3 0.584532 0.544934 0.587574 0.474706 0.564327 0.471589 0.574180 0.271821 0.599225 0.274277 0.594947 0.422833 0.633625 0.427093 0.627772 0.549889
1 0.275690 0.541199 0.271350 0.545434 0.267702 0.552861 0.267182 0.561903 0.269072 0.570508 0.272854 0.575882 0.277578 0.577632 0.281484 0.575329 0.284532 0.571790 0.287048 0.565638 0.287766 0.558278 0.286604 0.552067 0.284382 0.546600 0.281000 0.542848
1 0.482618 0.565862 0.478278 0.570097 0.474630 0.577525 0.474109 0.586566 0.475999 0.595172 0.479781 0.600546 0.484505 0.602296 0.488411 0.599992 0.491459 0.596453 0.493975 0.590301 0.494693 0.582942 0.493532 0.576731 0.491310 0.571263 0.487927 0.567511
1 0.537252 0.574405 0.532912 0.578640 0.529265 0.586068 0.528744 0.595109 0.530634 0.603715 0.534416 0.609088 0.539140 0.610839 0.543046 0.608535 0.546094 0.604996 0.548610 0.598844 0.549328 0.591484 0.548166 0.585273 0.545944 0.579806 0.542562 0.576054
1 0.742459 0.599614 0.738119 0.603849 0.734471 0.611277 0.733950 0.620318 0.735841 0.628924 0.739623 0.634297 0.744347 0.636048 0.748252 0.633744 0.751300 0.630205 0.753816 0.624053 0.754534 0.616693 0.753373 0.610482 0.751151 0.605015 0.747768 0.601263
