1 0.778343 0.524176 0.774682 0.530100 0.772115 0.538840 0.772800 0.547847 0.775772 0.555426 0.780157 0.559075 0.784980 0.558809 0.788473 0.554943 0.790970 0.550233 0.792605 0.543204 0.792334 0.535750 0.790386 0.530196 0.787505 0.525806 0.783722 0.523568
2 0.020642 0.474163 0.018685 0.480499 0.019598 0.487962 0.021793 0.493262 0.024726 0.494890 0.028448 0.493589 0.030979 0.489281 0.030997 0.481248 0.029654 0.476016 0.026013 0.472282
2 0.786009 0.247831 0.784052 0.254167 0.784965 0.261631 0.787160 0.266930 0.790093 0.268559 0.793816 0.267257 0.796346 0.262950 0.796365 0.254917 0.795021 0.249685 0.791380 0.245951
2 0.269859 0.396839 0.267903 0.403175 0.268815 0.410638 0.271010 0.415938 0.273944 0.417566 0.277666 0.416265 0.280196 0.411958 0.280215 0.403924 0.278871 0.398693 0.275230 0.394958
2 0.529937 0.319282 0.527980 0.325618 0.528892 0.333081 0.531087 0.338381 0.534021 0.340009 0.537743 0.338708 0.540273 0.334400 0.540292 0.326367 0.538949 0.321135 0.535307 0.317401
1 0.209716 0.688463 0.206525 0.693322 0.204630 0.699989 0.204587 0.706259 0.205752 0.715190 0.209100 0.719544 0.214020 0.720704 0.218145 0.718149 0.221444 0.713267 0.222715 0.704870 0.221374 0.697645 0.218956 0.693156 0.216075 0.688767 0.213159 0.687306
3 0.889608 0.456242 0.881840 0.335953 0.917053 0.327065 0.905782 0.182055 0.928954 0.175691 0.945436 0.375513 0.942182 0.376339 0.924384 0.380858 0.929110 0.444504
3 0.124427 0.674237 0.113382 0.557877 0.149123 0.547062 0.135933 0.402305 0.160378 0.394786 0.180696 0.589130 0.158578 0.597421 0.165095 0.664952
3 0.377563 0.602448 0.367934 0.482048 0.406038 0.471142 0.394696 0.323616 0.419156 0.316624 0.429111 0.426009 0.436838 0.514956 0.415063 0.520758 0.419408 0.594268
3 0.638385 0.526472 0.628703 0.406536 0.667015 0.396190 0.653828 0.249175 0.679623 0.241839 0.695922 0.439051 0.673229 0.445655 0.679354 0.517877
3 0.812138 0.408381 0.791656 0.412042 0.774910 0.216715 0.799626 0.209638 0.813668 0.356341 0.849795 0.346146 0.859253 0.464369 0.818633 0.475936
3 0.047129 0.629794 0.027460 0.634132 0.010629 0.441783 0.035712 0.434699 0.047818 0.576890 0.084745 0.566544 0.093367 0.687211 0.052108 0.696226
3 0.297781 0.554344 0.275780 0.560737 0.258781 0.362451 0.283136 0.357715 0.296987 0.503349 0.334437 0.494156 0.345941 0.612650 0.303571 0.625210
3 0.564007 0.551107 0.559249 0.482292 0.535391 0.486820 0.517915 0.288414 0.543479 0.280055 0.555858 0.430160 0.594442 0.419227 0.605710 0.541251
1 0.261975 0.672088 0.258314 0.678012 0.255746 0.686753 0.256431 0.695759 0.259403 0.703338 0.263788 0.706988 0.268611 0.706722 0.272105 0.702855 0.274602 0.698146 0.276237 0.691117 0.275965 0.683663 0.274017 0.678108 0.271137 0.673719 0.267354 0.671480
1 0.464831 0.616467 0.461169 0.622391 0.458602 0.631132 0.459287 0.640138 0.462259 0.647717 0.466644 0.651366 0.471467 0.651100 0.474960 0.647234 0.477457 0.642524 0.479093 0.635495 0.478821 0.628041 0.476873 0.622487 0.473992 0.618098 0.470209 0.615859
1 0.519704 0.596609 0.516043 0.602533 0.513475 0.611274 0.514160 0.620280 0.517132 0.627859 0.521517 0.631508 0.526340 0.631242 0.529834 0.627376 0.532331 0.622666 0.533966 0.615637 0.533694 0.608183 0.531746 0.602629 0.528866 0.598240 0.525083 0.596001
1 0.725597 0.539213 0.721936 0.545137 0.719368 0.553878 0.720053 0.562884 0.723025 0.570463 0.727410 0.574112 0.732233 0.573846 0.735727 0.569980 0.738224 0.565270 0.739859 0.558241 0.739587 0.550787 0.737639 0.545233 0.734759 0.540844 0.730976 0.538605
