1 0.794193 0.456521 0.790158 0.451420 0.787020 0.443290 0.787092 0.434203 0.789531 0.426045 0.793638 0.421487 0.798444 0.420723 0.802174 0.423817 0.804970 0.427960 0.807068 0.434589 0.807301 0.442047 0.805742 0.447977 0.803178 0.452949 0.799574 0.455978
2 0.046079 0.662328 0.043709 0.656455 0.044111 0.648851 0.045933 0.643122 0.048735 0.640880 0.052518 0.641378 0.055321 0.645115 0.055881 0.653086 0.054900 0.658566 0.051538 0.663050
2 0.821209 0.726315 0.818839 0.720442 0.819241 0.712838 0.821063 0.707108 0.823865 0.704866 0.827649 0.705364 0.830451 0.709101 0.831012 0.717072 0.830031 0.722553 0.826668 0.727037
2 0.299846 0.686408 0.297476 0.680535 0.297879 0.672931 0.299700 0.667202 0.302503 0.664960 0.306286 0.665458 0.309089 0.669194 0.309649 0.677166 0.308668 0.682646 0.305305 0.687130
2 0.562733 0.707896 0.560362 0.702023 0.560765 0.694419 0.562587 0.688690 0.565389 0.686448 0.569172 0.686946 0.571975 0.690683 0.572535 0.698654 0.571554 0.704135 0.568191 0.708618
1 0.220052 0.407219 0.216556 0.403076 0.214225 0.396861 0.213759 0.390646 0.214314 0.381530 0.217343 0.376494 0.222150 0.374293 0.226417 0.375951 0.230022 0.380094 0.231850 0.388160 0.231006 0.395618 0.228908 0.400590 0.226345 0.405562 0.223548 0.407633
3 0.912512 0.494385 0.908313 0.614194 0.943806 0.619544 0.941899 0.768814 0.967037 0.769823 0.971581 0.570924 0.949465 0.568953 0.950900 0.498654
3 0.135754 0.434540 0.132154 0.557374 0.169064 0.561551 0.166024 0.706203 0.191009 0.709033 0.197581 0.511393 0.175095 0.509968 0.177825 0.439621
3 0.395739 0.457220 0.391535 0.579424 0.430099 0.585228 0.426855 0.736677 0.453247 0.740028 0.459571 0.534234 0.435957 0.530822 0.437244 0.461809
3 0.657125 0.478160 0.654472 0.596813 0.692026 0.600969 0.690021 0.753810 0.715078 0.755984 0.720318 0.551281 0.697413 0.550841 0.699075 0.481680
3 0.839475 0.558982 0.818116 0.558710 0.813383 0.758984 0.838216 0.759578 0.842625 0.610550 0.878660 0.614007 0.882278 0.492892 0.842857 0.489261
3 0.063174 0.499870 0.040079 0.497523 0.039140 0.692072 0.062778 0.694199 0.063589 0.549020 0.101297 0.553899 0.103784 0.431601 0.065139 0.429823
3 0.317692 0.518956 0.295314 0.516680 0.290477 0.716787 0.317789 0.719769 0.319779 0.571806 0.358834 0.572277 0.362199 0.452354 0.320030 0.447559
3 0.582907 0.472800 0.581346 0.543181 0.558053 0.541483 0.554216 0.742983 0.579843 0.744660 0.581748 0.596224 0.623390 0.599968 0.624409 0.476794
1 0.273913 0.411055 0.269879 0.405954 0.266740 0.397824 0.266812 0.388736 0.269252 0.380578 0.273359 0.376021 0.278165 0.375256 0.281894 0.378350 0.284691 0.382493 0.286788 0.389123 0.287021 0.396581 0.285462 0.402510 0.282899 0.407482 0.279294 0.410511
1 0.481053 0.429226 0.477018 0.424125 0.473880 0.415995 0.473952 0.406908 0.476392 0.398750 0.480499 0.394192 0.485305 0.393428 0.489034 0.396522 0.491831 0.400665 0.493928 0.407294 0.494161 0.414752 0.492602 0.420682 0.490038 0.425654 0.486434 0.428683
1 0.535876 0.433778 0.531842 0.428678 0.528703 0.420548 0.528776 0.411460 0.531215 0.403302 0.535322 0.398744 0.540128 0.397980 0.543857 0.401074 0.546654 0.405217 0.548752 0.411846 0.548985 0.419305 0.547426 0.425234 0.544862 0.430206 0.541257 0.433235
1 0.740346 0.451053 0.736311 0.445953 0.733173 0.437823 0.733245 0.428735 0.735685 0.420577 0.739792 0.416019 0.744598 0.415255 0.748327 0.418349 0.751124 0.422492 0.753221 0.429121 0.753454 0.436580 0.751895 0.442509 0.749332 0.447481 0.745727 0.450510
