1 0.765391 0.482142 0.761870 0.488329 0.759507 0.497250 0.760401 0.506199 0.763546 0.513554 0.768011 0.516879 0.772824 0.516260 0.776225 0.512141 0.778611 0.507252 0.780082 0.500110 0.779638 0.492682 0.777563 0.487275 0.774583 0.483100 0.770751 0.481140
2 0.008566 0.411588 0.006757 0.418062 0.007842 0.425452 0.010158 0.430586 0.013127 0.431998 0.016816 0.430426 0.019244 0.425937 0.019076 0.417909 0.017613 0.412780 0.013888 0.409315
2 0.777694 0.208296 0.775885 0.214770 0.776970 0.222160 0.779286 0.227295 0.782255 0.228707 0.785944 0.227134 0.788372 0.222645 0.788204 0.214617 0.786741 0.209489 0.783016 0.206024
2 0.258413 0.341514 0.256604 0.347988 0.257689 0.355378 0.260005 0.360513 0.262974 0.361925 0.266663 0.360352 0.269091 0.355863 0.268923 0.347835 0.267460 0.342706 0.263735 0.339242
2 0.518693 0.269865 0.516885 0.276339 0.517969 0.283729 0.520285 0.288864 0.523254 0.290276 0.526943 0.288703 0.529371 0.284214 0.529204 0.276186 0.527740 0.271057 0.524015 0.267593
1 0.196333 0.635027 0.193257 0.640115 0.191518 0.646916 0.191620 0.653183 0.192991 0.662022 0.196437 0.666127 0.201380 0.666925 0.205442 0.664070 0.208625 0.658950 0.209700 0.650467 0.208193 0.643347 0.205673 0.639039 0.202693 0.634865 0.199746 0.633619
3 0.880642 0.415117 0.870377 0.297351 0.906374 0.285065 0.894552 0.142562 0.919852 0.137233 0.933891 0.327250 0.912918 0.336207 0.918483 0.404851
3 0.111221 0.619102 0.100203 0.501553 0.137683 0.488572 0.122794 0.343097 0.149792 0.333150 0.168413 0.534219 0.146512 0.539319 0.151954 0.606623
3 0.366655 0.549774 0.355515 0.430886 0.394553 0.420204 0.381064 0.273126 0.407440 0.264823 0.425888 0.462925 0.402577 0.468433 0.408142 0.537077
3 0.626171 0.483956 0.617554 0.358836 0.655331 0.351270 0.642350 0.201293 0.668971 0.195670 0.686788 0.395330 0.662723 0.401057 0.667780 0.472598
3 0.808489 0.433206 0.802976 0.364751 0.781528 0.370709 0.765082 0.175545 0.791383 0.168670 0.801577 0.312325 0.840151 0.305284 0.849318 0.423589 0.829653 0.429623
3 0.044169 0.638516 0.036558 0.571232 0.014585 0.576307 0.000000 0.385766 0.018874 0.378184 0.032441 0.518379 0.069812 0.507559 0.081508 0.627883 0.066359 0.630583
3 0.291745 0.572370 0.285518 0.503310 0.264034 0.508788 0.248434 0.309977 0.271979 0.303249 0.285291 0.450706 0.324293 0.440789 0.333463 0.560469 0.313304 0.565995
3 0.552398 0.500593 0.546295 0.432873 0.522426 0.437666 0.507703 0.239976 0.534386 0.233715 0.545314 0.380487 0.584438 0.371910 0.593486 0.490250 0.573204 0.494436
1 0.248019 0.619082 0.244498 0.625269 0.242135 0.634190 0.243028 0.643139 0.246173 0.650494 0.250639 0.653818 0.255452 0.653199 0.258853 0.649081 0.261238 0.644192 0.262709 0.637049 0.262265 0.629622 0.260190 0.624215 0.257210 0.620040 0.253379 0.618080
1 0.454044 0.564768 0.450523 0.570955 0.448160 0.579876 0.449053 0.588825 0.452198 0.596180 0.456664 0.599505 0.461477 0.598886 0.464878 0.594767 0.467264 0.589878 0.468735 0.582735 0.468290 0.575308 0.466215 0.569901 0.463235 0.565726 0.459404 0.563766
1 0.507664 0.549647 0.504143 0.555834 0.501780 0.564755 0.502673 0.573704 0.505818 0.581058 0.510284 0.584383 0.515097 0.583764 0.518498 0.579645 0.520884 0.574757 0.522354 0.567614 0.521910 0.560186 0.519835 0.554780 0.516855 0.550605 0.513024 0.548645
1 0.712748 0.496494 0.709227 0.502681 0.706864 0.511602 0.707757 0.520551 0.710903 0.527906 0.715368 0.531231 0.720181 0.530612 0.723582 0.526493 0.725968 0.521604 0.727439 0.514462 0.726994 0.507034 0.724920 0.501627 0.721940 0.497452 0.718108 0.495492
