1 0.774619 0.521289 0.770739 0.526754 0.767842 0.535162 0.768179 0.544231 0.770852 0.552153 0.775087 0.556327 0.779909 0.556647 0.783543 0.553214 0.786215 0.548819 0.788116 0.542005 0.788132 0.534536 0.786402 0.528758 0.783697 0.524029 0.780009 0.521335
2 0.027185 0.306215 0.024989 0.312298 0.025613 0.319855 0.027599 0.325409 0.030463 0.327390 0.034227 0.326544 0.036916 0.322554 0.037244 0.314542 0.036105 0.309159 0.032616 0.304991
2 0.801782 0.251362 0.799586 0.257445 0.800210 0.265002 0.802196 0.270556 0.805060 0.272537 0.808823 0.271691 0.811513 0.267701 0.811841 0.259689 0.810701 0.254306 0.807212 0.250138
2 0.278220 0.284229 0.276024 0.290312 0.276648 0.297869 0.278634 0.303423 0.281498 0.305403 0.285262 0.304557 0.287952 0.300568 0.288279 0.292555 0.287140 0.287173 0.283651 0.283005
2 0.542108 0.265524 0.539912 0.271607 0.540536 0.279164 0.542522 0.284718 0.545386 0.286699 0.549150 0.285853 0.551840 0.281863 0.552167 0.273851 0.551028 0.268468 0.547539 0.264300
1 0.196718 0.563831 0.193347 0.568291 0.191201 0.574712 0.190916 0.580962 0.191735 0.590014 0.194908 0.594764 0.199772 0.596519 0.203985 0.594471 0.207464 0.590001 0.209055 0.581778 0.207995 0.574408 0.205755 0.569636 0.203050 0.564906 0.200197 0.563095
3 0.889387 0.479980 0.887597 0.358098 0.924116 0.358257 0.922046 0.211077 0.946385 0.209876 0.950000 0.406055 0.927862 0.408108 0.930271 0.477011
3 0.115079 0.530395 0.111614 0.411817 0.148619 0.408398 0.145163 0.259630 0.169970 0.257337 0.173842 0.370581 0.176810 0.457417 0.152966 0.458578 0.154725 0.525442
3 0.372044 0.510508 0.367929 0.389890 0.406052 0.387418 0.403730 0.237052 0.429708 0.234428 0.435202 0.437398 0.412347 0.440568 0.414106 0.507431
3 0.636097 0.495038 0.633130 0.373265 0.671750 0.367598 0.667661 0.217395 0.695406 0.214608 0.700991 0.420718 0.675689 0.420965 0.678098 0.489868
3 0.818490 0.417236 0.795150 0.417041 0.792176 0.215525 0.817653 0.214646 0.821087 0.364782 0.858045 0.361374 0.861577 0.480595 0.819608 0.484062
3 0.043344 0.470210 0.021889 0.468495 0.019978 0.275361 0.043809 0.274475 0.044682 0.416834 0.081719 0.416325 0.083638 0.538925 0.045851 0.540313
3 0.295826 0.449953 0.271806 0.450075 0.270249 0.248835 0.295644 0.248370 0.297371 0.397445 0.335214 0.395005 0.338588 0.515291 0.297063 0.517023
3 0.560193 0.498805 0.558534 0.430282 0.534514 0.430405 0.531810 0.230320 0.558972 0.229692 0.562404 0.376511 0.601456 0.375009 0.603063 0.495457
1 0.250634 0.559059 0.246753 0.564525 0.243856 0.572933 0.244193 0.582002 0.246867 0.589924 0.251101 0.594097 0.255923 0.594418 0.259557 0.590985 0.262229 0.586590 0.264131 0.579776 0.264146 0.572306 0.262417 0.566528 0.259711 0.561799 0.256023 0.559106
1 0.457390 0.544382 0.453510 0.549847 0.450613 0.558256 0.450950 0.567324 0.453623 0.575247 0.457858 0.579420 0.462680 0.579740 0.466314 0.576308 0.468986 0.571912 0.470887 0.565099 0.470903 0.557629 0.469173 0.551851 0.466468 0.547122 0.462780 0.544429
1 0.513169 0.540491 0.509288 0.545957 0.506391 0.554365 0.506728 0.563434 0.509402 0.571356 0.513636 0.575529 0.518458 0.575850 0.522092 0.572417 0.524764 0.568022 0.526666 0.561208 0.526681 0.553738 0.524952 0.547961 0.522247 0.543231 0.518559 0.540538
1 0.720066 0.525640 0.716186 0.531106 0.713289 0.539514 0.713626 0.548583 0.716300 0.556505 0.720534 0.560678 0.725356 0.560999 0.728990 0.557566 0.731662 0.553171 0.733564 0.546357 0.733579 0.538888 0.731849 0.533110 0.729144 0.528380 0.725456 0.525687
