1 0.791764 0.642163 0.787267 0.645845 0.783335 0.652798 0.782458 0.661752 0.784004 0.670573 0.787564 0.676406 0.792207 0.678742 0.796194 0.676932 0.799374 0.673783 0.802127 0.667960 0.803134 0.660708 0.802221 0.654368 0.800221 0.648636 0.796995 0.644471
2 0.076689 0.192741 0.073747 0.197731 0.073349 0.205336 0.074541 0.211566 0.077061 0.214694 0.080831 0.215452 0.083974 0.212704 0.085357 0.205056 0.084965 0.199347 0.082128 0.193832
2 0.840996 0.380927 0.838055 0.385916 0.837657 0.393521 0.838849 0.399751 0.841369 0.402879 0.845138 0.403637 0.848282 0.400889 0.849665 0.393241 0.849273 0.387532 0.846436 0.382017
2 0.329144 0.252960 0.326202 0.257950 0.325805 0.265555 0.326997 0.271785 0.329517 0.274912 0.333286 0.275671 0.336430 0.272923 0.337812 0.265275 0.337420 0.259566 0.334584 0.254051
2 0.589287 0.317661 0.586345 0.322650 0.585948 0.330255 0.587140 0.336485 0.589660 0.339613 0.593429 0.340371 0.596573 0.337623 0.597955 0.329975 0.597563 0.324266 0.594727 0.318751
1 0.221180 0.500112 0.217313 0.503030 0.214374 0.508369 0.213268 0.514322 0.212861 0.523462 0.215313 0.529410 0.219806 0.533158 0.224173 0.532936 0.228147 0.530054 0.230785 0.522731 0.230734 0.515124 0.229192 0.509547 0.227191 0.503815 0.224659 0.500857
3 0.910032 0.639174 0.918406 0.520060 0.953841 0.526508 0.967543 0.379199 0.992350 0.386498 0.976062 0.583443 0.954124 0.578087 0.948199 0.647639
3 0.141178 0.446195 0.150457 0.324306 0.187163 0.332373 0.199269 0.189230 0.224115 0.194688 0.209951 0.391065 0.187707 0.385050 0.183049 0.455076
3 0.398755 0.507424 0.407375 0.385955 0.445876 0.392969 0.458993 0.249649 0.484337 0.252610 0.469515 0.452797 0.445955 0.448363 0.440019 0.516602
3 0.658710 0.570816 0.666167 0.452570 0.704771 0.460229 0.717841 0.312276 0.744428 0.318986 0.728437 0.519804 0.705883 0.512683 0.700300 0.581192
3 0.843900 0.549650 0.822884 0.542874 0.839130 0.344515 0.863594 0.352121 0.852376 0.500016 0.888147 0.508502 0.879065 0.628709 0.839949 0.619276
3 0.077775 0.356300 0.054835 0.350989 0.074212 0.159507 0.097662 0.165213 0.083310 0.308140 0.120873 0.315781 0.110557 0.436776 0.072397 0.425779
3 0.328737 0.419627 0.306510 0.414484 0.322637 0.216255 0.349786 0.222331 0.336302 0.368383 0.374729 0.380799 0.365522 0.499751 0.323585 0.490556
3 0.583829 0.555814 0.589748 0.485109 0.565993 0.479931 0.582669 0.280469 0.609403 0.285601 0.596727 0.434538 0.635249 0.442589 0.624557 0.564350
1 0.274037 0.512880 0.269540 0.516562 0.265608 0.523516 0.264731 0.532469 0.266277 0.541290 0.269837 0.547123 0.274480 0.549459 0.278467 0.547649 0.281647 0.544500 0.284400 0.538677 0.285408 0.531426 0.284494 0.525085 0.282494 0.519354 0.279268 0.515188
1 0.479259 0.565394 0.474762 0.569076 0.470830 0.576030 0.469953 0.584983 0.471499 0.593804 0.475059 0.599637 0.479702 0.601973 0.483689 0.600163 0.486869 0.597014 0.489622 0.591191 0.490630 0.583939 0.489716 0.577599 0.487716 0.571867 0.484490 0.567702
1 0.534908 0.578040 0.530411 0.581721 0.526479 0.588675 0.525602 0.597629 0.527148 0.606450 0.530708 0.612283 0.535351 0.614619 0.539338 0.612809 0.542518 0.609659 0.545271 0.603837 0.546279 0.596585 0.545365 0.590244 0.543365 0.584513 0.540139 0.580348
1 0.738250 0.626568 0.733753 0.630249 0.729821 0.637203 0.728944 0.646157 0.730490 0.654978 0.734050 0.660811 0.738693 0.663147 0.742680 0.661337 0.745861 0.658187 0.748613 0.652365 0.749621 0.645113 0.748707 0.638772 0.746707 0.633041 0.743481 0.628876
