1 0.797599 0.430258 0.794261 0.436757 0.792158 0.445882 0.793307 0.454737 0.796660 0.461796 0.801216 0.464711 0.806004 0.463655 0.809282 0.459232 0.811524 0.454132 0.812787 0.446865 0.812130 0.439488 0.809902 0.434277 0.806806 0.430378 0.802923 0.428770
2 0.040039 0.511544 0.038419 0.518174 0.039715 0.525456 0.042176 0.530373 0.045181 0.531513 0.048820 0.529607 0.051116 0.524903 0.050717 0.516901 0.049108 0.511912 0.045289 0.508790
2 0.788149 0.154658 0.786529 0.161288 0.787825 0.168570 0.790286 0.173487 0.793292 0.174627 0.796931 0.172720 0.799226 0.168017 0.798828 0.160014 0.797219 0.155026 0.793399 0.151904
2 0.284532 0.391997 0.282912 0.398627 0.284208 0.405909 0.286669 0.410826 0.289674 0.411966 0.293313 0.410059 0.295609 0.405355 0.295211 0.397353 0.293601 0.392364 0.289782 0.389243
2 0.538241 0.270824 0.536621 0.277454 0.537917 0.284736 0.540378 0.289653 0.543383 0.290793 0.547022 0.288886 0.549318 0.284182 0.548920 0.276180 0.547310 0.271191 0.543491 0.268070
1 0.240496 0.695925 0.237571 0.701287 0.236030 0.708236 0.236312 0.714486 0.237936 0.723188 0.241496 0.726974 0.246455 0.727322 0.250430 0.724101 0.253461 0.718699 0.254291 0.710129 0.252581 0.703155 0.249940 0.699082 0.246844 0.695184 0.243864 0.694208
3 0.904184 0.346444 0.885857 0.230909 0.919916 0.212364 0.900333 0.067170 0.924785 0.056753 0.952837 0.249468 0.931453 0.259692 0.941201 0.327869
3 0.154747 0.699481 0.136647 0.580764 0.172230 0.562833 0.152087 0.422580 0.176174 0.410440 0.206059 0.601163 0.184248 0.610992 0.195268 0.678730
3 0.404553 0.580400 0.385938 0.462525 0.422945 0.442383 0.403695 0.301268 0.427694 0.286484 0.457806 0.481172 0.435129 0.493367 0.444579 0.560342
3 0.657803 0.458151 0.638820 0.344050 0.676064 0.324431 0.652751 0.179162 0.678138 0.167194 0.710894 0.362968 0.688557 0.371992 0.698391 0.438972
3 0.824504 0.311485 0.803659 0.319764 0.775259 0.125776 0.799462 0.115879 0.821462 0.259896 0.856276 0.242998 0.874190 0.360028 0.836087 0.378366
3 0.076924 0.662516 0.054627 0.673474 0.030615 0.483659 0.053468 0.472712 0.071494 0.614318 0.107774 0.595402 0.124723 0.714011 0.087159 0.730248
3 0.321173 0.545619 0.299569 0.556239 0.271087 0.362453 0.297430 0.349292 0.316939 0.493177 0.355059 0.478063 0.372584 0.594023 0.331934 0.614530
3 0.587711 0.494162 0.575650 0.427861 0.552958 0.437235 0.523684 0.243401 0.547833 0.231344 0.570773 0.374395 0.608152 0.356218 0.626651 0.475130
1 0.293016 0.669698 0.289678 0.676198 0.287575 0.685322 0.288725 0.694178 0.292078 0.701237 0.296633 0.704151 0.301422 0.703095 0.304700 0.698672 0.306942 0.693573 0.308205 0.686306 0.307548 0.678928 0.305320 0.673717 0.302224 0.669819 0.298341 0.668210
1 0.492057 0.573641 0.488719 0.580140 0.486616 0.589265 0.487765 0.598120 0.491118 0.605179 0.495674 0.608094 0.500462 0.607038 0.503740 0.602615 0.505982 0.597515 0.507246 0.590248 0.506588 0.582871 0.504360 0.577660 0.501264 0.573761 0.497381 0.572153
1 0.544863 0.551601 0.541525 0.558100 0.539423 0.567225 0.540572 0.576080 0.543925 0.583139 0.548480 0.586053 0.553269 0.584997 0.556547 0.580575 0.558789 0.575475 0.560052 0.568208 0.559395 0.560831 0.557167 0.555620 0.554071 0.551721 0.550188 0.550113
1 0.744228 0.457409 0.740890 0.463908 0.738787 0.473033 0.739937 0.481888 0.743289 0.488947 0.747845 0.491861 0.752634 0.490805 0.755912 0.486382 0.758153 0.481283 0.759417 0.474016 0.758759 0.466639 0.756532 0.461427 0.753435 0.457529 0.749552 0.455921
