1 0.773630 0.546552 0.769596 0.551653 0.766457 0.559783 0.766530 0.568870 0.768969 0.577028 0.773076 0.581586 0.777882 0.582350 0.781611 0.579257 0.784408 0.575113 0.786506 0.568484 0.786739 0.561026 0.785180 0.555096 0.782616 0.550124 0.779011 0.547095
2 0.033467 0.262930 0.031097 0.268803 0.031499 0.276407 0.033321 0.282136 0.036123 0.284378 0.039907 0.283880 0.042709 0.280143 0.043270 0.272172 0.042289 0.266692 0.038926 0.262208
2 0.808622 0.279489 0.806252 0.285362 0.806654 0.292966 0.808476 0.298696 0.811278 0.300938 0.815062 0.300439 0.817864 0.296703 0.818425 0.288731 0.817444 0.283251 0.814081 0.278767
2 0.284806 0.264093 0.282436 0.269966 0.282838 0.277570 0.284660 0.283299 0.287462 0.285541 0.291245 0.285043 0.294048 0.281306 0.294608 0.273335 0.293628 0.267855 0.290265 0.263371
2 0.548885 0.269717 0.546514 0.275590 0.546917 0.283194 0.548738 0.288923 0.551541 0.291165 0.555324 0.290667 0.558127 0.286930 0.558687 0.278959 0.557706 0.273479 0.554343 0.268995
1 0.195265 0.535813 0.191769 0.539957 0.189438 0.546172 0.188972 0.552387 0.189526 0.561502 0.192556 0.566539 0.197362 0.568739 0.201630 0.567082 0.205235 0.562939 0.207063 0.554873 0.206219 0.547415 0.204121 0.542443 0.201557 0.537471 0.198761 0.535399
3 0.889447 0.515869 0.891212 0.393985 0.927677 0.397507 0.929899 0.250334 0.954240 0.251377 0.952134 0.447625 0.929966 0.447637 0.930363 0.516669
3 0.114710 0.494904 0.114706 0.376166 0.151761 0.376160 0.152644 0.227273 0.177484 0.227267 0.178051 0.340716 0.178485 0.427709 0.154639 0.426673 0.154447 0.493608
3 0.371909 0.498710 0.371315 0.377875 0.409458 0.378917 0.411521 0.228539 0.437541 0.228311 0.437113 0.431514 0.414196 0.432575 0.414004 0.499510
3 0.636059 0.507579 0.636644 0.385696 0.675377 0.383594 0.675671 0.233215 0.703460 0.232987 0.703032 0.439336 0.677757 0.437251 0.678154 0.506284
3 0.820474 0.446680 0.797171 0.444335 0.800073 0.242816 0.825542 0.244285 0.824597 0.394535 0.861604 0.394535 0.861657 0.513922 0.819643 0.513519
3 0.044825 0.428193 0.023449 0.424504 0.027169 0.231453 0.050994 0.232764 0.047717 0.375012 0.084719 0.377914 0.083063 0.500527 0.045286 0.498433
3 0.297558 0.431216 0.273567 0.429126 0.277877 0.228012 0.303251 0.229887 0.300631 0.378921 0.338495 0.379969 0.338359 0.500404 0.296840 0.498310
3 0.560147 0.504351 0.560487 0.435767 0.536496 0.433677 0.539626 0.233612 0.566769 0.235487 0.565918 0.382424 0.604962 0.384520 0.603057 0.504955
1 0.249248 0.536014 0.245213 0.541115 0.242075 0.549245 0.242147 0.558332 0.244586 0.566490 0.248693 0.571048 0.253499 0.571812 0.257228 0.568719 0.260025 0.564575 0.262123 0.557946 0.262356 0.550488 0.260797 0.544558 0.258233 0.539586 0.254629 0.536557
1 0.456154 0.540398 0.452120 0.545499 0.448981 0.553629 0.449054 0.562716 0.451493 0.570874 0.455600 0.575432 0.460406 0.576196 0.464135 0.573103 0.466932 0.568959 0.469030 0.562330 0.469263 0.554872 0.467704 0.548942 0.465140 0.543970 0.461535 0.540941
1 0.511971 0.541650 0.507937 0.546751 0.504798 0.554881 0.504871 0.563968 0.507310 0.572126 0.511417 0.576684 0.516223 0.577448 0.519952 0.574354 0.522749 0.570211 0.524847 0.563582 0.525080 0.556124 0.523521 0.550194 0.520957 0.545222 0.517352 0.542193
1 0.719024 0.545874 0.714989 0.550975 0.711851 0.559105 0.711923 0.568192 0.714362 0.576350 0.718469 0.580908 0.723276 0.581672 0.727005 0.578578 0.729801 0.574435 0.731899 0.567806 0.732132 0.560348 0.730573 0.554418 0.728009 0.549446 0.724405 0.546417
