1 0.7747034834957373 0.5833468463997828 0.7706689402897008 0.5884476810601318 0.7675304347546217 0.5965776637860024 0.7676028773480514 0.6056651079825676 0.7700421886573764 0.6138230675291116 0.7741491744568427 0.6183807780377308 0.7789553544820629 0.6191450592592799 0.7826843903527514 0.616051517777376 0.7854811672557679 0.611908144587722 0.7875787499330302 0.6052787474842757 0.7878118146749483 0.5978206757428984 0.7862528040749517 0.5918911664446188 0.7836890919138534 0.586919118617034 0.7800844568949381 0.5838899705515125
2 0.029019822677534005 0.33585840547433365 0.026649630097187703 0.34173130403471724 0.02705216826468907 0.34933534316126774 0.02887375755976619 0.3550647864141599 0.03167620262911561 0.35730674246963945 0.035459503472737325 0.3568085300128662 0.03826194854208675 0.35307193658706704 0.03882243755595664 0.34510053727869533 0.03784158178168433 0.3396202002541898 0.03447864769846504 0.3351362881432307
2 0.8050387324832751 0.3114379024653037 0.8026685399029289 0.3173108010256873 0.8030710780704302 0.3249148401522378 0.8048926673655074 0.33064428340512997 0.8076951124348567 0.3328862394606095 0.8114784132784785 0.3323880270038363 0.8142808583478279 0.3286514335780371 0.8148413473616978 0.3206800342696654 0.8138604915874253 0.31519969724515984 0.8104975575042062 0.31071578513420073
2 0.2812013483572967 0.3219049134693696 0.2788311557769504 0.3277778120297532 0.27923369394445174 0.3353818511563037 0.28105528323952883 0.34111129440919585 0.2838577283088783 0.3433532504646754 0.2876410291525 0.3428550380079022 0.2904434742218494 0.33911844458210294 0.2910039632357193 0.3311470452737313 0.290023107461447 0.3256667082492257 0.2866601733782277 0.32118279613826667
2 0.5450871213368352 0.31567959250015837 0.542716928756489 0.321552491060542 0.5431194669239904 0.32915653018709257 0.5449410562190675 0.3348859734399847 0.5477435012884169 0.3371279294954643 0.5515268021320385 0.33662971703869105 0.5543292472013881 0.33289312361289186 0.554889736215258 0.3249217243045201 0.5539088804409855 0.31944138728001453 0.5505459463577663 0.3149574751690555
1 0.19710443123789775 0.6004089029768247 0.1936084601091272 0.6045522761664787 0.19127781268994684 0.6107673359509597 0.1908116832061108 0.6169823957354407 0.1913659922450054 0.6260978167526794 0.19439583388993983 0.6311342579966461 0.19920201391516013 0.6333347314242372 0.20346962186311454 0.6316773821483754 0.20707425688202968 0.6275340089587217 0.20890255352065912 0.619468419649233 0.20805847410804554 0.6120103479078558 0.20596089143078317 0.607038300080271 0.20339717926968479 0.6020662522526863 0.20060040236666832 0.5999945656578594
3 0.8888405566390047 0.544464330777885 0.890151126823038 0.4217746578127946 0.9266163637502812 0.42045818073594204 0.92520940386016 0.27731728638958925 0.9495507144542248 0.27594042557930515 0.9506194876576621 0.4713825400921887 0.9293587352887178 0.47220096297496333 0.9288491897147522 0.5436523699417734
3 0.11447675896482963 0.5630677327487761 0.11362924987495517 0.4435802450061792 0.14984146722330624 0.4420761214008296 0.1465116041121606 0.29393876427502974 0.17219461058921978 0.29168559096917884 0.17698751620133424 0.4913781775208604 0.15356259536730751 0.49408718761575604 0.15547726202517034 0.5625209969287175
3 0.37244213483777644 0.5562511597825543 0.37100496441373065 0.43466709840734824 0.40956987943577955 0.43196411251679945 0.40826201990604033 0.28308394941303555 0.4330176467687829 0.2813580413766057 0.43552086305377413 0.39207580600677533 0.4376457435971848 0.48605970395564113 0.41472929749000387 0.48637098948013924 0.4145372618652071 0.557051947894604
3 0.6360543599098253 0.5493346791508804 0.6345324907845264 0.4282004303603719 0.6732657266842148 0.42609783252341515 0.6714529045215571 0.27571957001864883 0.6975561749302819 0.27474271168272013 0.7013415908456204 0.47884398620816365 0.6756451589452216 0.4797556597862534 0.6773068060241922 0.549536993031323
3 0.818787573229639 0.4772058502922205 0.7954844293684229 0.4748608693907336 0.7947578708801024 0.2749543963822679 0.8206804745127255 0.2756172410383815 0.8229101210147809 0.425061465441232 0.8599176687354354 0.4250614654412322 0.8599708453060725 0.544448162695421 0.8179567935840129 0.5440451592782203
3 0.0416417952402528 0.49601368955863573 0.022275990182061046 0.4977398171132555 0.0212639118664913 0.30319088810973505 0.04618968851111811 0.3031177653255642 0.04589417832193528 0.44686384443368515 0.08325321475168178 0.4444661198632873 0.08367211963915297 0.5660999662189798 0.04210274908373012 0.5662531083420081
3 0.29648172729473943 0.4866455060547335 0.2737546456003621 0.4883010230042111 0.27342948305702175 0.28943452022042304 0.29838242243023605 0.2883131106199473 0.29913344725154717 0.43584889988187103 0.33784012722727597 0.43390098789617115 0.338546508388564 0.5588302701696718 0.29744872029600156 0.5582343625921989
3 0.5596438308054383 0.5522898796731543 0.5595626441981125 0.48295698261386383 0.5355715411341395 0.48236535046183776 0.5365950986616479 0.28005283629134736 0.5616316602112487 0.280429526091874 0.5628876476654783 0.4288649405231931 0.6019309693964858 0.42946341475480027 0.6017110474683237 0.551396498226296
1 0.2510873060153974 0.597066054049783 0.24705276280936095 0.6021668887101319 0.24391425727428181 0.6102968714360025 0.24398669986771168 0.6193843156325677 0.24642601117703664 0.6275422751791119 0.2505329969765028 0.6320999856877311 0.255339177001723 0.63286426690928 0.25906821287241155 0.6297707254273761 0.26186498977542805 0.6256273522377221 0.26396257245269034 0.6189979551342758 0.2641956371946084 0.6115398833928986 0.26263662659461184 0.6056103740946189 0.26007291443351355 0.6006383262670343 0.2564682794145983 0.5976091782015126
1 0.4582240206150936 0.5921834228851093 0.45418947740905713 0.5972842575454581 0.45105097187397797 0.6054142402713287 0.45112341446740784 0.6145016844678939 0.4535627257767328 0.6226596440144381 0.457669711576199 0.6272173545230573 0.4624758916014192 0.6279816357446062 0.46620492747210773 0.6248880942627024 0.46900170437512423 0.6207447210730485 0.4710992870523865 0.614115323969602 0.47133235179430466 0.6066572522282248 0.469773341194308 0.6007277429299452 0.46720962903320973 0.5957556951023605 0.4636049940142945 0.5927265470368388
1 0.5130445519957056 0.5877115276019779 0.5090100087896693 0.5928123622623268 0.5058715032545901 0.6009423449881974 0.5059439458480199 0.6100297891847626 0.5083832571573449 0.6181877487313067 0.5124902429568111 0.6227454592399259 0.5172964229820313 0.6235097404614749 0.5210254588527199 0.620416198979571 0.5238222357557363 0.616272825789917 0.5259198184329986 0.6096434286864707 0.5261528831749167 0.6021853569450935 0.5245938725749201 0.5962558476468138 0.5220301604138219 0.5912837998192291 0.5184255253949066 0.5882546517537075
1 0.7183338847128498 0.5834862204087391 0.7142993415068133 0.588587055069088 0.7111608359717342 0.5967170377949585 0.7112332785651639 0.6058044819915238 0.7136725898744889 0.6139624415380679 0.7177795756739552 0.6185201520466872 0.7225857556991754 0.6192844332682361 0.7263147915698639 0.6161908917863321 0.7291115684728804 0.6120475185966783 0.7312091511501427 0.6054181214932319 0.7314422158920608 0.5979600497518547 0.7298832052920642 0.5920305404535751 0.7273194931309659 0.5870584926259903 0.7237148581120506 0.5840293445604686
