1 0.799175 0.456521 0.795141 0.451420 0.792002 0.443290 0.792075 0.434203 0.794514 0.426045 0.798621 0.421487 0.803427 0.420723 0.807156 0.423817 0.809953 0.427960 0.812051 0.434589 0.812284 0.442047 0.810725 0.447977 0.808161 0.452949 0.804556 0.455978
2 0.050796 0.662328 0.048426 0.656455 0.048828 0.648851 0.050650 0.643122 0.053452 0.640880 0.057236 0.641378 0.060038 0.645115 0.060599 0.653086 0.059618 0.658566 0.056255 0.663050
2 0.826192 0.726315 0.823822 0.720442 0.824224 0.712838 0.826046 0.707108 0.828848 0.704866 0.832631 0.705364 0.835434 0.709101 0.835994 0.717072 0.835013 0.722553 0.831651 0.727037
2 0.305743 0.686408 0.303373 0.680535 0.303775 0.672931 0.305597 0.667202 0.308399 0.664960 0.312183 0.665458 0.314985 0.669194 0.315546 0.677166 0.314565 0.682646 0.311202 0.687130
2 0.568712 0.709668 0.566342 0.703795 0.566744 0.696191 0.568566 0.690462 0.571368 0.688220 0.575151 0.688718 0.577954 0.692454 0.578514 0.700426 0.577534 0.705906 0.574171 0.710390
1 0.226031 0.408991 0.222535 0.404847 0.220205 0.398632 0.219738 0.392417 0.220293 0.383302 0.223323 0.378265 0.228129 0.376065 0.232396 0.377722 0.236001 0.381866 0.237829 0.389931 0.236985 0.397389 0.234888 0.402361 0.232324 0.407333 0.229527 0.409405
3 0.918491 0.496157 0.914292 0.615965 0.949785 0.621315 0.947878 0.770586 0.973016 0.771595 0.977560 0.572696 0.955444 0.570725 0.956879 0.500426
3 0.142729 0.434540 0.139129 0.557374 0.176040 0.561551 0.172999 0.706203 0.197984 0.709033 0.204557 0.511393 0.182070 0.509968 0.184801 0.439621
3 0.401046 0.457220 0.396841 0.579424 0.435406 0.585228 0.432162 0.736677 0.458554 0.740028 0.464878 0.534234 0.441264 0.530822 0.442551 0.461809
3 0.663104 0.481704 0.660451 0.600357 0.698005 0.604512 0.696001 0.757353 0.721057 0.759527 0.726297 0.554824 0.703392 0.554384 0.705054 0.485223
3 0.843461 0.562525 0.822102 0.562253 0.817369 0.762527 0.842202 0.763121 0.846611 0.614093 0.882646 0.617550 0.886264 0.496435 0.846843 0.492805
3 0.067160 0.499870 0.044065 0.497523 0.043126 0.692072 0.066764 0.694199 0.067575 0.549020 0.105283 0.553899 0.107771 0.431601 0.069125 0.429823
3 0.323671 0.522499 0.301293 0.520223 0.296457 0.720330 0.323768 0.723313 0.325758 0.575349 0.364814 0.575821 0.368179 0.455897 0.326010 0.451103
3 0.586893 0.472800 0.585333 0.543181 0.562039 0.541483 0.558792 0.741935 0.583829 0.744660 0.589272 0.596224 0.627966 0.599968 0.630164 0.476794
1 0.279892 0.412826 0.275858 0.407725 0.272719 0.399595 0.272792 0.390508 0.275231 0.382350 0.279338 0.377792 0.284144 0.377028 0.287873 0.380122 0.290670 0.384265 0.292768 0.390894 0.293001 0.398352 0.291442 0.404282 0.288878 0.409254 0.285273 0.412283
1 0.487032 0.430998 0.482997 0.425897 0.479859 0.417767 0.479931 0.408680 0.482371 0.400522 0.486478 0.395964 0.491284 0.395200 0.495013 0.398293 0.497810 0.402436 0.499907 0.409066 0.500140 0.416524 0.498581 0.422453 0.496018 0.427426 0.492413 0.430455
1 0.541855 0.433778 0.537821 0.428678 0.534682 0.420548 0.534755 0.411460 0.537194 0.403302 0.541301 0.398744 0.546107 0.397980 0.549836 0.401074 0.552633 0.405217 0.554731 0.411846 0.554964 0.419305 0.553405 0.425234 0.550841 0.430206 0.547236 0.433235
1 0.747322 0.451053 0.743287 0.445953 0.740149 0.437823 0.740221 0.428735 0.742660 0.420577 0.746767 0.416019 0.751574 0.415255 0.755303 0.418349 0.758099 0.422492 0.760197 0.429121 0.760430 0.436580 0.758871 0.442509 0.756307 0.447481 0.752703 0.450510
