1 0.715988 0.606828 0.711588 0.610863 0.707835 0.618123 0.707184 0.627137 0.708950 0.635826 0.712653 0.641371 0.717350 0.643335 0.721288 0.641210 0.724386 0.637812 0.726990 0.631776 0.727814 0.624452 0.726742 0.618190 0.724599 0.612623 0.721272 0.608718
2 0.061369 0.235236 0.058556 0.240454 0.058349 0.248083 0.059697 0.254213 0.062293 0.257137 0.066078 0.257594 0.069149 0.254600 0.070338 0.246849 0.069803 0.241178 0.066831 0.235893
2 0.812642 0.360239 0.809828 0.365457 0.809622 0.373085 0.810969 0.379215 0.813565 0.382139 0.817350 0.382597 0.820422 0.379602 0.821611 0.371852 0.821076 0.366180 0.818103 0.360896
2 0.306844 0.277578 0.304031 0.282796 0.303824 0.290425 0.305172 0.296555 0.307768 0.299479 0.311553 0.299937 0.314624 0.296942 0.315813 0.289192 0.315278 0.283520 0.312306 0.278236
2 0.561393 0.315046 0.558580 0.320264 0.558373 0.327893 0.559721 0.334023 0.562317 0.336947 0.566102 0.337405 0.569173 0.334410 0.570362 0.326660 0.569827 0.320988 0.566855 0.315704
1 0.208891 0.528854 0.205101 0.532077 0.202299 0.537644 0.201344 0.543680 0.201167 0.552843 0.203766 0.558590 0.208349 0.561977 0.212706 0.561409 0.216604 0.558213 0.219055 0.550688 0.218813 0.543093 0.217132 0.537644 0.214989 0.532077 0.212385 0.529323
3 0.882583 0.602956 0.887955 0.483295 0.923517 0.486921 0.933374 0.345969 0.956479 0.351631 0.947146 0.542034 0.925096 0.538426 0.920925 0.608379
3 0.130207 0.485441 0.136413 0.362937 0.171809 0.369334 0.176519 0.226854 0.201222 0.227824 0.195729 0.424446 0.175152 0.420660 0.170015 0.490416
3 0.380756 0.522399 0.386313 0.400366 0.424953 0.404314 0.432503 0.258134 0.457550 0.261108 0.450072 0.462204 0.426424 0.459647 0.422209 0.528289
3 0.635791 0.561451 0.642603 0.443323 0.680110 0.448649 0.686818 0.300033 0.712308 0.303495 0.704166 0.504950 0.681456 0.499628 0.677600 0.568512
3 0.817725 0.521957 0.796560 0.516857 0.807611 0.325502 0.831472 0.329332 0.824945 0.471699 0.860893 0.477335 0.854843 0.598143 0.815529 0.591827
3 0.066020 0.403219 0.041238 0.398482 0.053857 0.206792 0.081084 0.210743 0.070339 0.354667 0.108056 0.359315 0.100792 0.481010 0.062394 0.473056
3 0.312003 0.440560 0.289412 0.434679 0.301886 0.241411 0.327365 0.244868 0.318592 0.390477 0.356203 0.396292 0.350188 0.513462 0.308511 0.507722
3 0.561977 0.552356 0.566030 0.482290 0.542836 0.478115 0.556026 0.282807 0.580630 0.287361 0.570646 0.429880 0.612168 0.436642 0.603380 0.558834
1 0.262053 0.532961 0.257653 0.536996 0.253899 0.544256 0.253248 0.553270 0.255014 0.561959 0.258718 0.567504 0.263415 0.569468 0.267352 0.567343 0.270450 0.563945 0.273054 0.557909 0.273878 0.550584 0.272806 0.544323 0.270664 0.538756 0.267336 0.534851
1 0.462036 0.567324 0.457636 0.571359 0.453883 0.578618 0.453232 0.587633 0.454997 0.596322 0.458701 0.601866 0.463398 0.603831 0.467335 0.601706 0.470434 0.598307 0.473037 0.592272 0.473861 0.584947 0.472790 0.578685 0.470647 0.573119 0.467320 0.569214
1 0.516646 0.574653 0.512247 0.578689 0.508493 0.585948 0.507842 0.594962 0.509608 0.603652 0.513311 0.609196 0.518008 0.611161 0.521946 0.609036 0.525044 0.605637 0.527648 0.599601 0.528472 0.592277 0.527400 0.586015 0.525257 0.580448 0.521930 0.576544
1 0.768783 0.614727 0.764383 0.618763 0.760630 0.626022 0.759979 0.635036 0.761745 0.643726 0.765448 0.649270 0.770145 0.651235 0.774082 0.649110 0.777181 0.645711 0.779784 0.639675 0.780608 0.632351 0.779537 0.626089 0.777394 0.620522 0.774067 0.616618
