1 0.7747034834957373 0.5833468463997828 0.7706689402897008 0.5884476810601318 0.7675304347546217 0.5965776637860024 0.7676028773480514 0.6056651079825676 0.7700421886573764 0.6138230675291116 0.7741491744568427 0.6183807780377308 0.7789553544820629 0.6191450592592799 0.7826843903527514 0.616051517777376 0.7854811672557679 0.611908144587722 0.7875787499330302 0.6052787474842757 0.7878118146749483 0.5978206757428984 0.7862528040749517 0.5918911664446188 0.7836890919138534 0.586919118617034 0.7800844568949381 0.5838899705515125
2 0.025844723185841835 0.37214525680795846 0.023474530605495533 0.3780181553683421 0.0238770687729969 0.3856221944948926 0.025698658068074018 0.39135163774778475 0.028501103137423437 0.39359359380326425 0.03228440398104515 0.393095381346491 0.03508684905039458 0.3893587879206919 0.035647338064264476 0.38138738861232013 0.03466648228999216 0.3759070515878146 0.03130354820677286 0.3714231394768555
2 0.8009564617082424 0.3106315279912232 0.7985862691278962 0.31650442655160677 0.7989888072953976 0.3241084656781573 0.8008103965904746 0.3298379089310495 0.8036128416598239 0.332079864986529 0.8073961425034457 0.3315816525297558 0.8101985875727952 0.32784505910395656 0.8107590765866651 0.3198736597955849 0.8097782208123927 0.31439332277107934 0.8064152867291735 0.30990941066012023
2 0.2784798345072748 0.3485152711140278 0.2761096419269285 0.3543881696744114 0.2765121800944299 0.36199220880096195 0.278333769389507 0.36772165205385404 0.2811362144588564 0.3699636081093336 0.28491951530247817 0.36946539565256037 0.28772196037182757 0.3657288022267612 0.28828244938569747 0.3577574029183895 0.2873015936114251 0.35227706589388397 0.28393865952820585 0.34779315378292486
2 0.5419120218451431 0.32696883513728614 0.5395418292647969 0.33284173369766973 0.5399443674322982 0.34044577282422034 0.5417659567273754 0.3461752160771125 0.5445684017967247 0.348417172132592 0.5483517026403465 0.3479189596758188 0.551154147709696 0.3441823662500196 0.5517146367235658 0.3362109669416478 0.5507337809492934 0.3307306299171423 0.5473708468660742 0.3262467178061832
1 0.1990974865473971 0.6252113690505944 0.19560151541862653 0.6293547422402483 0.19327086799944618 0.6355698020247293 0.1928047385156101 0.6417848618092105 0.19335904755450473 0.6509002828264491 0.19638888919943917 0.6559367240704158 0.20119506922465946 0.6581371974980069 0.20546267717261388 0.6564798482221451 0.209067312191529 0.6523364750324915 0.21089560883015843 0.6442708857230027 0.21005152941754485 0.6368128139816255 0.20795394674028247 0.6318407661540407 0.20539023457918412 0.626868718326456 0.20259345767616765 0.624797031731629
3 0.8897477279223454 0.5396260839334016 0.8901511268230381 0.4185491599164724 0.9257091924669405 0.41723268283961984 0.9243022325768194 0.2708662905969449 0.9477363718875434 0.2694894297866607 0.9506194876576621 0.4713825400921887 0.9473322782811089 0.4715090797050673 0.9293587352887178 0.47220096297496333 0.9297563609980927 0.5363949996750484
3 0.11538393024817024 0.5929035882897565 0.11226849294994422 0.47502884949532087 0.14848071029829532 0.47191197694181 0.14515084718714968 0.32538736876417135 0.16992668238086825 0.32313419545832045 0.17698751620133424 0.5204076585877603 0.15446976665064813 0.5239230431567365 0.15638443330851096 0.592356852469698
3 0.37153496355443577 0.5756041471604876 0.37009779313039004 0.45402008578528147 0.40866270815243894 0.45131709989473273 0.4073548486226997 0.3024369367909688 0.4321104754854423 0.300711028754539 0.4346136917704335 0.41142879338470856 0.43628498667217386 0.5013808189631715 0.4142757118483336 0.5024984789617503 0.4136300905818665 0.5764049352725372
3 0.635600774268155 0.5557856749435248 0.6340789051428561 0.43465142615301633 0.6728121410425445 0.43254882831605956 0.6696385619548759 0.2837833147594544 0.6957418323636004 0.2820000819494451 0.6986200769955986 0.4812631096304053 0.6756451589452217 0.4829811576825756 0.6768532203825219 0.5559879888239674
3 0.8160660593796171 0.4755931013440594 0.7954844293684229 0.4748608693907336 0.7920363570300806 0.2773735198045095 0.817051789379363 0.2756172410383815 0.8210957784480997 0.4242550909671514 0.8576497405270839 0.42183596754491004 0.8590636740227319 0.5412226647990988 0.8179567935840129 0.5440451592782203
3 0.04164179524025279 0.5323005408922605 0.021822404540390732 0.5324139194987192 0.018088812374799125 0.33786499049519875 0.04346817466109625 0.3361791187628668 0.04589417832193528 0.4799251978709878 0.08325321475168178 0.4775274733005899 0.08367211963915297 0.5991613196562825 0.04210274908373012 0.5993144617793108
3 0.2955745560113988 0.5108367402771501 0.2733010599586918 0.5124922572266276 0.26980079792365924 0.31201300549467853 0.29430015165520323 0.31250434484236383 0.29822627596820656 0.46004013410428746 0.33602578466059474 0.45889859659266824 0.33945367967190465 0.5789896320216855 0.296541549012661 0.5824255968146156
3 0.5600974164471086 0.5643854967843626 0.5600162298397828 0.49505259972507204 0.5360251267758098 0.494460967573046 0.5320592422449448 0.29376120235071673 0.5580029750778862 0.2909123942549211 0.5601661338154564 0.4425733065825625 0.5992094555464639 0.4399462829178475 0.602164633109994 0.5634921153375042
1 0.2520838336701471 0.6200969154039977 0.24804929046411062 0.6251977500643465 0.24491078492903148 0.6333277327902171 0.24498322752246135 0.6424151769867824 0.2474225388317863 0.6505731365333266 0.25152952463125244 0.6551308470419457 0.25633570465647265 0.6558951282634946 0.2600647405271613 0.6528015867815908 0.2628615174301777 0.6486582135919369 0.26495910010744 0.6420288164884904 0.2651921648493581 0.6345707447471132 0.2636331542493615 0.6286412354488337 0.2610694420882632 0.6236691876212489 0.257464807069348 0.6206400395557272
1 0.4572274929603439 0.6081278653611041 0.45319294975430746 0.6132287000214529 0.45005444421922824 0.6213586827473236 0.45012688681265817 0.6304461269438888 0.45256619812198307 0.638604086490433 0.4566731839214493 0.6431617969990521 0.4614793639466695 0.643926078220601 0.46520839981735806 0.6408325367386972 0.4680051767203745 0.6366891635490433 0.4701027593976368 0.6300597664455968 0.47033582413955494 0.6226016947042196 0.4687768135395583 0.61667218540594 0.46621310137846 0.6117001375783553 0.4626084663595448 0.6086709895128337
1 0.5130445519957058 0.6001127606388628 0.5090100087896693 0.6052135952992117 0.5058715032545902 0.6133435780250823 0.50594394584802 0.6224310222216475 0.508383257157345 0.6305889817681917 0.5124902429568112 0.6351466922768109 0.5172964229820314 0.6359109734983598 0.5210254588527199 0.6328174320164559 0.5238222357557364 0.6286740588268019 0.5259198184329987 0.6220446617233556 0.5261528831749168 0.6145865899819783 0.5245938725749202 0.6086570806836987 0.5220301604138219 0.6036850328561141 0.5184255253949067 0.6006558847905924
1 0.7213234676770988 0.587029429847849 0.7172889244710623 0.5921302645081981 0.7141504189359832 0.6002602472340686 0.714222861529413 0.6093476914306338 0.7166621728387379 0.6175056509771779 0.7207691586382041 0.6220633614857971 0.7255753386634244 0.6228276427073461 0.7293043745341129 0.6197341012254421 0.7321011514371294 0.6155907280357882 0.7341987341143917 0.608961330932342 0.7344317988563098 0.6015032591909647 0.7328727882563132 0.5955737498926851 0.7303090760952149 0.5906017020651003 0.7267044410762996 0.5875725539995786
