1 0.795704 0.460795 0.792198 0.467010 0.789857 0.475949 0.790772 0.484891 0.793935 0.492221 0.798409 0.495512 0.803220 0.494855 0.806611 0.490710 0.808985 0.485803 0.810438 0.478649 0.809976 0.471225 0.807888 0.465834 0.804898 0.461682 0.801061 0.459752
2 0.040239 0.473236 0.038447 0.479723 0.039549 0.487105 0.041878 0.492221 0.044850 0.493610 0.048535 0.492009 0.050952 0.487502 0.050765 0.479475 0.049289 0.474358 0.045556 0.470922
2 0.796930 0.179028 0.795138 0.185516 0.796241 0.192898 0.798569 0.198014 0.801541 0.199403 0.805226 0.197802 0.807644 0.193294 0.807456 0.185268 0.805980 0.180150 0.802247 0.176714
2 0.286645 0.376590 0.284852 0.383077 0.285955 0.390459 0.288284 0.395575 0.291256 0.396965 0.294941 0.395363 0.297358 0.390856 0.297171 0.382829 0.295695 0.377712 0.291962 0.374276
2 0.543365 0.277707 0.541572 0.284195 0.542675 0.291576 0.545004 0.296693 0.547976 0.298082 0.551661 0.296481 0.554078 0.291973 0.553891 0.283947 0.552415 0.278829 0.548682 0.275393
1 0.233492 0.679407 0.230428 0.684519 0.228706 0.691333 0.228824 0.697599 0.230216 0.706427 0.233672 0.710506 0.238617 0.711266 0.242672 0.708379 0.245843 0.703235 0.246897 0.694744 0.245372 0.687636 0.242842 0.683347 0.239852 0.679195 0.236901 0.677973
3 0.907786 0.380265 0.892523 0.263330 0.926840 0.251950 0.911296 0.100976 0.935995 0.092607 0.958940 0.287446 0.937310 0.295878 0.945251 0.364792
3 0.147739 0.673276 0.132787 0.553183 0.168803 0.538234 0.152377 0.396458 0.176757 0.386337 0.201585 0.579339 0.179539 0.587341 0.188762 0.655922
3 0.401572 0.574779 0.386082 0.455483 0.423579 0.438444 0.404868 0.293645 0.430006 0.282770 0.457380 0.480093 0.434406 0.490387 0.442082 0.558075
3 0.658056 0.476851 0.643842 0.354399 0.680496 0.339283 0.663654 0.194641 0.688650 0.183939 0.713401 0.384125 0.691046 0.393347 0.699105 0.461072
3 0.829115 0.338710 0.808074 0.345244 0.785107 0.152206 0.809545 0.144335 0.827435 0.286924 0.862655 0.272943 0.876303 0.391682 0.836694 0.408208
3 0.070394 0.630045 0.047832 0.639135 0.028847 0.447529 0.051964 0.438497 0.066240 0.581448 0.102978 0.565573 0.116784 0.685464 0.078834 0.698556
3 0.317454 0.533613 0.295594 0.542422 0.272249 0.346478 0.298909 0.335524 0.314606 0.480875 0.353082 0.468952 0.367533 0.586244 0.326388 0.603344
3 0.586024 0.501991 0.575722 0.434758 0.552809 0.442232 0.530417 0.245654 0.556216 0.237343 0.572260 0.380944 0.610076 0.365900 0.625423 0.486221
1 0.284940 0.653419 0.281434 0.659633 0.279093 0.668573 0.280008 0.677514 0.283171 0.684845 0.287645 0.688135 0.292456 0.687479 0.295847 0.683334 0.298221 0.678427 0.299674 0.671273 0.299212 0.663849 0.297124 0.658458 0.294134 0.654306 0.290297 0.652376
1 0.487998 0.578202 0.484492 0.584416 0.482151 0.593356 0.483066 0.602297 0.486229 0.609628 0.490703 0.612918 0.495514 0.612262 0.498905 0.608117 0.501279 0.603210 0.502732 0.596056 0.502270 0.588631 0.500182 0.583241 0.497192 0.579089 0.493355 0.577159
1 0.543669 0.557551 0.540163 0.563765 0.537822 0.572705 0.538737 0.581646 0.541900 0.588977 0.546374 0.592267 0.551185 0.591611 0.554576 0.587466 0.556950 0.582559 0.558403 0.575405 0.557941 0.567981 0.555853 0.562590 0.552863 0.558438 0.549026 0.556508
1 0.745082 0.477790 0.741576 0.484004 0.739236 0.492943 0.740151 0.501885 0.743314 0.509215 0.747787 0.512506 0.752599 0.511850 0.755989 0.507704 0.758363 0.502797 0.759817 0.495643 0.759354 0.488219 0.757266 0.482828 0.754276 0.478677 0.750440 0.476747
