1 0.755539 0.628607 0.751116 0.632561 0.747320 0.639751 0.746616 0.648753 0.748331 0.657474 0.752001 0.663087 0.756687 0.665138 0.760637 0.663086 0.763755 0.659745 0.766394 0.653758 0.767260 0.646449 0.766225 0.640167 0.764115 0.634562 0.760811 0.630595
2 0.047896 0.146301 0.045053 0.151467 0.044802 0.159092 0.046113 0.165246 0.048692 0.168218 0.052474 0.168745 0.055563 0.165808 0.056797 0.158080 0.056295 0.152398 0.053354 0.147060
2 0.814775 0.374876 0.811931 0.380042 0.811680 0.387666 0.812992 0.393821 0.815571 0.396793 0.819353 0.397320 0.822442 0.394383 0.823676 0.386655 0.823174 0.380973 0.820232 0.375634
2 0.297713 0.216714 0.294869 0.221880 0.294618 0.229504 0.295930 0.235659 0.298509 0.238630 0.302291 0.239158 0.305380 0.236220 0.306614 0.228492 0.306112 0.222811 0.303170 0.217472
2 0.557728 0.291352 0.554884 0.296518 0.554633 0.304142 0.555945 0.310297 0.558523 0.313268 0.562305 0.313796 0.565394 0.310859 0.566628 0.303130 0.566126 0.297449 0.563185 0.292110
1 0.187715 0.461844 0.183906 0.464997 0.181072 0.470512 0.180081 0.476529 0.179851 0.485689 0.182416 0.491484 0.186979 0.494955 0.191338 0.494468 0.195255 0.491344 0.197750 0.483865 0.197552 0.476266 0.195903 0.470785 0.193793 0.465180 0.191206 0.462378
3 0.876799 0.628081 0.887477 0.510431 0.923850 0.518492 0.937341 0.376458 0.962331 0.385269 0.942701 0.573714 0.921197 0.570728 0.914575 0.639075
3 0.109521 0.400004 0.119445 0.282148 0.157349 0.290362 0.168438 0.143818 0.195846 0.149169 0.178656 0.350639 0.156939 0.343475 0.150432 0.410480
3 0.364523 0.474192 0.374563 0.354994 0.413551 0.366251 0.426250 0.218950 0.452779 0.225522 0.435941 0.424077 0.412811 0.416527 0.406189 0.484874
3 0.622798 0.553956 0.636320 0.430215 0.673567 0.443743 0.687252 0.293965 0.713550 0.303221 0.695841 0.502911 0.671956 0.495156 0.664348 0.565980
3 0.805028 0.605703 0.811666 0.537565 0.790231 0.531466 0.808464 0.336804 0.834675 0.344694 0.819436 0.486930 0.857349 0.501394 0.845534 0.618955 0.825781 0.613906
3 0.042372 0.381686 0.046812 0.313511 0.025030 0.306283 0.041501 0.115466 0.063500 0.120183 0.052069 0.260978 0.089495 0.271188 0.079735 0.392056 0.064856 0.386314
3 0.289346 0.454589 0.295411 0.385483 0.274024 0.378908 0.293696 0.181242 0.317260 0.187759 0.304327 0.335322 0.343146 0.347286 0.331095 0.466156 0.310960 0.460352
3 0.549738 0.529310 0.555687 0.461546 0.532152 0.453011 0.552463 0.256893 0.578930 0.265575 0.563848 0.411179 0.602551 0.424485 0.590616 0.542013 0.570597 0.534868
1 0.239646 0.475032 0.235223 0.478986 0.231427 0.486176 0.230723 0.495178 0.232438 0.503899 0.236109 0.509512 0.240794 0.511563 0.244744 0.509511 0.247862 0.506170 0.250501 0.500183 0.251368 0.492874 0.250333 0.486592 0.248223 0.480987 0.244918 0.477020
1 0.445044 0.536395 0.440621 0.540349 0.436825 0.547539 0.436121 0.556540 0.437836 0.565262 0.441507 0.570874 0.446192 0.572926 0.450142 0.570874 0.453260 0.567532 0.455899 0.561545 0.456766 0.554236 0.455731 0.547955 0.453621 0.542349 0.450316 0.538383
1 0.498672 0.551428 0.494249 0.555382 0.490453 0.562571 0.489749 0.571573 0.491464 0.580294 0.495135 0.585907 0.499820 0.587958 0.503770 0.585906 0.506888 0.582565 0.509527 0.576578 0.510394 0.569269 0.509359 0.562988 0.507249 0.557382 0.503944 0.553416
1 0.702973 0.613379 0.698550 0.617333 0.694754 0.624522 0.694051 0.633524 0.695766 0.642246 0.699436 0.647858 0.704122 0.649909 0.708071 0.647857 0.711189 0.644516 0.713828 0.638529 0.714695 0.631220 0.713660 0.624939 0.711550 0.619333 0.708246 0.615367
