1 0.204711 0.548085 0.208746 0.553186 0.211884 0.561316 0.211812 0.570403 0.209372 0.578561 0.205266 0.583119 0.200459 0.583883 0.196730 0.580790 0.193934 0.576646 0.191836 0.570017 0.191603 0.562559 0.193162 0.556629 0.195726 0.551657 0.199330 0.548628
2 0.950973 0.338720 0.953343 0.344593 0.952941 0.352197 0.951119 0.357927 0.948317 0.360169 0.944533 0.359670 0.941731 0.355934 0.941170 0.347962 0.942151 0.342482 0.945514 0.337998
2 0.177346 0.270541 0.179716 0.276414 0.179314 0.284018 0.177492 0.289747 0.174690 0.291989 0.170907 0.291491 0.168104 0.287754 0.167544 0.279783 0.168524 0.274302 0.171887 0.269819
2 0.698974 0.315689 0.701344 0.321561 0.700942 0.329166 0.699120 0.334895 0.696318 0.337137 0.692535 0.336639 0.689732 0.332902 0.689172 0.324931 0.690152 0.319450 0.693515 0.314966
2 0.436595 0.293477 0.438965 0.299350 0.438563 0.306954 0.436741 0.312683 0.433939 0.314925 0.430155 0.314427 0.427353 0.310690 0.426793 0.302719 0.427773 0.297239 0.431136 0.292755
1 0.779508 0.598760 0.783004 0.602904 0.785335 0.609119 0.785801 0.615334 0.785247 0.624449 0.782217 0.629486 0.777411 0.631686 0.773143 0.630029 0.769538 0.625886 0.767710 0.617820 0.768554 0.610362 0.770652 0.605390 0.773215 0.600418 0.776012 0.598346
3 0.086691 0.501540 0.090890 0.381732 0.055987 0.380575 0.057304 0.227111 0.032166 0.226102 0.027622 0.425001 0.049738 0.426972 0.048302 0.497271
3 0.863516 0.567556 0.867116 0.444723 0.830206 0.440545 0.833246 0.295894 0.808261 0.293064 0.801688 0.490703 0.824175 0.492128 0.821444 0.562475
3 0.604020 0.544877 0.608224 0.422673 0.569659 0.416868 0.574673 0.268565 0.548870 0.265214 0.540188 0.467862 0.563802 0.471275 0.562515 0.540287
3 0.341962 0.523538 0.344614 0.398595 0.307060 0.394439 0.310245 0.246840 0.284598 0.243618 0.278768 0.448321 0.301673 0.450857 0.300012 0.520018
3 0.160426 0.437475 0.181784 0.437747 0.186517 0.240618 0.161684 0.240024 0.157276 0.385907 0.121240 0.382450 0.118801 0.503565 0.159402 0.508244
3 0.935788 0.502227 0.958884 0.504573 0.959822 0.310024 0.936184 0.307898 0.935374 0.453077 0.897666 0.448198 0.895178 0.570496 0.933823 0.572274
3 0.683163 0.479597 0.705542 0.481873 0.710378 0.281766 0.683067 0.278784 0.681077 0.426748 0.642021 0.426276 0.638656 0.546200 0.680825 0.550994
3 0.415341 0.527200 0.419260 0.457868 0.442553 0.458517 0.446390 0.258065 0.420174 0.257437 0.417679 0.403776 0.378985 0.400032 0.375018 0.523206
1 0.726353 0.588222 0.730387 0.593323 0.733526 0.601453 0.733453 0.610540 0.731014 0.618698 0.726907 0.623256 0.722101 0.624020 0.718372 0.620927 0.715575 0.616783 0.713478 0.610154 0.713245 0.602696 0.714804 0.596766 0.717367 0.591794 0.720972 0.588765
1 0.519097 0.573608 0.523131 0.578709 0.526270 0.586839 0.526198 0.595927 0.523758 0.604085 0.519651 0.608642 0.514845 0.609407 0.511116 0.606313 0.508319 0.602170 0.506222 0.595540 0.505989 0.588082 0.507548 0.582153 0.510111 0.577181 0.513716 0.574152
1 0.462272 0.569573 0.466307 0.574674 0.469445 0.582804 0.469373 0.591891 0.466934 0.600049 0.462827 0.604607 0.458020 0.605371 0.454291 0.602278 0.451495 0.598134 0.449397 0.591505 0.449164 0.584047 0.450723 0.578117 0.453287 0.573145 0.456891 0.570116
1 0.256216 0.549995 0.260251 0.555096 0.263389 0.563226 0.263317 0.572313 0.260878 0.580471 0.256771 0.585029 0.251964 0.585793 0.248235 0.582700 0.245439 0.578556 0.243341 0.571927 0.243108 0.564469 0.244667 0.558539 0.247231 0.553567 0.250835 0.550538
