1 0.236445 0.558209 0.240480 0.563310 0.243618 0.571440 0.243546 0.580528 0.241106 0.588685 0.236999 0.593243 0.232193 0.594007 0.228464 0.590914 0.225667 0.586771 0.223570 0.580141 0.223337 0.572683 0.224896 0.566754 0.227459 0.561782 0.231064 0.558752
2 0.977051 0.272311 0.979421 0.278184 0.979019 0.285788 0.977197 0.291517 0.974395 0.293759 0.970611 0.293261 0.967809 0.289524 0.967248 0.281553 0.968229 0.276073 0.971592 0.271589
2 0.199543 0.291440 0.201914 0.297313 0.201511 0.304917 0.199689 0.310646 0.196887 0.312888 0.193104 0.312390 0.190301 0.308653 0.189741 0.300682 0.190722 0.295202 0.194085 0.290718
2 0.724117 0.274542 0.726487 0.280415 0.726085 0.288019 0.724263 0.293748 0.721461 0.295990 0.717678 0.295492 0.714875 0.291755 0.714315 0.283784 0.715295 0.278303 0.718658 0.273820
2 0.460743 0.278199 0.463113 0.284072 0.462711 0.291676 0.460889 0.297405 0.458087 0.299647 0.454303 0.299149 0.451501 0.295413 0.450940 0.287441 0.451921 0.281961 0.455284 0.277477
1 0.811927 0.546499 0.815423 0.550642 0.817754 0.556857 0.818220 0.563072 0.817666 0.572188 0.814636 0.577224 0.809830 0.579425 0.805562 0.577767 0.801957 0.573624 0.800129 0.565558 0.800973 0.558100 0.803071 0.553128 0.805635 0.548156 0.808431 0.546084
3 0.116633 0.524989 0.116116 0.405820 0.079477 0.403980 0.078261 0.259952 0.052808 0.261922 0.056132 0.453480 0.077642 0.456327 0.078356 0.525669
3 0.894492 0.506460 0.894739 0.387292 0.856573 0.385189 0.858116 0.237351 0.830569 0.235248 0.830370 0.439023 0.852447 0.437799 0.853161 0.505783
3 0.636111 0.511024 0.636358 0.390498 0.596861 0.391111 0.596877 0.242090 0.570094 0.241432 0.569796 0.442230 0.593302 0.441005 0.594016 0.510347
3 0.374019 0.520217 0.371212 0.394262 0.333242 0.397589 0.332494 0.245853 0.305711 0.247910 0.306177 0.450066 0.330447 0.448841 0.331924 0.520897
3 0.189483 0.522225 0.188735 0.453085 0.210443 0.452837 0.209030 0.255510 0.182449 0.256241 0.185376 0.400941 0.146667 0.405013 0.148315 0.524400 0.168270 0.524736
3 0.962427 0.506462 0.963856 0.437878 0.986003 0.436608 0.986003 0.243557 0.963856 0.242287 0.963142 0.384535 0.925278 0.384535 0.924613 0.506637 0.939809 0.504973
3 0.712091 0.511921 0.711993 0.441979 0.733693 0.441247 0.731114 0.240563 0.707267 0.240651 0.707460 0.389994 0.668069 0.391351 0.669839 0.512095 0.690236 0.511789
3 0.448337 0.515558 0.448238 0.446975 0.472229 0.444885 0.468887 0.245559 0.441986 0.247003 0.444470 0.394989 0.405079 0.397704 0.406848 0.517091 0.427245 0.515427
1 0.759472 0.545530 0.763506 0.550631 0.766645 0.558761 0.766572 0.567848 0.764133 0.576006 0.760026 0.580564 0.755220 0.581328 0.751491 0.578235 0.748694 0.574091 0.746596 0.567462 0.746363 0.560004 0.747922 0.554074 0.750486 0.549102 0.754091 0.546073
1 0.551215 0.550794 0.555249 0.555895 0.558388 0.564025 0.558315 0.573112 0.555876 0.581270 0.551769 0.585828 0.546963 0.586592 0.543234 0.583498 0.540437 0.579355 0.538339 0.572726 0.538106 0.565268 0.539665 0.559338 0.542229 0.554366 0.545834 0.551337
1 0.496925 0.551191 0.500959 0.556292 0.504098 0.564422 0.504025 0.573509 0.501586 0.581667 0.497479 0.586225 0.492673 0.586989 0.488944 0.583896 0.486147 0.579752 0.484049 0.573123 0.483816 0.565665 0.485375 0.559735 0.487939 0.554763 0.491544 0.551734
1 0.289701 0.557332 0.293736 0.562433 0.296874 0.570563 0.296802 0.579650 0.294363 0.587808 0.290256 0.592366 0.285449 0.593130 0.281720 0.590037 0.278924 0.585893 0.276826 0.579264 0.276593 0.571806 0.278152 0.565876 0.280716 0.560904 0.284320 0.557875
