2 0.016862 0.308103 0.014612 0.314123 0.015167 0.321697 0.017103 0.327306 0.019949 0.329368 0.023720 0.328629 0.026445 0.324716 0.026845 0.316714 0.025754 0.311299 0.022302 0.307033
2 0.790790 0.278566 0.788540 0.284586 0.789096 0.292160 0.791032 0.297769 0.793878 0.299831 0.797648 0.299091 0.800374 0.295178 0.800773 0.287176 0.799682 0.281762 0.796231 0.277496
2 0.268885 0.292229 0.266635 0.298250 0.267191 0.305823 0.269127 0.311433 0.271973 0.313494 0.275744 0.312755 0.278469 0.308842 0.278868 0.300840 0.277777 0.295426 0.274326 0.291159
2 0.531730 0.281625 0.529479 0.287646 0.530035 0.295219 0.531971 0.300828 0.534817 0.302890 0.538588 0.302151 0.541313 0.298238 0.541712 0.290236 0.540622 0.284822 0.537170 0.280555
1 0.183280 0.565743 0.179870 0.570107 0.177666 0.576466 0.177326 0.582707 0.178064 0.591781 0.181193 0.596621 0.186041 0.598514 0.190272 0.596585 0.193791 0.592214 0.195455 0.584037 0.194461 0.576638 0.192264 0.571803 0.189602 0.566998 0.186765 0.565106
3 0.878802 0.507394 0.877699 0.387923 0.914163 0.386698 0.914400 0.243450 0.940155 0.245269 0.939228 0.438476 0.916621 0.439931 0.916987 0.505757
3 0.102996 0.531890 0.100675 0.414088 0.136834 0.410274 0.133638 0.264507 0.158921 0.261603 0.164570 0.461064 0.141603 0.462014 0.143554 0.531174
3 0.360591 0.524038 0.358513 0.402508 0.397047 0.399763 0.395001 0.250918 0.420175 0.248390 0.423914 0.451371 0.400566 0.453174 0.401768 0.522210
3 0.623313 0.516479 0.622033 0.393734 0.660764 0.392385 0.660449 0.241929 0.685625 0.240151 0.686714 0.443508 0.662833 0.444331 0.664089 0.514077
3 0.805104 0.441571 0.783598 0.441404 0.783871 0.243772 0.808463 0.244479 0.809078 0.389139 0.845673 0.390030 0.846761 0.508617 0.806595 0.511585
3 0.028690 0.465833 0.009776 0.466348 0.008495 0.273369 0.034343 0.273259 0.033760 0.416328 0.070659 0.414800 0.072108 0.533192 0.030569 0.535998
3 0.284585 0.456820 0.260934 0.456759 0.260220 0.257810 0.286090 0.257457 0.285772 0.406722 0.324431 0.403111 0.326234 0.524778 0.284698 0.526834
3 0.548257 0.518580 0.547666 0.448433 0.523646 0.447761 0.523336 0.246952 0.548866 0.248119 0.549476 0.395805 0.588069 0.394746 0.588935 0.515896
1 0.237232 0.562498 0.233303 0.567853 0.230331 0.576178 0.230587 0.585255 0.233189 0.593252 0.237385 0.597545 0.242204 0.598002 0.245868 0.594672 0.248579 0.590353 0.250542 0.583594 0.250624 0.576126 0.248946 0.570300 0.246284 0.565495 0.242620 0.562698
1 0.443427 0.558628 0.439498 0.563983 0.436526 0.572308 0.436781 0.581385 0.439384 0.589382 0.443580 0.593674 0.448399 0.594131 0.452063 0.590802 0.454774 0.586483 0.456737 0.579724 0.456819 0.572256 0.455141 0.566429 0.452479 0.561624 0.448815 0.558827
1 0.500257 0.557615 0.496328 0.562970 0.493355 0.571295 0.493611 0.580372 0.496214 0.588369 0.500410 0.592662 0.505229 0.593119 0.508893 0.589789 0.511604 0.585470 0.513566 0.578711 0.513649 0.571243 0.511971 0.565417 0.509309 0.560612 0.505645 0.557814
1 0.706539 0.550851 0.702610 0.556206 0.699638 0.564531 0.699893 0.573608 0.702496 0.581605 0.706692 0.585898 0.711511 0.586355 0.715175 0.583025 0.717886 0.578706 0.719849 0.571947 0.719931 0.564479 0.718253 0.558653 0.715591 0.553848 0.711927 0.551051
1 0.759882 0.547306 0.755953 0.552661 0.752980 0.560986 0.753236 0.570063 0.755839 0.578060 0.760035 0.582352 0.764854 0.582809 0.768518 0.579480 0.771229 0.575161 0.773191 0.568402 0.773274 0.560934 0.771596 0.555107 0.768934 0.550302 0.765270 0.547505
