1 0.277685 0.551462 0.281720 0.556563 0.284858 0.564693 0.284786 0.573780 0.282347 0.581938 0.278240 0.586496 0.273433 0.587260 0.269704 0.584166 0.266908 0.580023 0.264810 0.573394 0.264577 0.565936 0.266136 0.560006 0.268700 0.555034 0.272304 0.552005
2 0.955282 0.348155 0.957652 0.354028 0.957250 0.361632 0.955428 0.367361 0.952626 0.369603 0.948842 0.369105 0.946040 0.365368 0.945479 0.357397 0.946460 0.351917 0.949823 0.347433
2 0.201615 0.283054 0.203986 0.288927 0.203583 0.296531 0.201761 0.302260 0.198959 0.304502 0.195176 0.304004 0.192373 0.300267 0.191813 0.292296 0.192794 0.286816 0.196157 0.282332
2 0.708905 0.328366 0.711276 0.334239 0.710873 0.341843 0.709052 0.347573 0.706249 0.349815 0.702466 0.349317 0.699663 0.345580 0.699103 0.337609 0.700084 0.332128 0.703447 0.327644
2 0.453934 0.301472 0.456304 0.307345 0.455902 0.314949 0.454080 0.320678 0.451278 0.322920 0.447494 0.322422 0.444692 0.318686 0.444131 0.310714 0.445112 0.305234 0.448475 0.300750
1 0.785889 0.601741 0.789385 0.605884 0.791716 0.612099 0.792182 0.618314 0.791627 0.627430 0.788598 0.632466 0.783791 0.634666 0.779524 0.633009 0.775919 0.628866 0.774091 0.620800 0.774935 0.613342 0.777033 0.608370 0.779596 0.603398 0.782393 0.601326
3 0.113072 0.505751 0.117271 0.385943 0.081778 0.380593 0.083231 0.238579 0.059908 0.238377 0.054003 0.429212 0.076119 0.431183 0.074684 0.501482
3 0.867236 0.578542 0.870836 0.455709 0.835287 0.453144 0.841955 0.310912 0.817424 0.305663 0.807223 0.501689 0.827895 0.503114 0.827432 0.573461
3 0.616265 0.552149 0.620469 0.429944 0.581904 0.424140 0.586055 0.277530 0.561024 0.274179 0.552432 0.475134 0.576047 0.478547 0.574759 0.547559
3 0.360685 0.526700 0.363338 0.408047 0.325784 0.403891 0.330964 0.255082 0.305454 0.252101 0.297492 0.453579 0.320397 0.454019 0.318735 0.523180
3 0.183720 0.441870 0.205079 0.442142 0.209358 0.249931 0.185432 0.247725 0.180570 0.390302 0.144535 0.386844 0.140917 0.507960 0.180338 0.511590
3 0.937317 0.513281 0.962228 0.514821 0.964981 0.321884 0.937714 0.318952 0.936903 0.464131 0.899195 0.459252 0.896707 0.581549 0.935353 0.583328
3 0.690836 0.488414 0.713668 0.488271 0.716690 0.293809 0.691193 0.290826 0.688296 0.437177 0.650601 0.433480 0.647236 0.550985 0.688951 0.555779
3 0.434481 0.536251 0.436042 0.465870 0.459335 0.467567 0.461811 0.270906 0.437092 0.269229 0.435641 0.412826 0.393998 0.409083 0.392979 0.532256
1 0.732935 0.592443 0.736970 0.597544 0.740108 0.605673 0.740036 0.614761 0.737596 0.622919 0.733489 0.627477 0.728683 0.628241 0.724954 0.625147 0.722157 0.621004 0.720060 0.614375 0.719827 0.606917 0.721386 0.600987 0.723950 0.596015 0.727554 0.592986
1 0.532228 0.576190 0.536263 0.581291 0.539401 0.589421 0.539329 0.598508 0.536889 0.606666 0.532782 0.611224 0.527976 0.611988 0.524247 0.608895 0.521450 0.604752 0.519353 0.598122 0.519120 0.590664 0.520679 0.584735 0.523243 0.579762 0.526847 0.576733
1 0.477583 0.569719 0.481618 0.574820 0.484757 0.582950 0.484684 0.592037 0.482245 0.600195 0.478138 0.604753 0.473332 0.605517 0.469603 0.602424 0.466806 0.598280 0.464708 0.591651 0.464475 0.584193 0.466034 0.578263 0.468598 0.573291 0.472202 0.570262
1 0.224793 0.546011 0.228827 0.551112 0.231966 0.559242 0.231893 0.568329 0.229454 0.576487 0.225347 0.581045 0.220541 0.581809 0.216812 0.578715 0.214015 0.574572 0.211917 0.567943 0.211684 0.560485 0.213243 0.554555 0.215807 0.549583 0.219412 0.546554
