1 0.791769 0.487230 0.788175 0.493283 0.785706 0.502113 0.786492 0.511093 0.789548 0.518565 0.793973 0.522058 0.798792 0.521621 0.802242 0.517631 0.804685 0.512834 0.806241 0.505748 0.805886 0.498306 0.803876 0.492821 0.800947 0.488535 0.797139 0.486431
2 0.033905 0.450305 0.032020 0.456709 0.033016 0.464139 0.035270 0.469360 0.038221 0.470883 0.041928 0.469450 0.044409 0.465054 0.044338 0.457022 0.042936 0.451839 0.039253 0.448234
2 0.798649 0.211890 0.796764 0.218294 0.797760 0.225724 0.800014 0.230945 0.802965 0.232468 0.806672 0.231035 0.809154 0.226639 0.809082 0.218607 0.807680 0.213424 0.803998 0.209819
2 0.282975 0.369425 0.281089 0.375829 0.282085 0.383259 0.284340 0.388480 0.287291 0.390003 0.290998 0.388570 0.293479 0.384174 0.293407 0.376142 0.292006 0.370959 0.288323 0.367354
2 0.541794 0.287629 0.539908 0.294033 0.540905 0.301462 0.543159 0.306683 0.546110 0.308207 0.549817 0.306774 0.552298 0.302378 0.552227 0.294345 0.550825 0.289162 0.547142 0.285558
1 0.223226 0.665919 0.220090 0.670890 0.218271 0.677623 0.218298 0.683893 0.219563 0.692782 0.222959 0.697016 0.227891 0.698001 0.231986 0.695300 0.235230 0.690302 0.236406 0.681861 0.234985 0.674686 0.232517 0.670284 0.229587 0.665997 0.226655 0.664641
3 0.903587 0.420146 0.892251 0.299899 0.927310 0.285133 0.916439 0.142405 0.939208 0.134570 0.956799 0.330467 0.938098 0.339405 0.945003 0.406331
3 0.137652 0.657741 0.126316 0.537494 0.161674 0.526501 0.146259 0.381065 0.171858 0.372520 0.193693 0.567353 0.172163 0.577000 0.179067 0.643926
3 0.393720 0.577551 0.382384 0.457303 0.420572 0.445600 0.404957 0.297649 0.430457 0.287847 0.451176 0.486807 0.428231 0.496810 0.435136 0.563735
3 0.654263 0.496800 0.642927 0.376552 0.681115 0.364849 0.665500 0.216898 0.690999 0.207096 0.711719 0.406056 0.688774 0.416059 0.695678 0.482984
3 0.834524 0.438704 0.826806 0.370815 0.806047 0.375772 0.788157 0.180979 0.812160 0.174324 0.826790 0.318158 0.862850 0.309112 0.872870 0.427168 0.854756 0.433423
3 0.068335 0.677962 0.061530 0.610406 0.039501 0.614649 0.024328 0.423492 0.046158 0.416733 0.058045 0.557409 0.095538 0.548003 0.106336 0.665864 0.090615 0.670869
3 0.320337 0.599695 0.313532 0.532138 0.289612 0.536028 0.271314 0.340689 0.296339 0.333128 0.310047 0.479141 0.347540 0.469736 0.359707 0.587253 0.342617 0.592601
3 0.580904 0.517528 0.574099 0.449972 0.550179 0.453862 0.531881 0.258523 0.556906 0.250962 0.570614 0.396975 0.608107 0.387570 0.620274 0.505087 0.603184 0.510435
1 0.277090 0.648598 0.273496 0.654651 0.271028 0.663481 0.271813 0.672462 0.274870 0.679934 0.279295 0.683426 0.284114 0.682989 0.287563 0.679000 0.290007 0.674202 0.291563 0.667117 0.291208 0.659674 0.289198 0.654190 0.286269 0.649904 0.282461 0.647800
1 0.480218 0.586507 0.476624 0.592560 0.474156 0.601390 0.474942 0.610371 0.477998 0.617843 0.482423 0.621335 0.487242 0.620898 0.490691 0.616909 0.493135 0.612111 0.494691 0.605026 0.494336 0.597583 0.492326 0.592099 0.489397 0.587813 0.485589 0.585709
1 0.535199 0.569003 0.531605 0.575056 0.529136 0.583886 0.529922 0.592867 0.532979 0.600339 0.537404 0.603831 0.542223 0.603394 0.545672 0.599405 0.548116 0.594607 0.549672 0.587522 0.549316 0.580079 0.547307 0.574595 0.544377 0.570309 0.540570 0.568205
1 0.739281 0.504817 0.735687 0.510870 0.733218 0.519700 0.734004 0.528680 0.737061 0.536152 0.741486 0.539645 0.746305 0.539208 0.749754 0.535219 0.752198 0.530421 0.753754 0.523336 0.753399 0.515893 0.751389 0.510409 0.748459 0.506123 0.744652 0.504019
