1 0.787679 0.587478 0.783496 0.592186 0.780116 0.600004 0.779913 0.609085 0.782102 0.617464 0.786065 0.622408 0.790841 0.623631 0.794658 0.620899 0.797577 0.617029 0.799872 0.610610 0.800330 0.603185 0.798953 0.597115 0.796543 0.591905 0.793036 0.588535
2 0.048040 0.291475 0.045495 0.297113 0.045667 0.304744 0.047313 0.310640 0.050043 0.313147 0.053836 0.313011 0.056748 0.309548 0.057549 0.301642 0.056735 0.296076 0.053513 0.291276
2 0.824292 0.319664 0.821748 0.325301 0.821919 0.332933 0.823565 0.338828 0.826295 0.341335 0.830088 0.341199 0.833000 0.337736 0.833801 0.329830 0.832987 0.324264 0.829765 0.319465
2 0.301208 0.297486 0.298664 0.303124 0.298835 0.310755 0.300481 0.316651 0.303211 0.319157 0.307004 0.319022 0.309916 0.315559 0.310717 0.307652 0.309903 0.302086 0.306681 0.297287
2 0.564042 0.305939 0.561498 0.311577 0.561669 0.319208 0.563315 0.325104 0.566045 0.327610 0.569838 0.327475 0.572750 0.324012 0.573551 0.316106 0.572737 0.310539 0.569515 0.305740
1 0.210425 0.567937 0.206808 0.571740 0.204293 0.577723 0.203639 0.583884 0.203917 0.593040 0.206790 0.598359 0.211523 0.601016 0.215834 0.599769 0.219559 0.595976 0.221629 0.588097 0.221012 0.580569 0.219068 0.575404 0.216658 0.570194 0.213928 0.567858
3 0.904675 0.559981 0.906593 0.438105 0.942596 0.435633 0.947408 0.291857 0.970600 0.291973 0.966614 0.490224 0.947295 0.492584 0.946812 0.560621
3 0.127343 0.530580 0.129261 0.408704 0.165148 0.410036 0.165795 0.262046 0.191841 0.262435 0.192136 0.461097 0.169963 0.463184 0.169480 0.531220
3 0.387304 0.539666 0.389222 0.417790 0.427963 0.419396 0.428686 0.268869 0.454770 0.267990 0.453523 0.470319 0.429924 0.472269 0.429440 0.540306
3 0.651715 0.549736 0.653634 0.427860 0.692374 0.429466 0.693098 0.278938 0.719182 0.278060 0.717935 0.480389 0.694335 0.482339 0.693852 0.550376
3 0.834895 0.554518 0.834685 0.485258 0.813778 0.483006 0.817350 0.285736 0.841623 0.287433 0.840380 0.433583 0.876745 0.437067 0.873773 0.556343 0.855321 0.556271
3 0.057134 0.526662 0.057783 0.458041 0.035707 0.454654 0.041551 0.261883 0.063704 0.262733 0.060111 0.404843 0.097921 0.408466 0.095733 0.527816 0.079765 0.527339
3 0.312896 0.536241 0.313546 0.467620 0.289652 0.463238 0.292883 0.265292 0.318259 0.266451 0.315874 0.414423 0.353683 0.418045 0.352877 0.537528 0.335527 0.536918
3 0.577485 0.544931 0.578134 0.476310 0.554241 0.471928 0.557472 0.273981 0.582848 0.275140 0.580463 0.423112 0.618272 0.426735 0.617466 0.546217 0.600116 0.545608
1 0.265157 0.569404 0.260974 0.574111 0.257594 0.581929 0.257391 0.591011 0.259580 0.599390 0.263543 0.604334 0.268319 0.605557 0.272136 0.602825 0.275054 0.598955 0.277350 0.592536 0.277808 0.585111 0.276431 0.579041 0.274021 0.573831 0.270514 0.570461
1 0.471208 0.578104 0.467024 0.582811 0.463644 0.590629 0.463442 0.599710 0.465630 0.608090 0.469594 0.613034 0.474370 0.614257 0.478187 0.611525 0.481105 0.607655 0.483400 0.601236 0.483859 0.593811 0.482482 0.587741 0.480072 0.582531 0.476564 0.579161
1 0.527055 0.579774 0.522872 0.584481 0.519492 0.592299 0.519289 0.601381 0.521478 0.609760 0.525441 0.614704 0.530217 0.615927 0.534034 0.613195 0.536952 0.609325 0.539248 0.602906 0.539706 0.595481 0.538329 0.589411 0.535919 0.584201 0.532412 0.580831
1 0.734269 0.586745 0.730086 0.591452 0.726706 0.599270 0.726503 0.608351 0.728692 0.616731 0.732655 0.621675 0.737431 0.622898 0.741248 0.620166 0.744167 0.616296 0.746462 0.609877 0.746920 0.602452 0.745543 0.596382 0.743134 0.591172 0.739626 0.587802
