1 0.795289 0.451915 0.791254 0.446814 0.788116 0.438684 0.788188 0.429597 0.790628 0.421439 0.794734 0.416881 0.799541 0.416117 0.803270 0.419210 0.806066 0.423354 0.808164 0.429983 0.808397 0.437441 0.806838 0.443371 0.804274 0.448343 0.800670 0.451372
2 0.049027 0.661280 0.046657 0.655407 0.047059 0.647803 0.048881 0.642073 0.051683 0.639831 0.055467 0.640330 0.058269 0.644066 0.058830 0.652038 0.057849 0.657518 0.054486 0.662002
2 0.822654 0.729459 0.820284 0.723586 0.820686 0.715982 0.822508 0.710253 0.825310 0.708011 0.829093 0.708509 0.831896 0.712246 0.832456 0.720217 0.831476 0.725698 0.828113 0.730181
2 0.301026 0.684311 0.298656 0.678439 0.299058 0.670834 0.300880 0.665105 0.303682 0.662863 0.307465 0.663361 0.310268 0.667098 0.310828 0.675069 0.309848 0.680550 0.306485 0.685034
2 0.563405 0.706523 0.561035 0.700650 0.561437 0.693046 0.563259 0.687317 0.566061 0.685075 0.569845 0.685573 0.572647 0.689310 0.573207 0.697281 0.572227 0.702761 0.568864 0.707245
1 0.220492 0.401240 0.216996 0.397096 0.214665 0.390881 0.214199 0.384666 0.214753 0.375551 0.217783 0.370514 0.222589 0.368314 0.226857 0.369971 0.230462 0.374114 0.232290 0.382180 0.231446 0.389638 0.229348 0.394610 0.226785 0.399582 0.223988 0.401654
3 0.913309 0.498460 0.909110 0.618268 0.944013 0.619425 0.942696 0.772889 0.967834 0.773898 0.972378 0.574999 0.950262 0.573028 0.951698 0.502729
3 0.136484 0.432444 0.132884 0.555277 0.169794 0.559455 0.166754 0.704106 0.191739 0.706936 0.198312 0.509297 0.175825 0.507872 0.178556 0.437525
3 0.395980 0.455123 0.391776 0.577327 0.430341 0.583132 0.425327 0.731435 0.451130 0.734786 0.459812 0.532138 0.436198 0.528725 0.437485 0.459713
3 0.658038 0.476462 0.655386 0.601405 0.692940 0.605561 0.689755 0.753160 0.715402 0.756382 0.721232 0.551679 0.698327 0.549143 0.699988 0.479982
3 0.839574 0.562525 0.818216 0.562253 0.813483 0.759382 0.838316 0.759976 0.842724 0.614093 0.878760 0.617550 0.881199 0.496435 0.840598 0.491756
3 0.064212 0.497773 0.041116 0.495427 0.040178 0.689976 0.063816 0.692102 0.064626 0.546923 0.102334 0.551802 0.104822 0.429504 0.066177 0.427726
3 0.316837 0.520403 0.294458 0.518127 0.289622 0.718234 0.316933 0.721216 0.318923 0.573252 0.357979 0.573724 0.361344 0.453800 0.319175 0.449006
3 0.584659 0.472800 0.580740 0.542132 0.557447 0.541483 0.553610 0.741935 0.579826 0.742563 0.582321 0.596224 0.621015 0.599968 0.624982 0.476794
1 0.273647 0.411778 0.269613 0.406677 0.266474 0.398547 0.266547 0.389460 0.268986 0.381302 0.273093 0.376744 0.277899 0.375980 0.281628 0.379073 0.284425 0.383217 0.286522 0.389846 0.286755 0.397304 0.285196 0.403234 0.282633 0.408206 0.279028 0.411235
1 0.480903 0.426392 0.476869 0.421291 0.473730 0.413161 0.473802 0.404073 0.476242 0.395915 0.480349 0.391358 0.485155 0.390593 0.488884 0.393687 0.491681 0.397830 0.493778 0.404460 0.494011 0.411918 0.492452 0.417847 0.489889 0.422819 0.486284 0.425848
1 0.537728 0.430427 0.533693 0.425326 0.530555 0.417196 0.530627 0.408109 0.533066 0.399951 0.537173 0.395393 0.541980 0.394629 0.545709 0.397722 0.548505 0.401866 0.550603 0.408495 0.550836 0.415953 0.549277 0.421883 0.546713 0.426855 0.543109 0.429884
1 0.743784 0.450005 0.739749 0.444904 0.736611 0.436774 0.736683 0.427687 0.739122 0.419529 0.743229 0.414971 0.748036 0.414207 0.751765 0.417300 0.754561 0.421444 0.756659 0.428073 0.756892 0.435531 0.755333 0.441461 0.752769 0.446433 0.749165 0.449462
