1 0.724614 0.464891 0.720580 0.459791 0.717441 0.451661 0.717514 0.442573 0.719953 0.434415 0.724060 0.429858 0.728866 0.429093 0.732595 0.432187 0.735392 0.436330 0.737490 0.442960 0.737723 0.450418 0.736164 0.456347 0.733600 0.461319 0.729995 0.464348
2 0.049533 0.692508 0.047163 0.686635 0.047566 0.679031 0.049387 0.673302 0.052190 0.671060 0.055973 0.671558 0.058775 0.675294 0.059336 0.683266 0.058355 0.688746 0.054992 0.693230
2 0.805500 0.732068 0.803130 0.726195 0.803533 0.718591 0.805354 0.712862 0.808157 0.710620 0.811940 0.711118 0.814743 0.714855 0.815303 0.722826 0.814322 0.728306 0.810959 0.732790
2 0.297551 0.709772 0.295181 0.703899 0.295583 0.696295 0.297405 0.690566 0.300207 0.688324 0.303991 0.688822 0.306793 0.692559 0.307354 0.700530 0.306373 0.706010 0.303010 0.710494
2 0.552906 0.722743 0.550536 0.716870 0.550939 0.709266 0.552760 0.703537 0.555563 0.701295 0.559346 0.701793 0.562148 0.705530 0.562709 0.713501 0.561728 0.718982 0.558365 0.723465
1 0.216411 0.440505 0.212915 0.436362 0.210584 0.430147 0.210118 0.423932 0.210672 0.414816 0.213702 0.409780 0.218508 0.407580 0.222776 0.409237 0.226380 0.413380 0.228209 0.421446 0.227365 0.428904 0.225267 0.433876 0.222703 0.438848 0.219907 0.440920
3 0.893061 0.503788 0.888861 0.623597 0.924354 0.628947 0.922901 0.770960 0.946225 0.771163 0.952130 0.580327 0.930014 0.578356 0.931449 0.508057
3 0.135172 0.470590 0.133378 0.590213 0.168927 0.593848 0.165869 0.733940 0.192207 0.737049 0.196991 0.542092 0.174513 0.538527 0.174975 0.471391
3 0.387554 0.480900 0.383350 0.603104 0.421914 0.608909 0.420711 0.750277 0.445153 0.753628 0.450796 0.555818 0.426592 0.552405 0.429059 0.485490
3 0.643147 0.493742 0.640495 0.612395 0.678049 0.616551 0.675935 0.765360 0.702979 0.766977 0.706341 0.566863 0.683436 0.566422 0.685098 0.497261
3 0.819346 0.571758 0.797987 0.571486 0.796008 0.763697 0.822233 0.765903 0.822496 0.623326 0.858531 0.626783 0.862150 0.505668 0.821195 0.507489
3 0.064051 0.532934 0.045160 0.533534 0.042407 0.723260 0.067266 0.725123 0.068679 0.585294 0.103377 0.588033 0.105263 0.468945 0.066016 0.467167
3 0.311700 0.548697 0.288868 0.548840 0.287652 0.743303 0.313751 0.743075 0.314240 0.599934 0.351935 0.603631 0.355300 0.486127 0.313584 0.481332
3 0.569764 0.492472 0.569383 0.561805 0.546090 0.560108 0.543614 0.753624 0.568922 0.755301 0.570964 0.610655 0.609068 0.615447 0.610677 0.496467
1 0.268598 0.441627 0.264563 0.436526 0.261425 0.428396 0.261497 0.419308 0.263937 0.411150 0.268044 0.406593 0.272850 0.405828 0.276579 0.408922 0.279376 0.413065 0.281473 0.419695 0.281706 0.427153 0.280147 0.433082 0.277584 0.438054 0.273979 0.441084
1 0.470838 0.452428 0.466804 0.447327 0.463665 0.439197 0.463737 0.430110 0.466177 0.421952 0.470284 0.417394 0.475090 0.416630 0.478819 0.419723 0.481616 0.423867 0.483713 0.430496 0.483946 0.437954 0.482387 0.443884 0.479824 0.448856 0.476219 0.451885
1 0.523183 0.454811 0.519149 0.449710 0.516010 0.441580 0.516082 0.432493 0.518522 0.424335 0.522629 0.419777 0.527435 0.419013 0.531164 0.422106 0.533961 0.426250 0.536058 0.432879 0.536291 0.440337 0.534732 0.446267 0.532169 0.451239 0.528564 0.454268
1 0.775974 0.466254 0.771939 0.461153 0.768801 0.453023 0.768873 0.443936 0.771313 0.435778 0.775420 0.431220 0.780226 0.430456 0.783955 0.433550 0.786752 0.437693 0.788849 0.444322 0.789082 0.451780 0.787523 0.457710 0.784960 0.462682 0.781355 0.465711
