1 0.779451 0.549768 0.775417 0.554869 0.772278 0.562999 0.772350 0.572087 0.774790 0.580245 0.778897 0.584802 0.783703 0.585567 0.787432 0.582473 0.790229 0.578330 0.792326 0.571700 0.792559 0.564242 0.791000 0.558313 0.788437 0.553341 0.784832 0.550312
2 0.050206 0.354445 0.047836 0.360317 0.048239 0.367921 0.050060 0.373651 0.052863 0.375893 0.056646 0.375395 0.059448 0.371658 0.060009 0.363687 0.059028 0.358206 0.055665 0.353722
2 0.802340 0.284168 0.799970 0.290041 0.800372 0.297645 0.802194 0.303375 0.804996 0.305617 0.808780 0.305118 0.811582 0.301382 0.812143 0.293410 0.811162 0.287930 0.807799 0.283446
2 0.295719 0.330365 0.293349 0.336237 0.293751 0.343842 0.295573 0.349571 0.298375 0.351813 0.302158 0.351315 0.304961 0.347578 0.305521 0.339607 0.304541 0.334126 0.301178 0.329642
2 0.550350 0.306780 0.547980 0.312653 0.548382 0.320257 0.550204 0.325986 0.553006 0.328228 0.556789 0.327730 0.559592 0.323993 0.560152 0.316022 0.559172 0.310541 0.555809 0.306058
1 0.217693 0.602216 0.214197 0.606359 0.211867 0.612574 0.211401 0.618789 0.211955 0.627904 0.214985 0.632941 0.219791 0.635141 0.224059 0.633484 0.227663 0.629341 0.229492 0.621275 0.228647 0.613817 0.226550 0.608845 0.223986 0.603873 0.221189 0.601801
3 0.891284 0.507712 0.887085 0.387903 0.922578 0.382553 0.920671 0.233282 0.945809 0.232273 0.950353 0.431173 0.928237 0.433143 0.929673 0.503442
3 0.134574 0.581184 0.130974 0.458351 0.167885 0.454173 0.164844 0.309522 0.189829 0.306692 0.196402 0.504331 0.173915 0.505756 0.176646 0.576103
3 0.388073 0.555360 0.383869 0.433155 0.422434 0.427351 0.419190 0.275903 0.445582 0.272552 0.451905 0.478345 0.428291 0.481758 0.429578 0.550770
3 0.641204 0.528129 0.638551 0.409476 0.676105 0.405320 0.674101 0.252480 0.699157 0.250306 0.704397 0.455009 0.681492 0.455449 0.683154 0.524610
3 0.818836 0.444163 0.797478 0.444435 0.792745 0.244161 0.817578 0.243567 0.821987 0.392595 0.858022 0.389138 0.861640 0.510253 0.822219 0.513883
3 0.064943 0.512710 0.041848 0.515056 0.040909 0.320507 0.064547 0.318381 0.065358 0.463560 0.103065 0.458681 0.105553 0.580978 0.066908 0.582757
3 0.311206 0.490479 0.288828 0.492754 0.283991 0.292647 0.311303 0.289665 0.313292 0.437629 0.352348 0.437157 0.355713 0.557081 0.313544 0.561875
3 0.569345 0.537683 0.567784 0.467302 0.544491 0.468999 0.540654 0.267499 0.566280 0.265823 0.568185 0.414258 0.609828 0.410515 0.610847 0.533689
1 0.270375 0.596283 0.266341 0.601384 0.263202 0.609514 0.263275 0.618602 0.265714 0.626760 0.269821 0.631317 0.274627 0.632082 0.278356 0.628988 0.281153 0.624845 0.283250 0.618215 0.283483 0.610757 0.281924 0.604828 0.279361 0.599856 0.275756 0.596827
1 0.471618 0.578112 0.467584 0.583213 0.464445 0.591343 0.464518 0.600430 0.466957 0.608588 0.471064 0.613146 0.475870 0.613910 0.479599 0.610816 0.482396 0.606673 0.484494 0.600044 0.484727 0.592586 0.483168 0.586656 0.480604 0.581684 0.476999 0.578655
1 0.525852 0.573560 0.521817 0.578660 0.518679 0.586790 0.518751 0.595878 0.521191 0.604036 0.525298 0.608594 0.530104 0.609358 0.533833 0.606264 0.536630 0.602121 0.538727 0.595492 0.538960 0.588033 0.537401 0.582104 0.534838 0.577132 0.531233 0.574103
1 0.726784 0.556285 0.722749 0.561386 0.719611 0.569515 0.719683 0.578603 0.722122 0.586761 0.726229 0.591319 0.731036 0.592083 0.734765 0.588989 0.737561 0.584846 0.739659 0.578217 0.739892 0.570758 0.738333 0.564829 0.735769 0.559857 0.732165 0.556828
