1 0.205807 0.543479 0.209842 0.548580 0.212980 0.556710 0.212908 0.565797 0.210469 0.573955 0.206362 0.578513 0.201556 0.579277 0.197826 0.576183 0.195030 0.572040 0.192932 0.565411 0.192699 0.557953 0.194258 0.552023 0.196822 0.547051 0.200426 0.544022
2 0.953921 0.337672 0.956291 0.343545 0.955889 0.351149 0.954067 0.356878 0.951265 0.359120 0.947482 0.358622 0.944679 0.354885 0.944119 0.346914 0.945100 0.341434 0.948462 0.336950
2 0.178791 0.273685 0.181161 0.279558 0.180759 0.287162 0.178937 0.292892 0.176135 0.295134 0.172351 0.294636 0.169549 0.290899 0.168988 0.282928 0.169969 0.277447 0.173332 0.272963
2 0.700154 0.313592 0.702524 0.319465 0.702121 0.327069 0.700300 0.332798 0.697497 0.335040 0.693714 0.334542 0.690911 0.330806 0.690351 0.322834 0.691332 0.317354 0.694695 0.312870
2 0.437267 0.292104 0.439638 0.297977 0.439235 0.305581 0.437413 0.311310 0.434611 0.313552 0.430828 0.313054 0.428025 0.309317 0.427465 0.301346 0.428446 0.295865 0.431809 0.291382
1 0.779948 0.592781 0.783444 0.596924 0.785775 0.603139 0.786241 0.609354 0.785686 0.618470 0.782657 0.623506 0.777850 0.625707 0.773583 0.624049 0.769978 0.619906 0.768150 0.611840 0.768994 0.604382 0.771092 0.599410 0.773655 0.594438 0.776452 0.592367
3 0.087488 0.505615 0.091687 0.385806 0.056194 0.380456 0.058101 0.231186 0.032963 0.230177 0.028419 0.429076 0.050535 0.431047 0.049100 0.501346
3 0.864246 0.565460 0.867846 0.442626 0.830936 0.438449 0.833976 0.293797 0.808991 0.290967 0.802419 0.488607 0.824905 0.490032 0.822175 0.560379
3 0.604261 0.542780 0.608465 0.420576 0.569901 0.414772 0.573145 0.263323 0.546753 0.259972 0.540429 0.465766 0.564043 0.469178 0.562756 0.538191
3 0.342875 0.521840 0.345528 0.403187 0.307974 0.399031 0.309979 0.246190 0.284922 0.244016 0.279682 0.448719 0.302587 0.449159 0.300925 0.518320
3 0.160525 0.441018 0.181884 0.441290 0.186617 0.241016 0.161784 0.240422 0.157375 0.389450 0.121340 0.385993 0.117722 0.507108 0.157143 0.510739
3 0.936826 0.500130 0.959921 0.502477 0.960860 0.307928 0.937222 0.305801 0.936411 0.450980 0.898703 0.446101 0.896216 0.568399 0.934861 0.570177
3 0.682308 0.481044 0.704686 0.483320 0.709523 0.283213 0.682211 0.280231 0.680221 0.428194 0.641166 0.427723 0.637801 0.547646 0.679970 0.552441
3 0.417093 0.527200 0.418654 0.456819 0.441947 0.458517 0.445784 0.257017 0.420157 0.255340 0.418252 0.403776 0.376610 0.400032 0.375591 0.523206
1 0.726087 0.588945 0.730121 0.594046 0.733260 0.602176 0.733188 0.611264 0.730748 0.619422 0.726641 0.623979 0.721835 0.624744 0.718106 0.621650 0.715309 0.617507 0.713212 0.610877 0.712979 0.603419 0.714538 0.597490 0.717101 0.592518 0.720706 0.589489
1 0.518947 0.570774 0.522982 0.575875 0.526120 0.584005 0.526048 0.593092 0.523608 0.601250 0.519501 0.605808 0.514695 0.606572 0.510966 0.603478 0.508169 0.599335 0.506072 0.592706 0.505839 0.585248 0.507398 0.579318 0.509962 0.574346 0.513566 0.571317
1 0.464124 0.566222 0.468158 0.571322 0.471297 0.579452 0.471224 0.588540 0.468785 0.596698 0.464678 0.601256 0.459872 0.602020 0.456143 0.598926 0.453346 0.594783 0.451248 0.588154 0.451015 0.580695 0.452574 0.574766 0.455138 0.569794 0.458743 0.566765
1 0.259654 0.548947 0.263689 0.554047 0.266827 0.562177 0.266755 0.571265 0.264315 0.579423 0.260208 0.583981 0.255402 0.584745 0.251673 0.581651 0.248876 0.577508 0.246779 0.570879 0.246546 0.563420 0.248105 0.557491 0.250668 0.552519 0.254273 0.549490
