1 0.772335 0.605076 0.768177 0.609852 0.764837 0.617724 0.764681 0.626808 0.766913 0.635152 0.770901 0.640031 0.775684 0.641176 0.779487 0.638382 0.782385 0.634465 0.784647 0.628009 0.785067 0.620577 0.783658 0.614529 0.781222 0.609359 0.777697 0.606046
2 0.033614 0.298624 0.031098 0.304303 0.031309 0.311932 0.032985 0.317800 0.035729 0.320262 0.039521 0.320065 0.042414 0.316555 0.043174 0.308636 0.042332 0.303083 0.039085 0.298336
2 0.809472 0.335847 0.806956 0.341526 0.807167 0.349155 0.808843 0.355023 0.811587 0.357485 0.815379 0.357288 0.818272 0.353778 0.819032 0.345859 0.818190 0.340306 0.814943 0.335560
2 0.285894 0.304709 0.283379 0.310388 0.283590 0.318016 0.285266 0.323885 0.288009 0.326347 0.291801 0.326150 0.294695 0.322639 0.295455 0.314720 0.294613 0.309168 0.291366 0.304421
2 0.549673 0.319444 0.547158 0.325122 0.547369 0.332751 0.549045 0.338619 0.551788 0.341082 0.555580 0.340884 0.558473 0.337374 0.559234 0.329455 0.558391 0.323902 0.555145 0.319156
1 0.194884 0.576257 0.191287 0.580119 0.188803 0.586143 0.188181 0.592315 0.188506 0.601465 0.191406 0.606737 0.196152 0.609317 0.200457 0.608000 0.204162 0.604147 0.206192 0.596235 0.205536 0.588717 0.203565 0.583584 0.201129 0.578413 0.198387 0.576121
3 0.887335 0.575296 0.891727 0.452832 0.928189 0.454413 0.930380 0.311303 0.954731 0.311860 0.950889 0.507192 0.929629 0.506322 0.927324 0.577661
3 0.113277 0.532393 0.115432 0.412957 0.151646 0.414330 0.152041 0.266076 0.177755 0.265864 0.177526 0.465738 0.154057 0.466584 0.154250 0.535102
3 0.371156 0.546066 0.372775 0.424490 0.411369 0.424851 0.413803 0.276016 0.438578 0.276258 0.438297 0.387064 0.438058 0.481122 0.415157 0.479614 0.413189 0.550209
3 0.634679 0.560089 0.636202 0.438955 0.674950 0.439930 0.676917 0.289557 0.703018 0.290654 0.701672 0.494852 0.675978 0.493723 0.675885 0.563566
3 0.819042 0.502542 0.795821 0.498349 0.800118 0.298584 0.825998 0.301305 0.824471 0.450777 0.861441 0.453715 0.858495 0.572987 0.816533 0.569248
3 0.042199 0.459622 0.022810 0.459809 0.026686 0.265374 0.051589 0.267280 0.047682 0.410859 0.085064 0.411430 0.082427 0.532976 0.040895 0.529828
3 0.297020 0.470499 0.274274 0.470348 0.278946 0.271654 0.303902 0.272515 0.300946 0.419963 0.339663 0.421091 0.337230 0.545951 0.296188 0.542093
3 0.558271 0.556974 0.559931 0.487704 0.535979 0.485207 0.542085 0.283178 0.567087 0.285542 0.564612 0.433929 0.603601 0.437628 0.600318 0.559421
1 0.248897 0.577204 0.244738 0.581980 0.241399 0.589852 0.241243 0.598937 0.243475 0.607280 0.247463 0.612159 0.252245 0.613305 0.256048 0.610510 0.258946 0.606593 0.261208 0.600137 0.261629 0.592705 0.260220 0.586657 0.257784 0.581487 0.254259 0.578174
1 0.455950 0.588774 0.451791 0.593550 0.448451 0.601422 0.448295 0.610506 0.450527 0.618850 0.454516 0.623729 0.459298 0.624874 0.463101 0.622080 0.465999 0.618163 0.468261 0.611707 0.468681 0.604274 0.467273 0.598227 0.464837 0.593056 0.461312 0.589744
1 0.510828 0.588660 0.506669 0.593435 0.503330 0.601308 0.503174 0.610392 0.505406 0.618735 0.509394 0.623615 0.514176 0.624760 0.517979 0.621966 0.520877 0.618048 0.523139 0.611592 0.523559 0.604160 0.522151 0.598113 0.519715 0.592942 0.516190 0.589630
1 0.716018 0.600740 0.711860 0.605515 0.708520 0.613388 0.708364 0.622472 0.710596 0.630815 0.714585 0.635695 0.719367 0.636840 0.723170 0.634045 0.726068 0.630128 0.728330 0.623672 0.728750 0.616240 0.727342 0.610192 0.724905 0.605022 0.721380 0.601709
