1 0.798149 0.578741 0.793980 0.583489 0.790624 0.591340 0.790449 0.600423 0.792664 0.608781 0.796642 0.613686 0.801422 0.614863 0.805231 0.612094 0.808137 0.608195 0.810412 0.601754 0.810848 0.594325 0.809452 0.588268 0.807027 0.583082 0.803509 0.579746
2 0.056893 0.304487 0.054366 0.310150 0.054561 0.317779 0.056225 0.323659 0.058963 0.326139 0.062755 0.325967 0.065656 0.322475 0.066433 0.314561 0.065602 0.309003 0.062365 0.304235
2 0.829790 0.308207 0.827262 0.313869 0.827458 0.321499 0.829121 0.327378 0.831859 0.329858 0.835652 0.329686 0.838553 0.326194 0.839329 0.318281 0.838499 0.312722 0.835262 0.307955
2 0.307507 0.296806 0.304980 0.302469 0.305175 0.310098 0.306839 0.315978 0.309577 0.318458 0.313369 0.318286 0.316270 0.314794 0.317047 0.306880 0.316216 0.301322 0.312979 0.296554
2 0.573855 0.303265 0.571327 0.308927 0.571523 0.316557 0.573186 0.322436 0.575925 0.324916 0.579717 0.324744 0.582618 0.321253 0.583394 0.313339 0.582564 0.307781 0.579327 0.303013
1 0.224526 0.576013 0.220921 0.579851 0.218424 0.585858 0.217790 0.592026 0.218095 0.601178 0.220985 0.606469 0.225725 0.609080 0.230033 0.607792 0.233746 0.603963 0.235792 0.596064 0.235152 0.588542 0.233192 0.583396 0.230766 0.578209 0.228029 0.575899
3 0.914822 0.546795 0.913886 0.426766 0.949483 0.424473 0.951639 0.275213 0.976775 0.276367 0.975903 0.475424 0.953760 0.475491 0.953281 0.545831
3 0.140362 0.541405 0.140108 0.418406 0.177088 0.417406 0.177986 0.272663 0.203019 0.271984 0.204208 0.469957 0.181709 0.469448 0.182523 0.539947
3 0.398190 0.542254 0.397315 0.419831 0.435993 0.417349 0.437879 0.272183 0.463210 0.268909 0.464043 0.470817 0.440363 0.472196 0.439772 0.541238
3 0.662139 0.540459 0.660362 0.421514 0.699191 0.419646 0.697755 0.268601 0.724019 0.268685 0.727248 0.472856 0.704358 0.471327 0.704136 0.540550
3 0.843755 0.473810 0.822414 0.472245 0.823134 0.271798 0.847954 0.273340 0.848304 0.422573 0.884391 0.422217 0.884711 0.543502 0.845237 0.543739
3 0.070540 0.469990 0.047408 0.470348 0.051762 0.275946 0.075431 0.275854 0.072291 0.420933 0.110088 0.419301 0.109246 0.541670 0.070598 0.540124
3 0.321991 0.467611 0.299577 0.467961 0.300189 0.267672 0.327550 0.267041 0.325512 0.415003 0.364535 0.417889 0.364634 0.537962 0.322384 0.539125
3 0.590725 0.543227 0.588696 0.473638 0.565412 0.472284 0.565265 0.271585 0.590347 0.271016 0.591746 0.419745 0.630497 0.419333 0.631109 0.542703
1 0.278596 0.575265 0.274427 0.580013 0.271071 0.587863 0.270896 0.596947 0.273111 0.605305 0.277089 0.610210 0.281869 0.611387 0.285678 0.608617 0.288584 0.604719 0.290859 0.598278 0.291295 0.590849 0.289899 0.584792 0.287474 0.579605 0.283956 0.576270
1 0.482945 0.575801 0.478777 0.580549 0.475421 0.588400 0.475246 0.597483 0.477461 0.605841 0.481439 0.610747 0.486219 0.611923 0.490027 0.609154 0.492934 0.605256 0.495209 0.598814 0.495645 0.591385 0.494249 0.585329 0.491823 0.580142 0.488305 0.576806
1 0.540300 0.576275 0.536131 0.581023 0.532775 0.588873 0.532600 0.597956 0.534815 0.606315 0.538793 0.611220 0.543573 0.612397 0.547382 0.609627 0.550288 0.605729 0.552563 0.599288 0.552999 0.591858 0.551603 0.585802 0.549178 0.580615 0.545659 0.577280
1 0.745090 0.575241 0.740921 0.579989 0.737566 0.587840 0.737391 0.596923 0.739605 0.605281 0.743583 0.610186 0.748363 0.611363 0.752172 0.608593 0.755078 0.604695 0.757354 0.598254 0.757789 0.590825 0.756393 0.584768 0.753968 0.579581 0.750450 0.576246
