1 0.801263 0.482677 0.797640 0.488674 0.795127 0.497465 0.795869 0.506457 0.798889 0.513977 0.803296 0.517538 0.808117 0.517176 0.811586 0.513240 0.814054 0.508481 0.815644 0.501420 0.815326 0.493972 0.813343 0.488457 0.810435 0.484125 0.806638 0.481962
2 0.044368 0.448522 0.042452 0.454897 0.043411 0.462341 0.045640 0.467597 0.048583 0.469167 0.052297 0.467791 0.054800 0.463434 0.054768 0.455401 0.053391 0.450196 0.049727 0.446534
2 0.805178 0.206445 0.803262 0.212819 0.804221 0.220264 0.806449 0.225519 0.809393 0.227089 0.813107 0.225714 0.815610 0.221356 0.815578 0.213323 0.814201 0.208118 0.810537 0.204457
2 0.290169 0.361284 0.288252 0.367659 0.289212 0.375103 0.291440 0.380359 0.294384 0.381929 0.298098 0.380553 0.300601 0.376196 0.300569 0.368163 0.299192 0.362958 0.295528 0.359296
2 0.552873 0.282955 0.550956 0.289330 0.551915 0.296774 0.554144 0.302030 0.557087 0.303599 0.560801 0.302224 0.563304 0.297867 0.563272 0.289834 0.561896 0.284629 0.558231 0.280967
1 0.236614 0.662372 0.233454 0.667294 0.231601 0.673999 0.231597 0.680269 0.232819 0.689177 0.236194 0.693464 0.241121 0.694525 0.245229 0.691888 0.248497 0.686940 0.249715 0.678518 0.248329 0.671321 0.245883 0.666881 0.242975 0.662549 0.240049 0.661147
3 0.912841 0.414151 0.899846 0.296354 0.934638 0.282781 0.921744 0.135242 0.946591 0.128385 0.965758 0.324510 0.943978 0.331617 0.950583 0.400975
3 0.150326 0.655082 0.137702 0.534147 0.173985 0.521405 0.160308 0.378710 0.184869 0.370083 0.205954 0.564487 0.183767 0.571138 0.191660 0.640242
3 0.404082 0.573943 0.390906 0.453772 0.428710 0.439032 0.415962 0.295607 0.440556 0.284332 0.461687 0.482720 0.438528 0.491605 0.444892 0.559722
3 0.663595 0.488256 0.649880 0.371793 0.687896 0.357610 0.671288 0.209457 0.697138 0.201189 0.720854 0.401042 0.698178 0.406815 0.704924 0.474993
3 0.835578 0.364938 0.814424 0.370184 0.794968 0.172739 0.819543 0.166365 0.834900 0.313080 0.870369 0.301257 0.882885 0.420485 0.844071 0.433268
3 0.074445 0.607017 0.051722 0.614724 0.036449 0.422072 0.059727 0.414457 0.071233 0.558195 0.108256 0.544572 0.119738 0.665235 0.081557 0.676002
3 0.321602 0.524730 0.299585 0.532200 0.280038 0.334946 0.306895 0.325626 0.319775 0.471850 0.358459 0.462283 0.370636 0.580388 0.329184 0.594966
3 0.593611 0.513685 0.584614 0.445863 0.561569 0.451933 0.541235 0.254517 0.565855 0.245982 0.582193 0.391869 0.620278 0.379143 0.633291 0.500330
1 0.289737 0.644445 0.286113 0.650442 0.283601 0.659233 0.284343 0.668225 0.287362 0.675745 0.291770 0.679306 0.296591 0.678944 0.300060 0.675008 0.302527 0.670249 0.304118 0.663188 0.303799 0.655740 0.301816 0.650225 0.298908 0.645893 0.295111 0.643730
1 0.490846 0.580002 0.487222 0.585999 0.484710 0.594790 0.485452 0.603782 0.488471 0.611301 0.492879 0.614863 0.497700 0.614500 0.501169 0.610565 0.503636 0.605806 0.505227 0.598745 0.504908 0.591297 0.502925 0.585781 0.500017 0.581450 0.496220 0.579286
1 0.547323 0.562232 0.543699 0.568229 0.541187 0.577020 0.541929 0.586012 0.544949 0.593531 0.549356 0.597093 0.554177 0.596731 0.557646 0.592795 0.560113 0.588036 0.561704 0.580975 0.561385 0.573527 0.559403 0.568012 0.556494 0.563680 0.552698 0.561517
1 0.748708 0.496103 0.745084 0.502100 0.742572 0.510891 0.743314 0.519883 0.746333 0.527403 0.750741 0.530964 0.755562 0.530602 0.759031 0.526666 0.761498 0.521907 0.763089 0.514846 0.762770 0.507398 0.760787 0.501883 0.757879 0.497551 0.754082 0.495388
