1 0.799014 0.546847 0.794962 0.551902 0.791794 0.559997 0.791834 0.569085 0.794245 0.577270 0.798335 0.581874 0.803139 0.582692 0.806879 0.579641 0.809690 0.575529 0.811811 0.568923 0.812071 0.561468 0.810533 0.555521 0.807987 0.550520 0.804393 0.547450
2 0.049611 0.333645 0.047220 0.339491 0.047595 0.347100 0.049396 0.352850 0.052191 0.355123 0.055976 0.354667 0.058791 0.350962 0.059380 0.342997 0.058419 0.337506 0.055072 0.332985
2 0.823465 0.274179 0.821074 0.280025 0.821449 0.287633 0.823250 0.293383 0.826045 0.295656 0.829830 0.295201 0.832645 0.291496 0.833234 0.283531 0.832273 0.278040 0.828926 0.273518
2 0.302873 0.311368 0.300482 0.317215 0.300858 0.324823 0.302659 0.330573 0.305453 0.332846 0.309238 0.332391 0.312054 0.328686 0.312643 0.320721 0.311681 0.315229 0.308335 0.310708
2 0.565330 0.291063 0.562939 0.296910 0.563314 0.304518 0.565115 0.310268 0.567910 0.312541 0.571695 0.312086 0.574511 0.308381 0.575099 0.300416 0.574138 0.294925 0.570791 0.290403
1 0.222753 0.591034 0.219242 0.595138 0.216890 0.601327 0.216401 0.607536 0.216923 0.616658 0.219935 0.621728 0.224733 0.623983 0.229007 0.622374 0.232626 0.618271 0.234483 0.610226 0.233665 0.602759 0.231586 0.597763 0.229040 0.592762 0.226250 0.590659
3 0.913296 0.506194 0.909523 0.386341 0.945035 0.381391 0.943660 0.232102 0.968801 0.231376 0.972636 0.430322 0.950514 0.432044 0.951698 0.502358
3 0.138617 0.561391 0.135455 0.438520 0.172379 0.434758 0.169854 0.290075 0.194849 0.287527 0.200717 0.485236 0.178226 0.486408 0.180706 0.556784
3 0.397009 0.541621 0.393240 0.419372 0.431825 0.414002 0.430277 0.268823 0.455509 0.263660 0.461114 0.465327 0.437488 0.468474 0.438530 0.537499
3 0.659149 0.520089 0.654561 0.401382 0.693312 0.396614 0.688306 0.245810 0.714549 0.243932 0.722602 0.447681 0.699696 0.447864 0.701111 0.517042
3 0.839790 0.441300 0.818431 0.441332 0.814412 0.241008 0.839247 0.240694 0.843124 0.389768 0.879171 0.386717 0.882358 0.507871 0.842924 0.511057
3 0.067169 0.495256 0.044065 0.497342 0.043819 0.302787 0.067465 0.300927 0.067758 0.446112 0.105483 0.441658 0.107535 0.563981 0.068884 0.565324
3 0.319869 0.475472 0.297483 0.477496 0.293359 0.277338 0.320681 0.274664 0.322143 0.422647 0.361200 0.422615 0.364138 0.542574 0.321953 0.546893
3 0.586330 0.528173 0.582658 0.458798 0.559363 0.459184 0.554471 0.258673 0.579517 0.256231 0.584431 0.404724 0.623138 0.401417 0.626666 0.524632
1 0.277224 0.585715 0.273171 0.590770 0.270004 0.598865 0.270044 0.607953 0.272454 0.616138 0.276545 0.620742 0.281348 0.621561 0.285088 0.618509 0.287899 0.614397 0.290021 0.607792 0.290280 0.600336 0.288742 0.594389 0.286196 0.589389 0.282603 0.586319
1 0.483249 0.568815 0.479196 0.573870 0.476028 0.581965 0.476069 0.591053 0.478479 0.599238 0.482569 0.603842 0.487373 0.604660 0.491113 0.601609 0.493924 0.597497 0.496045 0.590891 0.496305 0.583436 0.494767 0.577489 0.492221 0.572488 0.488627 0.569419
1 0.537487 0.567693 0.533435 0.572749 0.530267 0.580843 0.530307 0.589931 0.532718 0.598117 0.536808 0.602720 0.541612 0.603539 0.545352 0.600487 0.548163 0.596376 0.550284 0.589770 0.550544 0.582315 0.549006 0.576368 0.546460 0.571367 0.542866 0.568297
1 0.743601 0.552739 0.739548 0.557794 0.736381 0.565889 0.736421 0.574977 0.738831 0.583162 0.742922 0.587766 0.747725 0.588585 0.751465 0.585533 0.754276 0.581421 0.756398 0.574816 0.756657 0.567360 0.755119 0.561413 0.752573 0.556413 0.748980 0.553343
