1 0.795289 0.548085 0.791254 0.553186 0.788116 0.561316 0.788188 0.570403 0.790628 0.578561 0.794734 0.583119 0.799541 0.583883 0.803270 0.580790 0.806066 0.576646 0.808164 0.570017 0.808397 0.562559 0.806838 0.556629 0.804274 0.551657 0.800670 0.548628
2 0.049027 0.338720 0.046657 0.344593 0.047059 0.352197 0.048881 0.357927 0.051683 0.360169 0.055467 0.359670 0.058269 0.355934 0.058830 0.347962 0.057849 0.342482 0.054486 0.337998
2 0.822654 0.270541 0.820284 0.276414 0.820686 0.284018 0.822508 0.289747 0.825310 0.291989 0.829093 0.291491 0.831896 0.287754 0.832456 0.279783 0.831476 0.274302 0.828113 0.269819
2 0.301026 0.315689 0.298656 0.321561 0.299058 0.329166 0.300880 0.334895 0.303682 0.337137 0.307465 0.336639 0.310268 0.332902 0.310828 0.324931 0.309848 0.319450 0.306485 0.314966
2 0.563405 0.293477 0.561035 0.299350 0.561437 0.306954 0.563259 0.312683 0.566061 0.314925 0.569845 0.314427 0.572647 0.310690 0.573207 0.302719 0.572227 0.297239 0.568864 0.292755
1 0.220492 0.598760 0.216996 0.602904 0.214665 0.609119 0.214199 0.615334 0.214753 0.624449 0.217783 0.629486 0.222589 0.631686 0.226857 0.630029 0.230462 0.625886 0.232290 0.617820 0.231446 0.610362 0.229348 0.605390 0.226785 0.600418 0.223988 0.598346
3 0.913309 0.501540 0.909110 0.381732 0.944013 0.380575 0.942696 0.227111 0.967834 0.226102 0.972378 0.425001 0.950262 0.426972 0.951698 0.497271
3 0.136484 0.567556 0.132884 0.444723 0.169794 0.440545 0.166754 0.295894 0.191739 0.293064 0.198312 0.490703 0.175825 0.492128 0.178556 0.562475
3 0.395980 0.544877 0.391776 0.422673 0.430341 0.416868 0.425327 0.268565 0.451130 0.265214 0.459812 0.467862 0.436198 0.471275 0.437485 0.540287
3 0.658038 0.523538 0.655386 0.398595 0.692940 0.394439 0.689755 0.246840 0.715402 0.243618 0.721232 0.448321 0.698327 0.450857 0.699988 0.520018
3 0.839574 0.437475 0.818216 0.437747 0.813483 0.240618 0.838316 0.240024 0.842724 0.385907 0.878760 0.382450 0.881199 0.503565 0.840598 0.508244
3 0.064212 0.502227 0.041116 0.504573 0.040178 0.310024 0.063816 0.307898 0.064626 0.453077 0.102334 0.448198 0.104822 0.570496 0.066177 0.572274
3 0.316837 0.479597 0.294458 0.481873 0.289622 0.281766 0.316933 0.278784 0.318923 0.426748 0.357979 0.426276 0.361344 0.546200 0.319175 0.550994
3 0.584659 0.527200 0.580740 0.457868 0.557447 0.458517 0.553610 0.258065 0.579826 0.257437 0.582321 0.403776 0.621015 0.400032 0.624982 0.523206
1 0.273647 0.588222 0.269613 0.593323 0.266474 0.601453 0.266547 0.610540 0.268986 0.618698 0.273093 0.623256 0.277899 0.624020 0.281628 0.620927 0.284425 0.616783 0.286522 0.610154 0.286755 0.602696 0.285196 0.596766 0.282633 0.591794 0.279028 0.588765
1 0.480903 0.573608 0.476869 0.578709 0.473730 0.586839 0.473802 0.595927 0.476242 0.604085 0.480349 0.608642 0.485155 0.609407 0.488884 0.606313 0.491681 0.602170 0.493778 0.595540 0.494011 0.588082 0.492452 0.582153 0.489889 0.577181 0.486284 0.574152
1 0.537728 0.569573 0.533693 0.574674 0.530555 0.582804 0.530627 0.591891 0.533066 0.600049 0.537173 0.604607 0.541980 0.605371 0.545709 0.602278 0.548505 0.598134 0.550603 0.591505 0.550836 0.584047 0.549277 0.578117 0.546713 0.573145 0.543109 0.570116
1 0.743784 0.549995 0.739749 0.555096 0.736611 0.563226 0.736683 0.572313 0.739122 0.580471 0.743229 0.585029 0.748036 0.585793 0.751765 0.582700 0.754561 0.578556 0.756659 0.571927 0.756892 0.564469 0.755333 0.558539 0.752769 0.553567 0.749165 0.550538
