1 0.764738 0.436141 0.760704 0.431040 0.757565 0.422910 0.757638 0.413823 0.760077 0.405665 0.764184 0.401107 0.768990 0.400343 0.772719 0.403436 0.775516 0.407580 0.777613 0.414209 0.777847 0.421667 0.776288 0.427596 0.773724 0.432569 0.770119 0.435598
2 0.026986 0.720567 0.024615 0.714694 0.025018 0.707090 0.026839 0.701360 0.029642 0.699118 0.033425 0.699617 0.036228 0.703353 0.036788 0.711325 0.035807 0.716805 0.032444 0.721289
2 0.801305 0.703387 0.798935 0.697514 0.799338 0.689910 0.801159 0.684181 0.803962 0.681939 0.807745 0.682437 0.810547 0.686173 0.811108 0.694145 0.810127 0.699625 0.806764 0.704109
2 0.279720 0.719282 0.277350 0.713409 0.277752 0.705805 0.279574 0.700075 0.282376 0.697833 0.286160 0.698332 0.288962 0.702068 0.289523 0.710040 0.288542 0.715520 0.285179 0.720004
2 0.541848 0.713159 0.539478 0.707287 0.539880 0.699682 0.541702 0.693953 0.544504 0.691711 0.548288 0.692209 0.551090 0.695946 0.551651 0.703917 0.550670 0.709398 0.547307 0.713882
1 0.189132 0.449196 0.185636 0.445053 0.183306 0.438838 0.182839 0.432623 0.183394 0.423507 0.186424 0.418471 0.191230 0.416270 0.195497 0.417928 0.199102 0.422071 0.200930 0.430137 0.200086 0.437595 0.197989 0.442567 0.195425 0.447539 0.192628 0.449610
3 0.884013 0.466885 0.885777 0.588769 0.922242 0.587728 0.924464 0.732420 0.948805 0.731377 0.946699 0.535129 0.923484 0.536358 0.923184 0.466085
3 0.109974 0.488348 0.109969 0.607086 0.147024 0.607092 0.147907 0.755979 0.172748 0.755985 0.173314 0.642536 0.173748 0.555543 0.149902 0.556580 0.149710 0.489644
3 0.367241 0.482560 0.366647 0.603395 0.404790 0.602352 0.406853 0.752731 0.432873 0.752958 0.432445 0.549755 0.409528 0.548694 0.409336 0.481759
3 0.629789 0.473690 0.630025 0.597434 0.668758 0.595815 0.669750 0.745573 0.695445 0.745180 0.694668 0.541933 0.671487 0.544018 0.670489 0.473125
3 0.813506 0.539716 0.791250 0.540820 0.793105 0.737998 0.818225 0.737149 0.817280 0.591860 0.854287 0.589379 0.852596 0.467511 0.813024 0.469155
3 0.038692 0.558527 0.015956 0.559797 0.018315 0.752848 0.045768 0.749925 0.042945 0.607677 0.079040 0.605580 0.076931 0.486194 0.039153 0.488288
3 0.292821 0.552036 0.268830 0.554126 0.273140 0.755240 0.298514 0.753365 0.295894 0.604331 0.333758 0.603283 0.333622 0.482848 0.292103 0.484942
3 0.553877 0.474560 0.554566 0.546245 0.531272 0.547714 0.534054 0.749020 0.560150 0.748386 0.558602 0.599588 0.597296 0.598112 0.595391 0.473335
1 0.243115 0.450767 0.239081 0.445666 0.235942 0.437536 0.236014 0.428449 0.238454 0.420291 0.242561 0.415733 0.247367 0.414969 0.251096 0.418063 0.253893 0.422206 0.255990 0.428835 0.256223 0.436293 0.254664 0.442223 0.252101 0.447195 0.248496 0.450224
1 0.449255 0.441477 0.445221 0.436376 0.442082 0.428246 0.442155 0.419159 0.444594 0.411001 0.448701 0.406443 0.453507 0.405679 0.457236 0.408772 0.460033 0.412916 0.462131 0.419545 0.462364 0.427003 0.460805 0.432933 0.458241 0.437905 0.454636 0.440934
1 0.505072 0.440634 0.501038 0.435533 0.497899 0.427403 0.497972 0.418316 0.500411 0.410158 0.504518 0.405600 0.509324 0.404836 0.513053 0.407929 0.515850 0.412073 0.517948 0.418702 0.518181 0.426160 0.516622 0.432090 0.514058 0.437062 0.510453 0.440091
1 0.712355 0.437773 0.708320 0.432672 0.705182 0.424542 0.705254 0.415455 0.707693 0.407297 0.711800 0.402739 0.716607 0.401975 0.720336 0.405068 0.723132 0.409212 0.725230 0.415841 0.725463 0.423299 0.723904 0.429229 0.721340 0.434201 0.717736 0.437230
