1 0.7941926279789793 0.5434786999403493 0.7901580847729428 0.5485795346006982 0.7870195792378637 0.5567095173265688 0.7870920218312935 0.5657969615231341 0.7895313331406184 0.5739549210696782 0.7936383189400847 0.5785126315782974 0.7984444989653049 0.5792769127998463 0.8021735348359934 0.5761833713179424 0.8049703117390099 0.5720399981282884 0.8070678944162722 0.5654106010248421 0.8073009591581903 0.5579525292834648 0.8057419485581937 0.5520230199851853 0.8031782363970954 0.5470509721576006 0.7995736013781801 0.5440218240920789
2 0.04607872507511272 0.3376719416665408 0.043708532494766424 0.3435448402269244 0.0441110706622678 0.3511488793534749 0.04593265995734491 0.35687832260636704 0.04873510502669433 0.3591202786618466 0.05251840587031605 0.35862206620507336 0.05532085093966547 0.3548854727792742 0.05588133995353537 0.3469140734709025 0.05490048417926305 0.34143373644639696 0.051537550096043765 0.33694982433543785
2 0.821209095500025 0.27368549653944035 0.8188389029196788 0.27955839509982394 0.8192414410871801 0.2871624342263745 0.8210630303822571 0.2928918774792666 0.8238654754516065 0.29513383353474615 0.8276487762952283 0.2946356210779729 0.8304512213645778 0.29089902765217374 0.8310117103784477 0.28292762834380203 0.8300308546041752 0.2774472913192965 0.8266679205209561 0.2729633792083374
2 0.29984643974379654 0.3135919990160733 0.2974762471634502 0.3194648975764569 0.2978787853309516 0.32706893670300735 0.2997003746260287 0.3327983799558995 0.3025028196953781 0.33504033601137906 0.30628612053899984 0.33454212355460583 0.3090885656083493 0.33080553012880665 0.3096490546222192 0.32283413082043494 0.30866819884794683 0.31735379379592943 0.3053052647647275 0.3128698816849704
2 0.5627326495339067 0.29210362200146556 0.5603624569535605 0.29797652056184915 0.5607649951210618 0.30558055968839976 0.5625865844161388 0.31131000294129185 0.5653890294854882 0.3135519589967714 0.56917233032911 0.3130537465399982 0.5719747753984595 0.309317153114199 0.5725352644123294 0.30134575380582723 0.571554408638057 0.2958654167813217 0.5681914745548378 0.2913815046703626
1 0.22005202667406287 0.5927809726248571 0.2165560555452923 0.596924345814511 0.21422540812611196 0.603139405598992 0.21375927864227592 0.609354465383473 0.2143135876811705 0.6184698864007118 0.21734342932610495 0.6235063276446785 0.22214960935132524 0.6257068010722695 0.22641721729927966 0.6240494517964078 0.23002185231819477 0.6199060786067541 0.2318501489568242 0.6118404892972653 0.23100606954421063 0.6043824175558882 0.22890848686694829 0.5994103697283034 0.2263447747058499 0.5944383219007187 0.22354799780283344 0.5923666353058917
3 0.9125122229802365 0.5056149675501141 0.9083129564250062 0.38580625497156684 0.9438058692217913 0.380456433353554 0.9418991370297816 0.23118562083343142 0.967037107495902 0.23017675742383098 0.9715811801454036 0.42907602440056614 0.9494652131516027 0.431046831437958 0.9509003158385536 0.5013458542501508
3 0.13575351586397702 0.565459625525316 0.13215378866525987 0.442626304003342 0.1690638300777192 0.43844873887238683 0.1660235639531785 0.2937974006268429 0.19100874636612944 0.29096735942799606 0.19758110334171974 0.4886067925110569 0.1750947558739185 0.4900318063279935 0.17782517886272373 0.560378584008697
3 0.39573856903446897 0.5427803640490102 0.3915345261962343 0.42057601461681915 0.43009944121828314 0.414771588441345 0.4268551199106436 0.26332343278166315 0.4532471442037201 0.25997237003593254 0.45957095350790483 0.46576573959526163 0.4359566833366157 0.46917846540468483 0.43724403472772816 0.5381908489458599
3 0.6571245608859967 0.5218396046505446 0.6544722167768425 0.40318650808797607 0.6920261300081879 0.399030756782399 0.6900214062279008 0.2461899506914021 0.715077940540463 0.24401593640549205 0.720318319629467 0.44871889034621104 0.6974131839855012 0.44915914500099224 0.6990748310644715 0.5183201901890766
3 0.8394745109452469 0.4410182580500637 0.8181160153449473 0.44129033747274876 0.813383050829192 0.24101586706359945 0.8382162208257553 0.24042223022678336 0.8426247345999305 0.3894500652763839 0.8786599581901268 0.3859929128125323 0.8822783232391109 0.5071081862986468 0.8428571358649399 0.5107385274226065
3 0.06317420347440655 0.5001301692200115 0.04007852879355664 0.5024765848316161 0.039139722004718235 0.3079276558280959 0.06277801325106544 0.3058013795753046 0.06358855420349407 0.45098032409506106 0.10129650266529465 0.446101447296723 0.10378445590284657 0.5683990018733897 0.06513896817603694 0.5701772987057189
3 0.31769226069020295 0.481044056784936 0.2953140910278797 0.48331986179139846 0.2904774959100801 0.28321278289364055 0.31778908061998 0.2802305091222095 0.319778743155083 0.4281942971434528 0.358834335162866 0.4277226707333774 0.3621994260084061 0.5476462283870087 0.3200304779774376 0.5524406240247361
3 0.5829069892616336 0.5272004683442233 0.5813464156383986 0.4568192844686284 0.558053136638534 0.45851651524687687 0.5542163495595289 0.25701657843103703 0.5798425724433008 0.2553401147629431 0.5817475362771511 0.40377552919426224 0.6233902526469615 0.400031987026974 0.6244089684325914 0.52320564661244
1 0.2739130962611725 0.5889454288941522 0.26987855305513603 0.5940462635545011 0.2667400475200569 0.6021762462803718 0.2668124901134868 0.611263690476937 0.26925180142281174 0.6194216500234812 0.2733587872222779 0.6239793605321002 0.2781649672474981 0.6247436417536492 0.2818940031181867 0.6216501002717454 0.2846907800212032 0.6175067270820914 0.28678836269846547 0.610877329978645 0.28702142744038356 0.6034192582372677 0.285462416840387 0.5974897489389882 0.2828987046792886 0.5925177011114036 0.27929406966037346 0.5894885530458819
1 0.4810528463955477 0.5707738084254365 0.4770183031895112 0.5758746430857853 0.47387979765443206 0.584004625811656 0.473952240247862 0.5930920700082212 0.4763915515571869 0.6012500295547654 0.4804985373566531 0.6058077400633844 0.4853047173818733 0.6065720212849334 0.4890337532525619 0.6034784798030296 0.4918305301555783 0.5993351066133756 0.4939281128328406 0.5927057095099292 0.49416117757475875 0.5852476377685519 0.4926021669747621 0.5793181284702724 0.4900384548136638 0.5743460806426878 0.4864338197947486 0.5713169325771661
1 0.5358762388548224 0.5662216478677311 0.5318416956487859 0.5713224825280799 0.5287031901137067 0.5794524652539506 0.5287756327071367 0.5885399094505157 0.5312149440164616 0.5966978689970599 0.5353219298159277 0.601255579505679 0.540128109841148 0.602019860727228 0.5438571457118365 0.5989263192453241 0.546653922614853 0.5947829460556702 0.5487515052921154 0.5881535489522238 0.5489845700340334 0.5806954772108466 0.5474255594340368 0.5747659679125671 0.5448618472729385 0.5697939200849823 0.5412572122540233 0.5667647720194606
1 0.7403459423174685 0.5489466585028355 0.7363113991114321 0.5540474931631845 0.7331728935763528 0.562177475889055 0.7332453361697827 0.5712649200856204 0.7356846474791077 0.5794228796321643 0.7397916332785739 0.5839805901407836 0.7445978133037942 0.5847448713623326 0.7483268491744827 0.5816513298804287 0.7511236260774992 0.5775079566907747 0.7532212087547614 0.5708785595873284 0.7534542734966796 0.5634204878459511 0.751895262896683 0.5574909785476715 0.7493315507355847 0.5525189307200867 0.7457269157166694 0.549489782654565
