1 0.764738 0.563859 0.760704 0.568960 0.757565 0.577090 0.757638 0.586177 0.760077 0.594335 0.764184 0.598893 0.768990 0.599657 0.772719 0.596564 0.775516 0.592420 0.777613 0.585791 0.777847 0.578333 0.776288 0.572404 0.773724 0.567431 0.770119 0.564402
2 0.026986 0.279433 0.024615 0.285306 0.025018 0.292910 0.026839 0.298640 0.029642 0.300882 0.033425 0.300383 0.036228 0.296647 0.036788 0.288675 0.035807 0.283195 0.032444 0.278711
2 0.801305 0.296613 0.798935 0.302486 0.799338 0.310090 0.801159 0.315819 0.803962 0.318061 0.807745 0.317563 0.810547 0.313827 0.811108 0.305855 0.810127 0.300375 0.806764 0.295891
2 0.279720 0.280718 0.277350 0.286591 0.277752 0.294195 0.279574 0.299925 0.282376 0.302167 0.286160 0.301668 0.288962 0.297932 0.289523 0.289960 0.288542 0.284480 0.285179 0.279996
2 0.541848 0.286841 0.539478 0.292713 0.539880 0.300318 0.541702 0.306047 0.544504 0.308289 0.548288 0.307791 0.551090 0.304054 0.551651 0.296083 0.550670 0.290602 0.547307 0.286118
1 0.189132 0.550804 0.185636 0.554947 0.183306 0.561162 0.182839 0.567377 0.183394 0.576493 0.186424 0.581529 0.191230 0.583730 0.195497 0.582072 0.199102 0.577929 0.200930 0.569863 0.200086 0.562405 0.197989 0.557433 0.195425 0.552461 0.192628 0.550390
3 0.884013 0.533115 0.885777 0.411231 0.922242 0.412272 0.924464 0.267580 0.948805 0.268623 0.946699 0.464871 0.923484 0.463642 0.923184 0.533915
3 0.109974 0.511652 0.109969 0.392914 0.147024 0.392908 0.147907 0.244021 0.172748 0.244015 0.173314 0.357464 0.173748 0.444457 0.149902 0.443420 0.149710 0.510356
3 0.367241 0.517440 0.366647 0.396605 0.404790 0.397648 0.406853 0.247269 0.432873 0.247042 0.432445 0.450245 0.409528 0.451306 0.409336 0.518241
3 0.629789 0.526310 0.630025 0.402566 0.668758 0.404185 0.669750 0.254427 0.695445 0.254820 0.694668 0.458067 0.671487 0.455982 0.670489 0.526875
3 0.813506 0.460284 0.791250 0.459180 0.793105 0.262002 0.818225 0.262851 0.817280 0.408140 0.854287 0.410621 0.852596 0.532489 0.813024 0.530845
3 0.038692 0.441473 0.015956 0.440203 0.018315 0.247152 0.045768 0.250075 0.042945 0.392323 0.079040 0.394420 0.076931 0.513806 0.039153 0.511712
3 0.292821 0.447964 0.268830 0.445874 0.273140 0.244760 0.298514 0.246635 0.295894 0.395669 0.333758 0.396717 0.333622 0.517152 0.292103 0.515058
3 0.553877 0.525440 0.554566 0.453755 0.531272 0.452286 0.534054 0.250980 0.560150 0.251614 0.558602 0.400412 0.597296 0.401888 0.595391 0.526665
1 0.243115 0.549233 0.239081 0.554334 0.235942 0.562464 0.236014 0.571551 0.238454 0.579709 0.242561 0.584267 0.247367 0.585031 0.251096 0.581937 0.253893 0.577794 0.255990 0.571165 0.256223 0.563707 0.254664 0.557777 0.252101 0.552805 0.248496 0.549776
1 0.449255 0.558523 0.445221 0.563624 0.442082 0.571754 0.442155 0.580841 0.444594 0.588999 0.448701 0.593557 0.453507 0.594321 0.457236 0.591228 0.460033 0.587084 0.462131 0.580455 0.462364 0.572997 0.460805 0.567067 0.458241 0.562095 0.454636 0.559066
1 0.505072 0.559366 0.501038 0.564467 0.497899 0.572597 0.497972 0.581684 0.500411 0.589842 0.504518 0.594400 0.509324 0.595164 0.513053 0.592071 0.515850 0.587927 0.517948 0.581298 0.518181 0.573840 0.516622 0.567910 0.514058 0.562938 0.510453 0.559909
1 0.712355 0.562227 0.708320 0.567328 0.705182 0.575458 0.705254 0.584545 0.707693 0.592703 0.711800 0.597261 0.716607 0.598025 0.720336 0.594932 0.723132 0.590788 0.725230 0.584159 0.725463 0.576701 0.723904 0.570771 0.721340 0.565799 0.717736 0.562770
