1 0.796484 0.583411 0.792245 0.587957 0.788771 0.595643 0.788458 0.604715 0.790545 0.613176 0.794447 0.618271 0.799207 0.619676 0.803057 0.617091 0.806021 0.613334 0.808393 0.607004 0.808942 0.599598 0.807638 0.593477 0.805293 0.588176 0.801826 0.584673
2 0.060789 0.283389 0.058176 0.288928 0.058256 0.296564 0.059829 0.302521 0.062529 0.305132 0.066323 0.305142 0.069275 0.301791 0.070172 0.293917 0.069426 0.288321 0.066263 0.283400
2 0.835164 0.317622 0.832552 0.323161 0.832631 0.330797 0.834205 0.336754 0.836905 0.339365 0.840698 0.339375 0.843651 0.336024 0.844548 0.328150 0.843802 0.322554 0.840638 0.317633
2 0.314312 0.292229 0.311700 0.297768 0.311779 0.305404 0.313353 0.311362 0.316052 0.313972 0.319846 0.313982 0.322799 0.310631 0.323695 0.302758 0.322950 0.297161 0.319786 0.292240
2 0.576167 0.304062 0.573555 0.309600 0.573634 0.317237 0.575208 0.323194 0.577907 0.325805 0.581701 0.325814 0.584654 0.322464 0.585550 0.314590 0.584804 0.308994 0.581641 0.304072
1 0.222116 0.558478 0.218455 0.562142 0.215867 0.568027 0.215139 0.574162 0.215306 0.583326 0.218114 0.588754 0.222813 0.591591 0.227139 0.590510 0.230909 0.586861 0.233073 0.579063 0.232548 0.571513 0.230667 0.566275 0.228321 0.560973 0.225620 0.558533
3 0.915070 0.558642 0.915958 0.438611 0.951577 0.438028 0.955999 0.288926 0.981108 0.291286 0.977214 0.490229 0.955077 0.489233 0.953530 0.559524
3 0.142331 0.520356 0.143945 0.397390 0.180927 0.398166 0.184023 0.253518 0.209057 0.254041 0.207238 0.451999 0.184755 0.450410 0.184498 0.520922
3 0.399230 0.534839 0.400215 0.412419 0.438916 0.411794 0.443006 0.266771 0.468378 0.264715 0.466143 0.466589 0.442452 0.466830 0.440812 0.535819
3 0.660990 0.541331 0.661019 0.422344 0.699863 0.422340 0.700722 0.271282 0.726976 0.272627 0.727102 0.476879 0.704243 0.474251 0.702970 0.543438
3 0.844316 0.483527 0.823007 0.480939 0.826771 0.280600 0.851559 0.283333 0.849642 0.432527 0.885721 0.433905 0.884199 0.555160 0.844736 0.553503
3 0.072090 0.445410 0.048961 0.444657 0.056266 0.250535 0.079928 0.251580 0.074586 0.396455 0.112393 0.396638 0.109693 0.518922 0.071082 0.515521
3 0.325721 0.456770 0.303310 0.456043 0.306964 0.255857 0.334324 0.256540 0.330040 0.404350 0.369005 0.409108 0.367280 0.529142 0.325028 0.528277
3 0.589502 0.542028 0.588531 0.472368 0.565276 0.469896 0.568178 0.269263 0.593259 0.269898 0.592398 0.418641 0.631141 0.420089 0.629879 0.543444
1 0.277428 0.559956 0.273189 0.564502 0.269715 0.572189 0.269402 0.581260 0.271489 0.589721 0.275391 0.594816 0.280151 0.596222 0.284001 0.593636 0.286965 0.589879 0.289338 0.583549 0.289886 0.576144 0.288582 0.570022 0.286237 0.564721 0.282771 0.561218
1 0.483560 0.569725 0.479321 0.574271 0.475847 0.581958 0.475534 0.591029 0.477621 0.599490 0.481523 0.604585 0.486283 0.605990 0.490133 0.603405 0.493097 0.599648 0.495470 0.593318 0.496018 0.585912 0.494714 0.579791 0.492369 0.574490 0.488903 0.570987
1 0.537828 0.572541 0.533589 0.577087 0.530115 0.584774 0.529803 0.593845 0.531889 0.602306 0.535792 0.607401 0.540552 0.608806 0.544401 0.606221 0.547366 0.602464 0.549738 0.596134 0.550286 0.588728 0.548983 0.582607 0.546637 0.577306 0.543171 0.573803
1 0.743267 0.582800 0.739027 0.587346 0.735553 0.595033 0.735241 0.604104 0.737327 0.612566 0.741230 0.617660 0.745990 0.619066 0.749839 0.616480 0.752804 0.612723 0.755176 0.606394 0.755725 0.598988 0.754421 0.592866 0.752075 0.587565 0.748609 0.584062
