1 0.773713 0.455011 0.770284 0.461360 0.768054 0.470388 0.769078 0.479292 0.772331 0.486498 0.776844 0.489614 0.781646 0.488771 0.784985 0.484496 0.787298 0.479498 0.788663 0.472289 0.788110 0.464885 0.785956 0.459576 0.782916 0.455541 0.779057 0.453760
2 0.016782 0.421772 0.015070 0.428328 0.016263 0.435665 0.018653 0.440690 0.021642 0.441963 0.025307 0.440220 0.027668 0.435619 0.027382 0.427602 0.025844 0.422543 0.022069 0.419253
2 0.780074 0.181032 0.778362 0.187588 0.779555 0.194925 0.781945 0.199950 0.784934 0.201223 0.788599 0.199480 0.790960 0.194879 0.790674 0.186862 0.789136 0.181803 0.785361 0.178513
2 0.263833 0.339581 0.262121 0.346137 0.263314 0.353474 0.265704 0.358499 0.268693 0.359772 0.272358 0.358029 0.274719 0.353428 0.274433 0.345411 0.272895 0.340352 0.269120 0.337062
2 0.523869 0.257549 0.522156 0.264105 0.523349 0.271442 0.525740 0.276467 0.528728 0.277741 0.532393 0.275997 0.534754 0.271396 0.534469 0.263379 0.532930 0.258320 0.529156 0.255030
1 0.204368 0.636223 0.201368 0.641452 0.199731 0.648331 0.199925 0.654592 0.201426 0.663363 0.204931 0.667307 0.209883 0.667875 0.213902 0.664832 0.217009 0.659566 0.217959 0.651036 0.216347 0.643989 0.213765 0.639799 0.210725 0.635764 0.207760 0.634656
3 0.884279 0.386466 0.873226 0.266136 0.909421 0.257506 0.896164 0.112178 0.920188 0.105132 0.938706 0.298636 0.916929 0.305997 0.924561 0.373687
3 0.120936 0.622739 0.108475 0.506086 0.144879 0.493794 0.130128 0.347227 0.154531 0.338985 0.166990 0.450256 0.176542 0.535578 0.153006 0.542467 0.159839 0.608291
3 0.374021 0.541202 0.360761 0.422684 0.398344 0.411061 0.384595 0.262637 0.410135 0.253787 0.431032 0.453567 0.408629 0.462207 0.415462 0.528032
3 0.634467 0.462335 0.622255 0.342396 0.660088 0.327488 0.644601 0.179651 0.671878 0.170214 0.693105 0.373083 0.668055 0.379416 0.675688 0.447105
3 0.809258 0.341360 0.786117 0.346782 0.767828 0.147836 0.793004 0.140835 0.807837 0.288763 0.844196 0.276493 0.856772 0.393767 0.815453 0.407302
3 0.045278 0.580370 0.023890 0.583833 0.007292 0.392936 0.030837 0.386324 0.042540 0.527163 0.079197 0.517746 0.090434 0.638756 0.053100 0.649224
3 0.293894 0.499544 0.270105 0.505445 0.253240 0.306431 0.278366 0.299860 0.291427 0.447148 0.328737 0.435624 0.341237 0.553991 0.300227 0.565699
3 0.559548 0.484332 0.552687 0.416839 0.528898 0.422740 0.510985 0.225147 0.537848 0.217990 0.552427 0.362631 0.591006 0.351746 0.601768 0.470699
1 0.257425 0.618521 0.253997 0.624870 0.251766 0.633898 0.252791 0.642802 0.256043 0.650008 0.260556 0.653124 0.265358 0.652281 0.268697 0.648006 0.271010 0.643008 0.272375 0.635799 0.271822 0.628395 0.269668 0.623086 0.266628 0.619051 0.262769 0.617270
1 0.461162 0.554227 0.457733 0.560576 0.455502 0.569604 0.456527 0.578508 0.459779 0.585714 0.464292 0.588830 0.469094 0.587987 0.472433 0.583711 0.474747 0.578713 0.476112 0.571505 0.475558 0.564100 0.473405 0.558792 0.470364 0.554757 0.466505 0.552976
1 0.516131 0.536950 0.512702 0.543299 0.510471 0.552327 0.511496 0.561231 0.514748 0.568437 0.519261 0.571553 0.524063 0.570710 0.527403 0.566435 0.529716 0.561437 0.531081 0.554228 0.530527 0.546824 0.528374 0.541515 0.525333 0.537480 0.521474 0.535699
1 0.719993 0.472450 0.716565 0.478799 0.714334 0.487827 0.715359 0.496731 0.718611 0.503937 0.723124 0.507053 0.727926 0.506210 0.731265 0.501934 0.733578 0.496936 0.734944 0.489728 0.734390 0.482323 0.732236 0.477015 0.729196 0.472980 0.725337 0.471199
