1 0.225297 0.583347 0.229331 0.588448 0.232470 0.596578 0.232397 0.605665 0.229958 0.613823 0.225851 0.618381 0.221045 0.619145 0.217316 0.616052 0.214519 0.611908 0.212421 0.605279 0.212188 0.597821 0.213747 0.591891 0.216311 0.586919 0.219916 0.583890
2 0.974155 0.372145 0.976525 0.378018 0.976123 0.385622 0.974301 0.391352 0.971499 0.393594 0.967716 0.393095 0.964913 0.389359 0.964353 0.381387 0.965334 0.375907 0.968696 0.371423
2 0.199044 0.310632 0.201414 0.316504 0.201011 0.324108 0.199190 0.329838 0.196387 0.332080 0.192604 0.331582 0.189801 0.327845 0.189241 0.319874 0.190222 0.314393 0.193585 0.309909
2 0.721520 0.348515 0.723890 0.354388 0.723488 0.361992 0.721666 0.367722 0.718864 0.369964 0.715080 0.369465 0.712278 0.365729 0.711718 0.357757 0.712698 0.352277 0.716061 0.347793
2 0.458088 0.326969 0.460458 0.332842 0.460056 0.340446 0.458234 0.346175 0.455432 0.348417 0.451648 0.347919 0.448846 0.344182 0.448285 0.336211 0.449266 0.330731 0.452629 0.326247
1 0.800903 0.625211 0.804398 0.629355 0.806729 0.635570 0.807195 0.641785 0.806641 0.650900 0.803611 0.655937 0.798805 0.658137 0.794537 0.656480 0.790933 0.652336 0.789104 0.644271 0.789948 0.636813 0.792046 0.631841 0.794610 0.626869 0.797407 0.624797
3 0.110252 0.539626 0.109849 0.418549 0.074291 0.417233 0.075698 0.270866 0.052264 0.269489 0.049381 0.471383 0.052668 0.471509 0.070641 0.472201 0.070244 0.536395
3 0.884616 0.592904 0.887732 0.475029 0.851519 0.471912 0.854849 0.325387 0.830073 0.323134 0.823012 0.520408 0.845530 0.523923 0.843616 0.592357
3 0.628465 0.575604 0.629902 0.454020 0.591337 0.451317 0.592645 0.302437 0.567890 0.300711 0.565386 0.411429 0.563715 0.501381 0.585724 0.502498 0.586370 0.576405
3 0.364399 0.555786 0.365921 0.434651 0.327188 0.432549 0.330361 0.283783 0.304258 0.282000 0.301380 0.481263 0.324355 0.482981 0.323147 0.555988
3 0.183934 0.475593 0.204516 0.474861 0.207964 0.277374 0.182948 0.275617 0.178904 0.424255 0.142350 0.421836 0.140936 0.541223 0.182043 0.544045
3 0.958358 0.532301 0.978178 0.532414 0.981911 0.337865 0.956532 0.336179 0.954106 0.479925 0.916747 0.477527 0.916328 0.599161 0.957897 0.599314
3 0.704425 0.510837 0.726699 0.512492 0.730199 0.312013 0.705700 0.312504 0.701774 0.460040 0.663974 0.458899 0.660546 0.578990 0.703458 0.582426
3 0.439903 0.564385 0.439984 0.495053 0.463975 0.494461 0.467941 0.293761 0.441997 0.290912 0.439834 0.442573 0.400791 0.439946 0.397835 0.563492
1 0.747916 0.620097 0.751951 0.625198 0.755089 0.633328 0.755017 0.642415 0.752577 0.650573 0.748470 0.655131 0.743664 0.655895 0.739935 0.652802 0.737138 0.648658 0.735041 0.642029 0.734808 0.634571 0.736367 0.628641 0.738931 0.623669 0.742535 0.620640
1 0.542773 0.608128 0.546807 0.613229 0.549946 0.621359 0.549873 0.630446 0.547434 0.638604 0.543327 0.643162 0.538521 0.643926 0.534792 0.640833 0.531995 0.636689 0.529897 0.630060 0.529664 0.622602 0.531223 0.616672 0.533787 0.611700 0.537392 0.608671
1 0.486955 0.600113 0.490990 0.605214 0.494128 0.613344 0.494056 0.622431 0.491617 0.630589 0.487510 0.635147 0.482704 0.635911 0.478975 0.632817 0.476178 0.628674 0.474080 0.622045 0.473847 0.614587 0.475406 0.608657 0.477970 0.603685 0.481574 0.600656
1 0.278677 0.587029 0.282711 0.592130 0.285850 0.600260 0.285777 0.609348 0.283338 0.617506 0.279231 0.622063 0.274425 0.622828 0.270696 0.619734 0.267899 0.615591 0.265801 0.608961 0.265568 0.601503 0.267127 0.595574 0.269691 0.590602 0.273296 0.587573
