1 0.796420 0.415878 0.793183 0.422537 0.791221 0.431760 0.792505 0.440556 0.795965 0.447450 0.800563 0.450143 0.805334 0.448856 0.808543 0.444276 0.810706 0.439070 0.811858 0.431744 0.811087 0.424401 0.808781 0.419300 0.805626 0.415553 0.801720 0.414133
2 0.040386 0.533805 0.038868 0.540511 0.040276 0.547727 0.042811 0.552523 0.045832 0.553517 0.049441 0.551435 0.051664 0.546622 0.051143 0.538642 0.049458 0.533733 0.045592 0.530798
2 0.782753 0.140838 0.781235 0.147544 0.782642 0.154760 0.785178 0.159556 0.788199 0.160550 0.791808 0.158469 0.794031 0.153655 0.793510 0.145675 0.791825 0.140766 0.787959 0.137831
2 0.282958 0.402467 0.281440 0.409173 0.282847 0.416389 0.285382 0.421185 0.288404 0.422179 0.292013 0.420098 0.294235 0.415284 0.293715 0.407304 0.292029 0.402395 0.288164 0.399460
2 0.534717 0.269058 0.533199 0.275764 0.534606 0.282980 0.537141 0.287776 0.540163 0.288770 0.543771 0.286688 0.545994 0.281875 0.545474 0.273895 0.543788 0.268986 0.539923 0.266051
1 0.243593 0.708414 0.240751 0.713915 0.239318 0.720937 0.239695 0.727171 0.241452 0.735791 0.245068 0.739404 0.250031 0.739511 0.253955 0.736099 0.256902 0.730552 0.257600 0.721945 0.255784 0.715057 0.253082 0.711113 0.249927 0.707366 0.246934 0.706535
3 0.901682 0.326936 0.881593 0.212331 0.915355 0.192144 0.893555 0.047952 0.917838 0.036355 0.948832 0.227641 0.927613 0.238896 0.938401 0.306576
3 0.157930 0.716119 0.138019 0.598323 0.173314 0.578676 0.151030 0.439450 0.174922 0.426149 0.207718 0.615354 0.186065 0.626235 0.198118 0.693415
3 0.405820 0.584990 0.385406 0.468060 0.422091 0.446134 0.400687 0.306004 0.424450 0.290063 0.457533 0.483221 0.435051 0.496509 0.445524 0.563002
3 0.657104 0.450528 0.636380 0.337388 0.673309 0.315974 0.647781 0.171886 0.672975 0.158694 0.708717 0.352811 0.686527 0.362912 0.697383 0.429391
3 0.821497 0.295847 0.800786 0.305132 0.769425 0.112590 0.793468 0.101525 0.817666 0.244424 0.852207 0.225847 0.871907 0.341967 0.834100 0.362142
3 0.079570 0.682935 0.057449 0.694969 0.030539 0.506386 0.053216 0.494337 0.073404 0.635018 0.109381 0.614352 0.128140 0.732098 0.090839 0.750147
3 0.321938 0.554258 0.300504 0.565920 0.269065 0.373585 0.295196 0.359153 0.316902 0.502040 0.354777 0.485087 0.374071 0.600156 0.333750 0.622623
3 0.587589 0.489919 0.574517 0.424226 0.551977 0.434694 0.519745 0.242349 0.543700 0.229128 0.568823 0.371015 0.605910 0.351036 0.626223 0.469008
1 0.295692 0.679654 0.292455 0.686313 0.290493 0.695536 0.291777 0.704333 0.295237 0.711227 0.299835 0.713920 0.304606 0.712632 0.307815 0.708052 0.309978 0.702846 0.311130 0.695521 0.310359 0.688178 0.308053 0.683076 0.304898 0.679329 0.300992 0.677909
1 0.493188 0.573998 0.489950 0.580657 0.487988 0.589879 0.489273 0.598676 0.492732 0.605570 0.497331 0.608263 0.502102 0.606975 0.505310 0.602396 0.507473 0.597190 0.508625 0.589864 0.507855 0.582521 0.505548 0.577420 0.502393 0.573673 0.498487 0.572253
1 0.545637 0.549410 0.542400 0.556069 0.540438 0.565291 0.541722 0.574088 0.545182 0.580982 0.549780 0.583675 0.554551 0.582387 0.557760 0.577807 0.559923 0.572601 0.561075 0.565276 0.560304 0.557933 0.557998 0.552832 0.554843 0.549085 0.550937 0.547665
1 0.743485 0.445602 0.740248 0.452261 0.738286 0.461484 0.739570 0.470280 0.743030 0.477175 0.747628 0.479867 0.752399 0.478580 0.755608 0.474000 0.757771 0.468794 0.758923 0.461468 0.758152 0.454125 0.755846 0.449024 0.752691 0.445277 0.748785 0.443857
