1 0.725162 0.521317 0.721229 0.526662 0.718250 0.534979 0.718498 0.544057 0.721095 0.552060 0.725287 0.556364 0.730106 0.556833 0.733772 0.553513 0.736487 0.549200 0.738455 0.542446 0.738543 0.534978 0.736870 0.529148 0.734211 0.524336 0.730550 0.521529
2 0.046067 0.335225 0.043812 0.341239 0.044362 0.348814 0.046293 0.354429 0.049138 0.356497 0.052909 0.355767 0.055637 0.351861 0.056043 0.343860 0.054956 0.338443 0.051508 0.334168
2 0.800817 0.249340 0.798562 0.255355 0.799112 0.262929 0.801043 0.268544 0.803888 0.270613 0.807659 0.269883 0.810387 0.265977 0.810793 0.257975 0.809706 0.252559 0.806258 0.248283
2 0.293602 0.302765 0.291347 0.308779 0.291897 0.316354 0.293829 0.321969 0.296673 0.324037 0.300444 0.323307 0.303173 0.319401 0.303578 0.311400 0.302492 0.305983 0.299044 0.301708
2 0.548554 0.274145 0.546299 0.280160 0.546849 0.287735 0.548780 0.293349 0.551625 0.295418 0.555396 0.294688 0.558124 0.290782 0.558530 0.282781 0.557443 0.277364 0.553995 0.273089
1 0.217733 0.576846 0.214320 0.581201 0.212111 0.587556 0.211766 0.593795 0.212497 0.602871 0.215623 0.607719 0.220469 0.609624 0.224701 0.607706 0.228224 0.603344 0.229894 0.595171 0.228906 0.587769 0.226713 0.582929 0.224055 0.578117 0.221219 0.576218
3 0.892753 0.472116 0.886232 0.352636 0.921600 0.345113 0.917393 0.203273 0.940699 0.201641 0.950302 0.392001 0.928238 0.395326 0.931036 0.465496
3 0.135959 0.551760 0.131846 0.432318 0.167303 0.426506 0.161530 0.286685 0.187791 0.281963 0.196354 0.476510 0.173959 0.481451 0.175724 0.548520
3 0.387991 0.525983 0.381419 0.404109 0.419848 0.395943 0.415903 0.254733 0.440265 0.249885 0.449743 0.447232 0.425619 0.452126 0.429383 0.518851
3 0.643184 0.497478 0.638231 0.379058 0.675682 0.372602 0.670683 0.224012 0.697679 0.220737 0.704921 0.420526 0.682038 0.422371 0.685041 0.491389
3 0.817764 0.408706 0.796423 0.410287 0.790716 0.218312 0.816883 0.214499 0.819912 0.356975 0.855858 0.351311 0.861824 0.472132 0.820859 0.472823
3 0.063671 0.493814 0.044780 0.494372 0.038348 0.304928 0.063157 0.301542 0.067281 0.441201 0.101905 0.436336 0.106100 0.555237 0.066911 0.559421
3 0.310867 0.462877 0.288046 0.464133 0.283058 0.269861 0.309146 0.268489 0.312412 0.411514 0.350012 0.405508 0.355655 0.522737 0.314057 0.530086
3 0.569869 0.503246 0.568143 0.433978 0.544896 0.437102 0.538668 0.243853 0.563929 0.240625 0.568775 0.385060 0.606764 0.377935 0.610679 0.496746
1 0.269868 0.572526 0.265935 0.577871 0.262956 0.586189 0.263205 0.595266 0.265801 0.603270 0.269994 0.607573 0.274812 0.608042 0.278479 0.604722 0.281193 0.600409 0.283161 0.593655 0.283249 0.586187 0.281576 0.580357 0.278918 0.575545 0.275256 0.572739
1 0.471778 0.549332 0.467845 0.554677 0.464866 0.562994 0.465115 0.572072 0.467711 0.580075 0.471904 0.584379 0.476722 0.584848 0.480389 0.581528 0.483104 0.577215 0.485071 0.570461 0.485160 0.562993 0.483486 0.557163 0.480828 0.552351 0.477167 0.549545
1 0.524046 0.543741 0.520113 0.549086 0.517134 0.557403 0.517382 0.566481 0.519979 0.574485 0.524172 0.578788 0.528990 0.579257 0.532657 0.575937 0.535371 0.571624 0.537339 0.564870 0.537427 0.557402 0.535754 0.551572 0.533095 0.546760 0.529434 0.543954
1 0.776464 0.516806 0.772531 0.522151 0.769552 0.530469 0.769801 0.539546 0.772397 0.547550 0.776590 0.551853 0.781408 0.552322 0.785075 0.549002 0.787790 0.544689 0.789757 0.537935 0.789846 0.530467 0.788173 0.524637 0.785514 0.519825 0.781853 0.517019
