1 0.7899101894742246 0.5598294021479782 0.7858756462681882 0.5649302368083271 0.782737140733109 0.5730602195341976 0.7828095833265388 0.5821476637307629 0.7852488946358638 0.590305623277307 0.78935588043533 0.5948633337859262 0.7941620604605503 0.5956276150074751 0.7978910963312387 0.5925340735255713 0.8006878732342553 0.5883907003359173 0.8027854559115175 0.5817613032324709 0.8030185206534357 0.5743032314910937 0.8014595100534391 0.5683737221928141 0.7988957978923408 0.5634016743652294 0.7952911628734255 0.5603725262997077
2 0.04238277782505937 0.3350162448412906 0.04001258524471307 0.3408891434016742 0.04041512341221444 0.3484931825282247 0.04223671270729156 0.35422262578111685 0.04503915777664098 0.3564645818365964 0.048822458620262695 0.3559663693798232 0.05162490368961212 0.352229775954024 0.05218539270348201 0.3442583766456523 0.0512045369292097 0.3387780396211468 0.0478416028459904 0.33429412751018767
2 0.8183634240185809 0.2889000474379221 0.8159932314382347 0.29477294599830567 0.816395769605736 0.3023769851248562 0.8182173589008132 0.3081064283777484 0.8210198039701625 0.31034838443322793 0.8248031048137843 0.3098501719764547 0.8276055498831337 0.30611357855065546 0.8281660388970036 0.29814217924228376 0.8271851831227311 0.29266184221777825 0.823822249039512 0.28817793010681914
2 0.2953659581587046 0.31679770714004585 0.29299576557835827 0.32267060570042944 0.2933983037458596 0.33027464482697994 0.29521989304093676 0.3360040880798721 0.29802233811028617 0.33824604413535164 0.3018056389539079 0.3377478316785784 0.30460808402325734 0.33401123825277923 0.30516857303712724 0.3260398389444075 0.3041877172628549 0.320559501919902 0.30082478317963557 0.3160755898089429
2 0.5580750546527908 0.30009334565175716 0.5557048620724446 0.30596624421214075 0.556107400239946 0.3135702833386913 0.5579289895350231 0.31929972659158345 0.5607314346043725 0.321541682647063 0.5645147354479942 0.3210434701902898 0.5673171805173437 0.3173068767644906 0.5678776695312135 0.30933547745611883 0.5668968137569411 0.3038551404316133 0.5635338796737219 0.2993712283206542
1 0.21290079855055674 0.5955419381744442 0.20940482742178618 0.5996853113640982 0.2070741800026058 0.6059003711485792 0.20660805051876976 0.6121154309330602 0.20716235955766435 0.6212308519502989 0.21019220120259882 0.6262672931942657 0.21499838122781909 0.6284677666218568 0.2192659891757735 0.626810417345995 0.22287062419468864 0.6226670441563412 0.22469892083331808 0.6146014548468526 0.2238548414207045 0.6071433831054753 0.22175725874344213 0.6021713352778906 0.21919354658234375 0.5971992874503058 0.2163967696793273 0.5951276008554789
3 0.9059042422344905 0.5211791223746155 0.9041304300551657 0.39929582388360574 0.9400060056482377 0.39338301230449396 0.9404587468889645 0.24935510603665267 0.9636207348146861 0.24725250819969602 0.9656420378656317 0.4455975708192694 0.9464224208842036 0.44980276649318257 0.9479993692619212 0.5177867632214462
3 0.12880861311901057 0.5661877135118879 0.1270348009396857 0.4443044150208781 0.16291037653275786 0.44220181718392143 0.15907662731356026 0.294363697173925 0.18509627554589828 0.29226109933696837 0.19140406905676813 0.4906061619565417 0.1693267917687237 0.4948113576304549 0.1709037401464412 0.5627953543587185
3 0.38866762143003947 0.5503901994275912 0.3868938092507147 0.4285069009365813 0.4256270451504031 0.4264043030996245 0.42179329593120535 0.27602604059485825 0.44781294416354345 0.2726533715105166 0.4526919075211051 0.47480864787224497 0.42918580007975266 0.47901384354615817 0.43076274845747015 0.5469978402744218
3 0.6530010944851251 0.5351493444589714 0.6512272823058004 0.41326604596796157 0.6899605182054888 0.4111634481310048 0.686126768986291 0.26078518562623854 0.712146417218629 0.2574125165418969 0.7170253805761908 0.45956779290362526 0.6935192731348383 0.4637729885775384 0.6950962215125558 0.5317569853058021
3 0.8360596032949857 0.5223998035860948 0.8337533376165079 0.45326006543309416 0.8128088390919774 0.45301165816421674 0.8104040137294767 0.25568558347280884 0.8346937090520866 0.25505822897039354 0.8378758854016497 0.4011156805821057 0.8742937717881328 0.4011156805821059 0.8749366096929414 0.5205023778362946 0.856509011337738 0.5221959480517033
3 0.0585828787409511 0.5689921060407673 0.057154048587642975 0.500408258681978 0.03500718121136725 0.49913818743459304 0.03500718121136726 0.3060873578320749 0.057154048587642975 0.30481728658468993 0.05786846366429703 0.4470652662918086 0.095732462726962 0.4470652662918086 0.09716129288027009 0.5664519635459974 0.08120145579797647 0.5675028170164363
3 0.31426441518363507 0.5540889928054924 0.31283558503032693 0.48550514544670315 0.28884448196635387 0.4834154138936749 0.28607812843480784 0.2854466224572973 0.311452408264554 0.2841765512099122 0.31355000010698103 0.4321621530565337 0.35141399916964594 0.4321621530565337 0.3542260060887271 0.5515488503107224 0.33688299224066043 0.5525997037811614
3 0.5787329253673053 0.5374526825252541 0.5773040952139971 0.4688688351664648 0.553312992150024 0.46677910361343655 0.550546638618478 0.268810312177059 0.5759209184482241 0.2675402409296739 0.5780185102906511 0.4155258427762954 0.6158825093533161 0.4155258427762954 0.6186945162723972 0.5349125400304842 0.6013515024243306 0.5359633935009231
1 0.2675979830977956 0.591770748640081 0.2635634398917591 0.5968715833004299 0.26042493435668 0.6050015660263005 0.2604973769501099 0.6140890102228657 0.26293668825943484 0.6222469697694099 0.26704367405890095 0.626804680278029 0.27184985408412116 0.627568961499578 0.2755788899548098 0.6244754200176741 0.2783756668578262 0.6203320468280201 0.2804732495350885 0.6137026497245738 0.2807063142770066 0.6062445779831965 0.27914730367701 0.600315068684917 0.2765835915159117 0.5953430208573323 0.2729789564969965 0.5923138727918106
1 0.4736135216071742 0.5807451567318614 0.4695789784011377 0.5858459913922104 0.46644047286605855 0.593975974118081 0.4665129154594884 0.6030634183146462 0.4689522267688134 0.6112213778611904 0.4730592125682796 0.6157790883698095 0.4778653925934998 0.6165433695913585 0.4815944284641883 0.6134498281094546 0.4843912053672048 0.6093064549198006 0.4864887880444671 0.6026770578163543 0.48672185278638525 0.595218986074977 0.4851628421863886 0.5892894767766975 0.4825991300252903 0.5843174289491128 0.4789944950063751 0.5812882808835911
1 0.529430580642536 0.5770699594291216 0.5253960374364997 0.5821707940894706 0.5222575319014204 0.5903007768153412 0.5223299744948503 0.5993882210119064 0.5247692858041753 0.6075461805584506 0.5288762716036415 0.6121038910670697 0.5336824516288616 0.6128681722886187 0.5374114874995503 0.6097746308067148 0.5402082644025668 0.6056312576170608 0.542305847079829 0.5990018605136145 0.5425389118217471 0.5915437887722372 0.5409799012217504 0.5856142794739576 0.5384161890606523 0.5806422316463729 0.534811554041737 0.5776130835808513
1 0.7365553992197369 0.5642067688695321 0.7325208560137004 0.569307603529881 0.7293823504786212 0.5774375862557516 0.7294547930720511 0.5865250304523169 0.731894104381376 0.5946829899988609 0.7360010901808423 0.5992407005074801 0.7408072702060625 0.600004981729029 0.7445363060767509 0.5969114402471252 0.7473330829797675 0.5927680670574713 0.7494306656570298 0.5861386699540249 0.749663730398948 0.5786805982126476 0.7481047197989512 0.5727510889143681 0.745541007637853 0.5677790410867833 0.7419363726189377 0.5647498930212617
