1 0.7231402515538918 0.544123799519614 0.7191057083478555 0.5492246341799629 0.7159672028127763 0.5573546169058335 0.7160396454062061 0.5664420611023987 0.7184789567155311 0.5746000206489428 0.7225859425149973 0.579157731157562 0.7273921225402176 0.579922012379111 0.731121158410906 0.5768284708972071 0.7339179353139226 0.5726850977075532 0.7360155179911848 0.5660557006041068 0.7362485827331029 0.5585976288627296 0.7346895721331063 0.5526681195644499 0.7321258599720081 0.5476960717368652 0.7285212249530928 0.5446669236713436
2 0.04471796815010182 0.348154809829588 0.04234777556975551 0.35402770838997166 0.042750313737256886 0.36163174751652216 0.044571903032334 0.36736119076941426 0.047374348101683415 0.3696031468248938 0.05115764894530514 0.3691049343681206 0.053960094014654555 0.3653683409423214 0.054520583028524465 0.35739694163394975 0.053539727254252135 0.3519166046094442 0.05017679317103285 0.3474326924984851
2 0.7999177854800208 0.2735145451509354 0.7975475928996745 0.27938744371131896 0.7979501310671759 0.28699148283786946 0.799771720362253 0.2927209260907616 0.8025741654316023 0.29496288214624117 0.8063574662752241 0.29446466968946794 0.8091599113445735 0.29072807626366876 0.8097204003584434 0.28275667695529705 0.8087395445841711 0.27727633993079154 0.8053766105009518 0.27279242781983243
2 0.29032794505334514 0.32018975496300045 0.2879577524729988 0.32606265352338404 0.2883602906405002 0.33366669264993454 0.2901818799355773 0.3393961359028267 0.2929843250049267 0.34163809195830624 0.29676762584854843 0.341139879501533 0.2995700709178979 0.33740328607573383 0.3001305599317678 0.3294318867673621 0.2991497041574954 0.3239515497428566 0.2957867700742762 0.31946763763189745
2 0.5475992181852185 0.2919326706129606 0.5452290256048723 0.29780556917334416 0.5456315637723737 0.3054096082998947 0.5474531530674508 0.31113905155278687 0.5502555981368001 0.3133810076082664 0.5540388989804219 0.3128827951514932 0.5568413440497714 0.309146201725694 0.5574018330636412 0.30117480241732225 0.5564209772893688 0.2956944653928167 0.5530580432061496 0.29121055328185763
1 0.21334440220504233 0.590838416516797 0.20984843107627177 0.594981789706451 0.20751778365709142 0.601196849490932 0.20705165417325538 0.607411909275413 0.20760596321214997 0.6165273302926518 0.2106358048570844 0.6215637715366185 0.2154419848823047 0.6237642449642096 0.21970959283025912 0.6221068956883478 0.22331422784917426 0.617963522498694 0.2251425244878037 0.6098979331892054 0.22429844507519012 0.6024398614478281 0.22220086239792775 0.5974678136202434 0.21963715023682936 0.5924957657926586 0.2168403733338129 0.5904240791978317
3 0.8892278576507328 0.5003001533914493 0.8850285910955025 0.3804914408129019 0.9205215038922876 0.37514161919488914 0.9190683573419481 0.23312817694149154 0.9423919852413871 0.2329256880059716 0.9482968148158999 0.4237612102419013 0.9261808478220989 0.42573201727929316 0.9276159505090499 0.49603104009148596
3 0.13276393289972802 0.5690028349644262 0.12916420570101086 0.4461695134424521 0.16471349018845927 0.443604697259658 0.15804453893055612 0.30137248243635567 0.18257613570183673 0.29612331781526713 0.1927771778107895 0.492150001950167 0.1721051729096695 0.49357501576710355 0.17256766769012316 0.5639217934478071
3 0.3845018919333703 0.5426094126605051 0.38029784909513564 0.4204050632283141 0.4188627641171845 0.41460063705283995 0.41471127152620435 0.2679907282376415 0.4397425388942699 0.26463966549191087 0.4483342764068062 0.4655947882067566 0.4247200062355171 0.46900751401617974 0.4260073576266295 0.5380198975573548
3 0.6385479609313893 0.5171602135774552 0.6358956168222352 0.3985071170148867 0.6734495300535805 0.3943513657093096 0.6682697067816014 0.24554243198871542 0.6937798267358337 0.24256204322872485 0.7017417196748597 0.4440394992731217 0.6788365840308939 0.4444797539279029 0.6804982311098642 0.5136407991159873
3 0.8162795019871523 0.43505592518871217 0.7949210063868526 0.4353280046113972 0.7906416275127677 0.24311727894305346 0.8145676262259903 0.24091089315807623 0.8194297256418358 0.38348773241503237 0.8554649492320321 0.3800305799511808 0.8590833142810161 0.5011458534372953 0.8196621269068453 0.504776194561255
3 0.06344907637325876 0.5023783412537483 0.03853905912572761 0.5039183823912724 0.03578590977020797 0.3109822023359131 0.06305288614991766 0.30804955160904124 0.0638634271023463 0.4532284961287978 0.10157137556414687 0.44834961933045975 0.1040593288016988 0.5706471739071264 0.06541384107488916 0.5724254707394556
3 0.30763082398667213 0.4802376823108556 0.2847990686826786 0.4800943638950764 0.2817768161315602 0.2856319063158824 0.30727405827477894 0.28264963254445136 0.31017089209322246 0.4290006716175337 0.3478657271759946 0.4253035473111359 0.3512308180215347 0.5428079815425256 0.3095154556322365 0.5476023771802531
3 0.5670519031570481 0.5267118054129306 0.5654913295338131 0.45633062153733567 0.5421980505339484 0.4580278523155842 0.5397220203799544 0.2613661623442276 0.5644410719803856 0.2596896986761337 0.5658924501725656 0.4032868662629695 0.6075351665423759 0.39954332409568133 0.6085538823280059 0.5227169836811472
1 0.26629830050881137 0.5842660378210629 0.2622637573027749 0.5893668724814117 0.2591252517676958 0.5974968552072825 0.2591976943611256 0.6065842994038476 0.26163700567045056 0.6147422589503918 0.26574399146991673 0.6192999694590109 0.27055017149513694 0.6200642506805598 0.27427920736582556 0.616970709198656 0.277075984268842 0.6128273360090021 0.2791735669461043 0.6061979389055556 0.2794066316880224 0.5987398671641784 0.2778476210880258 0.5928103578658989 0.2752839089269275 0.5878383100383142 0.2716792739080123 0.5848091619727925
1 0.4670052990730182 0.5652880428782666 0.4629707558669818 0.5703888775386154 0.45983225033190256 0.5785188602644861 0.4599046929253325 0.5876063044610512 0.46234400423465744 0.5957642640075954 0.4664509900341236 0.6003219745162146 0.4712571700593438 0.6010862557377635 0.4749862059300324 0.5979927142558598 0.4777829828330489 0.5938493410662058 0.47988056551031116 0.5872199439627593 0.48011363025222925 0.5797618722213821 0.4785546196522326 0.5738323629231026 0.4759909074911344 0.5688603150955178 0.47238627247221915 0.5658311670299961
1 0.5216499787894747 0.5615422567946416 0.5176154355834384 0.5666430914549906 0.5144769300483591 0.5747730741808612 0.514549372641789 0.5838605183774264 0.516988683951114 0.5920184779239706 0.5210956697505802 0.5965761884325896 0.5259018497758003 0.5973404696541386 0.529630885646489 0.5942469281722348 0.5324276625495054 0.5901035549825808 0.5345252452267677 0.5834741578791344 0.5347583099686858 0.5760160861377572 0.5331992993686892 0.5700865768394777 0.5306355872075909 0.565114529011893 0.5270309521886757 0.5620853809463713
1 0.7744407876268039 0.5378340786217857 0.7704062444207674 0.5429349132821346 0.7672677388856883 0.5510648960080051 0.7673401814791181 0.5601523402045704 0.769779492788443 0.5683102997511145 0.7738864785879094 0.5728680102597337 0.7786926586131295 0.5736322914812826 0.782421694483818 0.5705387499993787 0.7852184713868345 0.5663953768097248 0.7873160540640969 0.5597659797062784 0.787549118806015 0.5523079079649011 0.7859901082060183 0.5463783986666216 0.78342639604492 0.5414063508390369 0.7798217610260048 0.5383772027735152
