1 0.790007 0.598078 0.785693 0.602399 0.782093 0.609899 0.781629 0.618950 0.783573 0.627518 0.787389 0.632816 0.792124 0.634472 0.796015 0.632090 0.799040 0.628491 0.801517 0.622289 0.802189 0.614916 0.800988 0.608728 0.798732 0.603306 0.795326 0.599621
2 0.058155 0.253953 0.055451 0.259352 0.055403 0.266989 0.056877 0.273026 0.059532 0.275778 0.063324 0.275988 0.066331 0.272795 0.067358 0.264972 0.066706 0.259339 0.063626 0.254253
2 0.832787 0.334808 0.830083 0.340207 0.830035 0.347844 0.831508 0.353882 0.834163 0.356634 0.837955 0.356843 0.840962 0.353650 0.841990 0.345827 0.841338 0.340194 0.838258 0.335108
2 0.311944 0.277310 0.309241 0.282708 0.309192 0.290346 0.310666 0.296383 0.313321 0.299135 0.317113 0.299345 0.320120 0.296151 0.321148 0.288328 0.320495 0.282695 0.317415 0.277609
2 0.574649 0.304943 0.571945 0.310342 0.571897 0.317979 0.573371 0.324017 0.576025 0.326769 0.579817 0.326978 0.582825 0.323785 0.583852 0.315962 0.583200 0.310329 0.580120 0.305243
1 0.216123 0.540086 0.212402 0.543554 0.209718 0.549301 0.208887 0.555395 0.208901 0.564563 0.211617 0.570137 0.216267 0.573221 0.220609 0.572368 0.224438 0.568920 0.226732 0.561239 0.226332 0.553665 0.224540 0.548329 0.222283 0.542907 0.219624 0.540325
3 0.909907 0.582479 0.912797 0.462548 0.948410 0.463843 0.955318 0.315040 0.980377 0.318723 0.973165 0.517373 0.951054 0.515210 0.948335 0.585389
3 0.133901 0.497201 0.137565 0.374374 0.174518 0.377100 0.180026 0.232679 0.205041 0.234522 0.199920 0.432297 0.177474 0.429522 0.176040 0.499990
3 0.393790 0.523110 0.396817 0.400795 0.435512 0.402212 0.441218 0.250993 0.467662 0.252580 0.461813 0.458418 0.438128 0.457410 0.435337 0.526282
3 0.654970 0.551008 0.659331 0.432515 0.696923 0.435382 0.703944 0.283010 0.728990 0.285519 0.722128 0.490070 0.699324 0.486238 0.696897 0.555328
3 0.841082 0.504623 0.819825 0.500913 0.826930 0.300860 0.851662 0.304899 0.847256 0.453927 0.883297 0.457206 0.879752 0.578328 0.840334 0.574590
3 0.065574 0.418703 0.042468 0.416731 0.053009 0.223079 0.076642 0.225371 0.068885 0.369901 0.106673 0.372078 0.101934 0.494165 0.063397 0.488730
3 0.319815 0.447165 0.297426 0.445257 0.304419 0.245352 0.331755 0.247477 0.325007 0.394996 0.363875 0.401807 0.360149 0.521697 0.317930 0.518604
3 0.580846 0.542505 0.583445 0.472221 0.560180 0.469567 0.568249 0.268462 0.593832 0.271572 0.586972 0.419544 0.628606 0.423584 0.622355 0.546268
1 0.269913 0.546311 0.265600 0.550632 0.261999 0.558132 0.261536 0.567183 0.263480 0.575751 0.267296 0.581049 0.272030 0.582705 0.275921 0.580323 0.278947 0.576724 0.281424 0.570522 0.282096 0.563149 0.280895 0.556961 0.278639 0.551539 0.275233 0.547854
1 0.476983 0.566852 0.472670 0.571172 0.469069 0.578673 0.468605 0.587723 0.470550 0.596291 0.474365 0.601589 0.479100 0.603245 0.482991 0.600864 0.486017 0.597265 0.488494 0.591063 0.489165 0.583689 0.487965 0.577502 0.485708 0.572079 0.482302 0.568395
1 0.531773 0.572544 0.527460 0.576865 0.523859 0.584365 0.523395 0.593416 0.525340 0.601983 0.529155 0.607282 0.533890 0.608938 0.537781 0.606556 0.540806 0.602957 0.543283 0.596755 0.543955 0.589382 0.542754 0.583194 0.540498 0.577772 0.537092 0.574087
1 0.736134 0.593479 0.731821 0.597799 0.728220 0.605300 0.727756 0.614350 0.729701 0.622918 0.733517 0.628216 0.738251 0.629872 0.742142 0.627491 0.745168 0.623892 0.747645 0.617690 0.748317 0.610316 0.747116 0.604129 0.744860 0.598706 0.741453 0.595022
