1 0.799924 0.478275 0.796270 0.484213 0.793713 0.492963 0.794408 0.501967 0.797389 0.509535 0.801778 0.513168 0.806601 0.512884 0.810090 0.509005 0.812581 0.504286 0.814208 0.497251 0.813928 0.489798 0.811974 0.484251 0.809088 0.479872 0.805302 0.477647
2 0.045413 0.440949 0.043464 0.447292 0.044385 0.454752 0.046586 0.460044 0.049521 0.461661 0.053242 0.460346 0.055767 0.456030 0.055777 0.447996 0.054427 0.442770 0.050782 0.439048
2 0.808491 0.204158 0.806541 0.210501 0.807463 0.217961 0.809664 0.223252 0.812599 0.224870 0.816320 0.223555 0.818845 0.219239 0.818854 0.211205 0.817505 0.205978 0.813859 0.202257
2 0.294976 0.361104 0.293027 0.367447 0.293948 0.374907 0.296149 0.380199 0.299085 0.381816 0.302805 0.380501 0.305331 0.376185 0.305340 0.368152 0.303990 0.362925 0.300345 0.359204
2 0.553039 0.281285 0.551090 0.287628 0.552011 0.295088 0.554212 0.300380 0.557147 0.301997 0.560868 0.300682 0.563393 0.296366 0.563403 0.288332 0.562053 0.283106 0.558408 0.279384
1 0.233987 0.654357 0.230802 0.659228 0.228915 0.665902 0.228879 0.672171 0.230054 0.681099 0.233407 0.685440 0.238328 0.686582 0.242450 0.684012 0.245744 0.679118 0.247005 0.670716 0.245656 0.663496 0.243233 0.659016 0.240347 0.654637 0.237429 0.653188
3 0.913465 0.412586 0.901077 0.294583 0.935938 0.281576 0.923803 0.133834 0.948684 0.127381 0.966842 0.323809 0.945026 0.330562 0.951274 0.400024
3 0.151544 0.644833 0.139543 0.523697 0.175891 0.511547 0.162948 0.368635 0.187552 0.360408 0.207637 0.555146 0.185416 0.561437 0.192953 0.630666
3 0.405041 0.569342 0.392483 0.448962 0.430362 0.434838 0.418352 0.291211 0.443002 0.280337 0.463112 0.479060 0.439908 0.487568 0.445921 0.555786
3 0.662421 0.484320 0.649306 0.367639 0.687392 0.354075 0.671548 0.205658 0.697438 0.197811 0.720125 0.398041 0.697421 0.403445 0.703816 0.471729
3 0.835791 0.363637 0.814611 0.368539 0.796172 0.170787 0.820779 0.164812 0.835380 0.311771 0.870909 0.300525 0.882810 0.419951 0.843933 0.432103
3 0.074393 0.595868 0.051631 0.603206 0.037350 0.410313 0.060666 0.403077 0.071432 0.546996 0.108523 0.533976 0.119384 0.654821 0.081149 0.664966
3 0.324339 0.518458 0.302284 0.525570 0.283753 0.328006 0.310656 0.319123 0.322784 0.465550 0.361515 0.456613 0.373084 0.574911 0.331559 0.588814
3 0.592401 0.509962 0.583754 0.441997 0.560679 0.447693 0.541361 0.249954 0.566024 0.241820 0.581611 0.387966 0.619760 0.375859 0.632149 0.497253
1 0.288385 0.636495 0.284731 0.642432 0.282174 0.651182 0.282869 0.660186 0.285850 0.667754 0.290239 0.671387 0.295062 0.671104 0.298551 0.667225 0.301042 0.662506 0.302669 0.655471 0.302389 0.648018 0.300435 0.642471 0.297549 0.638092 0.293763 0.635867
1 0.491582 0.574107 0.487928 0.580044 0.485371 0.588794 0.486066 0.597798 0.489047 0.605366 0.493436 0.608999 0.498259 0.608715 0.501748 0.604836 0.504239 0.600117 0.505866 0.593083 0.505586 0.585630 0.503632 0.580083 0.500746 0.575704 0.496960 0.573479
1 0.545105 0.557921 0.541451 0.563859 0.538893 0.572609 0.539589 0.581612 0.542570 0.589180 0.546959 0.592814 0.551782 0.592530 0.555270 0.588651 0.557762 0.583932 0.559389 0.576897 0.559109 0.569444 0.557154 0.563897 0.554269 0.559518 0.550483 0.557293
1 0.747676 0.496256 0.744022 0.502194 0.741464 0.510944 0.742160 0.519948 0.745141 0.527516 0.749530 0.531149 0.754353 0.530865 0.757841 0.526986 0.760333 0.522267 0.761960 0.515232 0.761680 0.507779 0.759725 0.502232 0.756840 0.497853 0.753054 0.495628
