1 0.801534 0.456521 0.797499 0.451420 0.794361 0.443290 0.794433 0.434203 0.796873 0.426045 0.800980 0.421487 0.805786 0.420723 0.809515 0.423817 0.812312 0.427960 0.814409 0.434589 0.814642 0.442047 0.813083 0.447977 0.810520 0.452949 0.806915 0.455978
2 0.051975 0.662328 0.049605 0.656455 0.050008 0.648851 0.051829 0.643122 0.054632 0.640880 0.058415 0.641378 0.061217 0.645115 0.061778 0.653086 0.060797 0.658566 0.057434 0.663050
2 0.822654 0.729459 0.820284 0.723586 0.820686 0.715982 0.822508 0.710253 0.825310 0.708011 0.829093 0.708509 0.831896 0.712246 0.832456 0.720217 0.831476 0.725698 0.828113 0.730181
2 0.306333 0.686408 0.303963 0.680535 0.304365 0.672931 0.306187 0.667202 0.308989 0.664960 0.312772 0.665458 0.315575 0.669194 0.316135 0.677166 0.315154 0.682646 0.311792 0.687130
2 0.568712 0.708620 0.566342 0.702747 0.566744 0.695143 0.568566 0.689413 0.571368 0.687171 0.575151 0.687670 0.577954 0.691406 0.578514 0.699378 0.577534 0.704858 0.574171 0.709342
1 0.226031 0.407942 0.222535 0.403799 0.220205 0.397584 0.219738 0.391369 0.220293 0.382253 0.223323 0.377217 0.228129 0.375017 0.232396 0.376674 0.236001 0.380817 0.237829 0.388883 0.236985 0.396341 0.234888 0.401313 0.232324 0.406285 0.229527 0.408357
3 0.917437 0.498460 0.913238 0.618268 0.948731 0.623618 0.946824 0.772889 0.971962 0.773898 0.976506 0.574999 0.954390 0.573028 0.955825 0.502729
3 0.141791 0.434540 0.138191 0.557374 0.175101 0.561551 0.172061 0.706203 0.197046 0.709033 0.203619 0.511393 0.181132 0.509968 0.183863 0.439621
3 0.401287 0.459316 0.397083 0.581521 0.435648 0.587325 0.433583 0.732483 0.458795 0.737931 0.465119 0.536331 0.441505 0.532918 0.442792 0.463906
3 0.663345 0.482752 0.658334 0.601405 0.697067 0.606609 0.694473 0.756305 0.721298 0.758479 0.726539 0.555873 0.703634 0.555432 0.705295 0.486271
3 0.843112 0.564622 0.821754 0.564349 0.817021 0.764624 0.841854 0.765218 0.846262 0.616190 0.882298 0.619647 0.885916 0.498532 0.846495 0.494901
3 0.070109 0.501966 0.047013 0.499620 0.046074 0.694169 0.069712 0.696295 0.070523 0.551116 0.108231 0.555995 0.110719 0.433698 0.072073 0.431919
3 0.323323 0.522499 0.300945 0.520223 0.296108 0.720330 0.323420 0.723313 0.325409 0.575349 0.364465 0.575821 0.367830 0.455897 0.325661 0.451103
3 0.588197 0.472800 0.586637 0.544229 0.562754 0.541483 0.558327 0.742983 0.585133 0.746756 0.588217 0.596224 0.626912 0.601016 0.629110 0.477843
1 0.279303 0.412826 0.275268 0.407725 0.272130 0.399595 0.272202 0.390508 0.274641 0.382350 0.278748 0.377792 0.283554 0.377028 0.287284 0.380122 0.290080 0.384265 0.292178 0.390894 0.292411 0.398352 0.290852 0.404282 0.288288 0.409254 0.284684 0.412283
1 0.486442 0.428901 0.482408 0.423800 0.479269 0.415670 0.479342 0.406583 0.481781 0.398425 0.485888 0.393867 0.490694 0.393103 0.494423 0.396197 0.497220 0.400340 0.499318 0.406969 0.499551 0.414427 0.497992 0.420357 0.495428 0.425329 0.491823 0.428358
1 0.542445 0.434827 0.538411 0.429726 0.535272 0.421596 0.535344 0.412508 0.537784 0.404350 0.541891 0.399793 0.546697 0.399028 0.550426 0.402122 0.553223 0.406265 0.555320 0.412895 0.555553 0.420353 0.553994 0.426282 0.551431 0.431254 0.547826 0.434284
1 0.747322 0.454198 0.743287 0.449097 0.740149 0.440967 0.740221 0.431880 0.742660 0.423722 0.746767 0.419164 0.751574 0.418400 0.755303 0.421494 0.758099 0.425637 0.760197 0.432266 0.760430 0.439724 0.758871 0.445654 0.756307 0.450626 0.752703 0.453655
