1 0.772422 0.460610 0.768388 0.455509 0.765249 0.447379 0.765322 0.438291 0.767761 0.430133 0.771868 0.425576 0.776674 0.424811 0.780403 0.427905 0.783200 0.432048 0.785298 0.438678 0.785531 0.446136 0.783972 0.452065 0.781408 0.457037 0.777803 0.460066
2 0.044264 0.652652 0.041894 0.646779 0.042297 0.639175 0.044118 0.633445 0.046921 0.631203 0.050704 0.631701 0.053507 0.635438 0.054067 0.643409 0.053086 0.648890 0.049723 0.653374
2 0.799541 0.725929 0.797171 0.720056 0.797574 0.712452 0.799395 0.706723 0.802198 0.704481 0.805981 0.704979 0.808783 0.708716 0.809344 0.716687 0.808363 0.722167 0.805000 0.726651
2 0.290782 0.679810 0.288411 0.673937 0.288814 0.666333 0.290635 0.660604 0.293438 0.658362 0.297221 0.658860 0.300024 0.662597 0.300584 0.670568 0.299603 0.676048 0.296240 0.680532
2 0.546238 0.705648 0.543868 0.699775 0.544271 0.692171 0.546092 0.686442 0.548895 0.684200 0.552678 0.684698 0.555481 0.688435 0.556041 0.696406 0.555060 0.701886 0.551697 0.706370
1 0.213140 0.407912 0.209644 0.403768 0.207314 0.397553 0.206848 0.391338 0.207402 0.382223 0.210432 0.377186 0.215238 0.374986 0.219505 0.376643 0.223110 0.380787 0.224938 0.388852 0.224094 0.396310 0.221997 0.401282 0.219433 0.406254 0.216636 0.408326
3 0.890589 0.499700 0.886389 0.619509 0.921882 0.624858 0.920429 0.766872 0.943753 0.767074 0.949658 0.576239 0.927542 0.574268 0.928977 0.503969
3 0.135754 0.427454 0.132154 0.550287 0.167703 0.552852 0.161034 0.695084 0.185566 0.700333 0.195767 0.504307 0.175095 0.502882 0.175557 0.432535
3 0.382688 0.454971 0.378484 0.577176 0.417048 0.582980 0.412897 0.729590 0.437928 0.732941 0.446520 0.531986 0.422906 0.528573 0.424193 0.459561
3 0.638639 0.480582 0.635986 0.599235 0.673540 0.603391 0.668360 0.752200 0.693871 0.755180 0.701832 0.553703 0.678927 0.553262 0.680589 0.484101
3 0.816248 0.563888 0.794889 0.563616 0.790610 0.755826 0.814536 0.758033 0.819398 0.615456 0.855433 0.618913 0.859052 0.497798 0.819630 0.494167
3 0.061717 0.497304 0.036807 0.495764 0.034054 0.688700 0.061321 0.691633 0.062132 0.546454 0.099840 0.551333 0.102328 0.429035 0.063682 0.427257
3 0.308084 0.517343 0.285253 0.517487 0.282230 0.711949 0.307728 0.714931 0.310624 0.568580 0.348319 0.572277 0.351684 0.454773 0.309969 0.449978
3 0.563831 0.471353 0.562271 0.541734 0.538978 0.540037 0.536502 0.736699 0.561221 0.738375 0.562672 0.594778 0.604315 0.598521 0.605333 0.475348
1 0.264561 0.412009 0.260527 0.406908 0.257388 0.398778 0.257460 0.389690 0.259900 0.381532 0.264007 0.376975 0.268813 0.376210 0.272542 0.379304 0.275339 0.383447 0.277436 0.390077 0.277669 0.397535 0.276110 0.403464 0.273547 0.408436 0.269942 0.411465
1 0.466488 0.432906 0.462454 0.427805 0.459315 0.419675 0.459388 0.410587 0.461827 0.402429 0.465934 0.397872 0.470740 0.397107 0.474469 0.400201 0.477266 0.404344 0.479363 0.410974 0.479597 0.418432 0.478038 0.424361 0.475474 0.429333 0.471869 0.432363
1 0.520852 0.437458 0.516817 0.432357 0.513679 0.424227 0.513751 0.415140 0.516190 0.406982 0.520297 0.402424 0.525104 0.401660 0.528833 0.404753 0.531629 0.408897 0.533727 0.415526 0.533960 0.422984 0.532401 0.428914 0.529837 0.433886 0.526233 0.436915
1 0.721565 0.453370 0.717531 0.448269 0.714392 0.440139 0.714465 0.431052 0.716904 0.422894 0.721011 0.418336 0.725817 0.417572 0.729546 0.420665 0.732343 0.424809 0.734440 0.431438 0.734674 0.438896 0.733115 0.444826 0.730551 0.449798 0.726946 0.452827
