1 0.768838 0.587655 0.764536 0.592012 0.760956 0.599543 0.760517 0.608598 0.762485 0.617149 0.766314 0.622414 0.771053 0.624030 0.774938 0.621615 0.777954 0.617990 0.780414 0.611767 0.781066 0.604388 0.779848 0.598211 0.777577 0.592808 0.774161 0.589152
2 0.055144 0.267042 0.052455 0.272464 0.052428 0.280102 0.053918 0.286126 0.056580 0.288856 0.060372 0.289033 0.063371 0.285814 0.064377 0.277982 0.063710 0.272355 0.060616 0.267295
2 0.810755 0.328491 0.808066 0.333913 0.808038 0.341550 0.809528 0.347575 0.812190 0.350304 0.815983 0.350482 0.818981 0.347262 0.819988 0.339431 0.819320 0.333803 0.816227 0.328744
2 0.301953 0.283874 0.299264 0.289296 0.299236 0.296933 0.300726 0.302958 0.303388 0.305687 0.307181 0.305864 0.310179 0.302645 0.311186 0.294813 0.310518 0.289186 0.307425 0.284126
2 0.557582 0.303609 0.554893 0.309031 0.554865 0.316669 0.556355 0.322693 0.559017 0.325423 0.562810 0.325600 0.565808 0.322381 0.566815 0.314549 0.566147 0.308922 0.563054 0.303862
1 0.209397 0.540596 0.205685 0.544096 0.203016 0.549866 0.202203 0.555967 0.202241 0.565135 0.204972 0.570685 0.209631 0.573729 0.213970 0.572840 0.217790 0.569358 0.220063 0.561658 0.219643 0.554088 0.217836 0.548767 0.215565 0.543364 0.212898 0.540805
3 0.888611 0.569782 0.891177 0.449827 0.926793 0.450818 0.933340 0.309259 0.956558 0.313207 0.951692 0.504135 0.929576 0.502161 0.927047 0.572363
3 0.133498 0.507385 0.136831 0.384528 0.172346 0.388300 0.173716 0.245595 0.198420 0.244736 0.197536 0.441594 0.176888 0.439334 0.173388 0.509410
3 0.380742 0.523933 0.383437 0.401595 0.422135 0.402680 0.426257 0.256067 0.451351 0.257186 0.448589 0.458661 0.424901 0.457856 0.422297 0.526751
3 0.636850 0.543983 0.640889 0.425454 0.678489 0.428000 0.681711 0.279016 0.707261 0.280589 0.703842 0.482471 0.681027 0.478835 0.678788 0.547944
3 0.818256 0.492691 0.796990 0.489162 0.803551 0.297155 0.827481 0.299216 0.824293 0.441942 0.860342 0.444913 0.857125 0.566064 0.817698 0.562663
3 0.063765 0.424715 0.038894 0.421816 0.047014 0.229358 0.074309 0.231291 0.066944 0.375886 0.104737 0.377739 0.100329 0.499866 0.061778 0.494760
3 0.310024 0.448603 0.287315 0.444399 0.295253 0.250375 0.320790 0.251944 0.315435 0.398075 0.353149 0.401102 0.349883 0.518616 0.308107 0.515965
3 0.561899 0.539858 0.564307 0.469553 0.541035 0.467098 0.549641 0.270983 0.574331 0.273712 0.567692 0.416847 0.609337 0.420530 0.603417 0.543267
1 0.260790 0.545667 0.256489 0.550024 0.252908 0.557555 0.252469 0.566610 0.254437 0.575161 0.258267 0.580426 0.263006 0.582042 0.266890 0.579627 0.269906 0.576002 0.272366 0.569779 0.273018 0.562400 0.271800 0.556223 0.269529 0.550820 0.266113 0.547165
1 0.462880 0.560796 0.458579 0.565154 0.454998 0.572684 0.454559 0.581739 0.456527 0.590290 0.460356 0.595556 0.465095 0.597171 0.468980 0.594756 0.471996 0.591131 0.474456 0.584908 0.475108 0.577529 0.473890 0.571352 0.471619 0.565949 0.468203 0.562294
1 0.517227 0.565938 0.512925 0.570295 0.509345 0.577826 0.508906 0.586881 0.510873 0.595432 0.514703 0.600697 0.519442 0.602313 0.523327 0.599898 0.526343 0.596273 0.528803 0.590050 0.529455 0.582671 0.528237 0.576494 0.525966 0.571090 0.522550 0.567435
1 0.717829 0.585811 0.713527 0.590168 0.709947 0.597699 0.709507 0.606754 0.711475 0.615305 0.715305 0.620570 0.720044 0.622186 0.723929 0.619771 0.726945 0.616146 0.729405 0.609923 0.730056 0.602544 0.728839 0.596367 0.726568 0.590964 0.723152 0.587308
