1 0.720260 0.577352 0.715998 0.581831 0.712486 0.589463 0.712128 0.598529 0.714172 0.607023 0.718049 0.612179 0.722802 0.613659 0.726664 0.611135 0.729647 0.607425 0.732051 0.601133 0.732637 0.593736 0.731364 0.587594 0.729045 0.582256 0.725596 0.578698
2 0.053521 0.280577 0.050881 0.286074 0.050923 0.293712 0.052467 0.299693 0.055153 0.302347 0.058946 0.302416 0.061916 0.299112 0.062852 0.291253 0.062134 0.285645 0.058995 0.280674
2 0.809575 0.319190 0.806936 0.324687 0.806977 0.332325 0.808521 0.338306 0.811207 0.340960 0.815000 0.341029 0.817970 0.337725 0.818906 0.329866 0.818188 0.324258 0.815049 0.319287
2 0.299584 0.289458 0.296944 0.294955 0.296985 0.302593 0.298529 0.308574 0.301215 0.311227 0.305009 0.311297 0.307978 0.307993 0.308914 0.300134 0.308196 0.294526 0.305057 0.289555
2 0.557280 0.299792 0.554640 0.305290 0.554681 0.312927 0.556225 0.318909 0.558912 0.321562 0.562705 0.321632 0.565674 0.318328 0.566610 0.310468 0.565892 0.304861 0.562754 0.299889
1 0.210061 0.547629 0.206381 0.551234 0.203765 0.557078 0.203006 0.563202 0.203127 0.572368 0.205908 0.577840 0.210593 0.580751 0.214924 0.579738 0.218712 0.576149 0.220915 0.568386 0.220427 0.560828 0.218572 0.555559 0.216253 0.550221 0.213564 0.547739
3 0.887833 0.558533 0.889320 0.438521 0.924940 0.438500 0.930215 0.296773 0.953466 0.300061 0.950316 0.491103 0.928185 0.489758 0.926287 0.560022
3 0.130800 0.513814 0.133028 0.390878 0.168573 0.393641 0.168660 0.250916 0.193353 0.249356 0.194239 0.446213 0.173573 0.444540 0.170703 0.514707
3 0.382895 0.525178 0.384490 0.402778 0.423193 0.402764 0.425997 0.256053 0.451098 0.256459 0.450146 0.457987 0.426454 0.457855 0.424470 0.526815
3 0.637244 0.537828 0.640218 0.419199 0.677835 0.420677 0.679718 0.271621 0.705279 0.272467 0.703675 0.474421 0.680830 0.471433 0.679212 0.540597
3 0.818232 0.482606 0.796936 0.479682 0.801771 0.287513 0.825717 0.288894 0.823812 0.431692 0.859883 0.433639 0.857755 0.554866 0.818302 0.552585
3 0.064885 0.437056 0.039991 0.434864 0.046381 0.242200 0.073690 0.243357 0.067625 0.388142 0.105430 0.388922 0.102120 0.511158 0.063527 0.507148
3 0.309249 0.451527 0.286505 0.447968 0.292699 0.253743 0.318247 0.254586 0.314205 0.400851 0.351941 0.402807 0.349732 0.520398 0.307938 0.518934
3 0.565550 0.536649 0.567326 0.466284 0.544035 0.464490 0.550878 0.268156 0.575588 0.270183 0.570237 0.413488 0.611909 0.415988 0.607093 0.538878
1 0.263138 0.549002 0.258877 0.553481 0.255364 0.561113 0.255006 0.570179 0.257051 0.578673 0.260928 0.583829 0.265680 0.585309 0.269543 0.582785 0.272526 0.579075 0.274930 0.572782 0.275515 0.565386 0.274242 0.559244 0.271923 0.553906 0.268474 0.550348
1 0.464032 0.560120 0.459770 0.564599 0.456258 0.572231 0.455900 0.581297 0.457944 0.589791 0.461821 0.594947 0.466574 0.596427 0.470436 0.593903 0.473419 0.590192 0.475823 0.583900 0.476408 0.576504 0.475136 0.570362 0.472816 0.565024 0.469368 0.561466
1 0.518660 0.564563 0.514398 0.569042 0.510886 0.576674 0.510528 0.585740 0.512572 0.594234 0.516449 0.599390 0.521202 0.600870 0.525064 0.598346 0.528047 0.594636 0.530451 0.588343 0.531036 0.580947 0.529764 0.574805 0.527444 0.569467 0.523996 0.565909
1 0.771676 0.578760 0.767414 0.583239 0.763902 0.590871 0.763544 0.599937 0.765589 0.608431 0.769465 0.613587 0.774218 0.615067 0.778081 0.612543 0.781064 0.608832 0.783468 0.602540 0.784053 0.595144 0.782780 0.589002 0.780461 0.583664 0.777012 0.580106
