1 0.789910 0.440171 0.785876 0.435070 0.782737 0.426940 0.782810 0.417852 0.785249 0.409694 0.789356 0.405137 0.794162 0.404372 0.797891 0.407466 0.800688 0.411609 0.802785 0.418239 0.803019 0.425697 0.801460 0.431626 0.798896 0.436598 0.795291 0.439627
2 0.042383 0.664984 0.040013 0.659111 0.040415 0.651507 0.042237 0.645777 0.045039 0.643535 0.048822 0.644034 0.051625 0.647770 0.052185 0.655742 0.051205 0.661222 0.047842 0.665706
2 0.818363 0.711100 0.815993 0.705227 0.816396 0.697623 0.818217 0.691894 0.821020 0.689652 0.824803 0.690150 0.827606 0.693886 0.828166 0.701858 0.827185 0.707338 0.823822 0.711822
2 0.295366 0.683202 0.292996 0.677329 0.293398 0.669725 0.295220 0.663996 0.298022 0.661754 0.301806 0.662252 0.304608 0.665989 0.305169 0.673960 0.304188 0.679440 0.300825 0.683924
2 0.558075 0.699907 0.555705 0.694034 0.556107 0.686430 0.557929 0.680700 0.560731 0.678458 0.564515 0.678957 0.567317 0.682693 0.567878 0.690665 0.566897 0.696145 0.563534 0.700629
1 0.212901 0.404458 0.209405 0.400315 0.207074 0.394100 0.206608 0.387885 0.207162 0.378769 0.210192 0.373733 0.214998 0.371532 0.219266 0.373190 0.222871 0.377333 0.224699 0.385399 0.223855 0.392857 0.221757 0.397829 0.219194 0.402801 0.216397 0.404872
3 0.905904 0.478821 0.904130 0.600704 0.940006 0.606617 0.940459 0.750645 0.963621 0.752747 0.965642 0.554402 0.946422 0.550197 0.947999 0.482213
3 0.128809 0.433812 0.127035 0.555696 0.162910 0.557798 0.159077 0.705636 0.185096 0.707739 0.191404 0.509394 0.169327 0.505189 0.170904 0.437205
3 0.388668 0.449610 0.386894 0.571493 0.425627 0.573596 0.421793 0.723974 0.447813 0.727347 0.452692 0.525191 0.429186 0.520986 0.430763 0.453002
3 0.653001 0.464851 0.651227 0.586734 0.689961 0.588837 0.686127 0.739215 0.712146 0.742587 0.717025 0.540432 0.693519 0.536227 0.695096 0.468243
3 0.836060 0.477600 0.833753 0.546740 0.812809 0.546988 0.810404 0.744314 0.834694 0.744942 0.837876 0.598884 0.874294 0.598884 0.874937 0.479498 0.856509 0.477804
3 0.058583 0.431008 0.057154 0.499592 0.035007 0.500862 0.035007 0.693913 0.057154 0.695183 0.057868 0.552935 0.095732 0.552935 0.097161 0.433548 0.081201 0.432497
3 0.314264 0.445911 0.312836 0.514495 0.288844 0.516585 0.286078 0.714553 0.311452 0.715823 0.313550 0.567838 0.351414 0.567838 0.354226 0.448451 0.336883 0.447400
3 0.578733 0.462547 0.577304 0.531131 0.553313 0.533221 0.550547 0.731190 0.575921 0.732460 0.578019 0.584474 0.615883 0.584474 0.618695 0.465087 0.601352 0.464037
1 0.267598 0.408229 0.263563 0.403128 0.260425 0.394998 0.260497 0.385911 0.262937 0.377753 0.267044 0.373195 0.271850 0.372431 0.275579 0.375525 0.278376 0.379668 0.280473 0.386297 0.280706 0.393755 0.279147 0.399685 0.276584 0.404657 0.272979 0.407686
1 0.473614 0.419255 0.469579 0.414154 0.466440 0.406024 0.466513 0.396937 0.468952 0.388779 0.473059 0.384221 0.477865 0.383457 0.481594 0.386550 0.484391 0.390694 0.486489 0.397323 0.486722 0.404781 0.485163 0.410711 0.482599 0.415683 0.478994 0.418712
1 0.529431 0.422930 0.525396 0.417829 0.522258 0.409699 0.522330 0.400612 0.524769 0.392454 0.528876 0.387896 0.533682 0.387132 0.537411 0.390225 0.540208 0.394369 0.542306 0.400998 0.542539 0.408456 0.540980 0.414386 0.538416 0.419358 0.534812 0.422387
1 0.736555 0.435793 0.732521 0.430692 0.729382 0.422562 0.729455 0.413475 0.731894 0.405317 0.736001 0.400759 0.740807 0.399995 0.744536 0.403089 0.747333 0.407232 0.749431 0.413861 0.749664 0.421319 0.748105 0.427249 0.745541 0.432221 0.741936 0.435250
