1 0.798005 0.435982 0.794628 0.442417 0.792470 0.451501 0.793565 0.460378 0.796875 0.467501 0.801413 0.470502 0.806207 0.469538 0.809512 0.465179 0.811785 0.460123 0.813092 0.452881 0.812480 0.445491 0.810284 0.440237 0.807211 0.436280 0.803338 0.434597
2 0.041610 0.501045 0.039950 0.507643 0.041202 0.514950 0.043633 0.519914 0.046631 0.521111 0.050281 0.519275 0.052606 0.514616 0.052256 0.506606 0.050677 0.501587 0.046877 0.498392
2 0.794053 0.162037 0.792393 0.168635 0.793645 0.175942 0.796076 0.180906 0.799074 0.182104 0.802724 0.180267 0.805049 0.175608 0.804699 0.167598 0.803120 0.162579 0.799320 0.159384
2 0.288667 0.386601 0.287008 0.393199 0.288259 0.400506 0.290690 0.405470 0.293688 0.406667 0.297339 0.404831 0.299663 0.400172 0.299313 0.392162 0.297734 0.387143 0.293934 0.383948
2 0.543676 0.270101 0.542016 0.276700 0.543268 0.284006 0.545699 0.288970 0.548697 0.290168 0.552347 0.288331 0.554672 0.283672 0.554322 0.275663 0.552743 0.270643 0.548943 0.267449
1 0.241854 0.686794 0.238896 0.692099 0.237313 0.699018 0.237557 0.705273 0.239128 0.714006 0.242664 0.717861 0.247621 0.718304 0.251615 0.715159 0.254680 0.709815 0.255561 0.701262 0.253893 0.694256 0.251278 0.690133 0.248205 0.686175 0.245232 0.685142
3 0.910431 0.354632 0.892808 0.238751 0.926977 0.220862 0.908278 0.075300 0.932792 0.065353 0.959671 0.258596 0.938226 0.268408 0.947558 0.336769
3 0.157361 0.691448 0.139985 0.572391 0.175675 0.555145 0.156386 0.414513 0.180545 0.402836 0.209269 0.594122 0.187399 0.603532 0.198006 0.671478
3 0.407878 0.577176 0.389980 0.458950 0.427108 0.439520 0.406853 0.292302 0.432331 0.279614 0.461731 0.478977 0.438981 0.490735 0.448023 0.557888
3 0.661856 0.459801 0.645879 0.344502 0.682202 0.327048 0.663005 0.178023 0.687307 0.166964 0.715523 0.365645 0.693132 0.374239 0.702558 0.441404
3 0.829440 0.316348 0.808545 0.324226 0.781326 0.129703 0.805589 0.120272 0.826711 0.264704 0.861625 0.248476 0.878827 0.365843 0.840615 0.383448
3 0.075960 0.654374 0.053598 0.664904 0.030742 0.474638 0.053661 0.464131 0.070824 0.606074 0.107217 0.587857 0.123444 0.706786 0.085783 0.722300
3 0.324713 0.540794 0.303046 0.550998 0.275745 0.356676 0.302166 0.344022 0.320798 0.488273 0.359008 0.473893 0.375827 0.590184 0.335054 0.609908
3 0.588196 0.495683 0.578732 0.427287 0.556103 0.437250 0.530320 0.242024 0.554541 0.230433 0.576610 0.373916 0.614097 0.356459 0.630139 0.476349
1 0.294189 0.663842 0.290811 0.670277 0.288653 0.679361 0.289749 0.688238 0.293059 0.695361 0.297596 0.698363 0.302391 0.697399 0.305695 0.693039 0.307968 0.687983 0.309276 0.680741 0.308663 0.673351 0.306467 0.668097 0.303395 0.664140 0.299522 0.662457
1 0.495076 0.572223 0.491698 0.578658 0.489540 0.587741 0.490636 0.596619 0.493945 0.603742 0.498483 0.606743 0.503278 0.605779 0.506582 0.601420 0.508855 0.596364 0.510162 0.589121 0.509550 0.581732 0.507354 0.576478 0.504282 0.572521 0.500409 0.570838
1 0.548473 0.549962 0.545095 0.556397 0.542937 0.565480 0.544033 0.574358 0.547342 0.581481 0.551880 0.584482 0.556675 0.583518 0.559979 0.579159 0.562252 0.574103 0.563560 0.566860 0.562947 0.559471 0.560751 0.554217 0.557679 0.550260 0.553806 0.548577
1 0.747821 0.459818 0.744443 0.466253 0.742285 0.475336 0.743381 0.484213 0.746690 0.491336 0.751228 0.494338 0.756023 0.493374 0.759327 0.489014 0.761600 0.483958 0.762908 0.476716 0.762295 0.469326 0.760099 0.464073 0.757027 0.460115 0.753154 0.458432
