1 0.768856 0.542980 0.764933 0.548348 0.761970 0.556683 0.762236 0.565759 0.764847 0.573747 0.769048 0.578026 0.773867 0.578466 0.777527 0.575124 0.780234 0.570796 0.782189 0.564030 0.782263 0.556561 0.780579 0.550741 0.777911 0.545945 0.774245 0.543160
2 0.019354 0.371060 0.017110 0.377088 0.017674 0.384659 0.019617 0.390262 0.022465 0.392314 0.026235 0.391562 0.028956 0.387639 0.029346 0.379636 0.028249 0.374225 0.024793 0.369971
2 0.792249 0.269011 0.790005 0.275039 0.790570 0.282611 0.792512 0.288213 0.795360 0.290265 0.799130 0.289513 0.801851 0.285591 0.802241 0.277587 0.801144 0.272177 0.797689 0.267922
2 0.270284 0.335974 0.268040 0.342002 0.268604 0.349573 0.270546 0.355176 0.273394 0.357228 0.277164 0.356476 0.279885 0.352553 0.280276 0.344550 0.279179 0.339140 0.275723 0.334885
2 0.531650 0.300362 0.529406 0.306390 0.529970 0.313961 0.531913 0.319564 0.534761 0.321616 0.538531 0.320864 0.541252 0.316941 0.541642 0.308938 0.540545 0.303527 0.537089 0.299273
1 0.195247 0.618663 0.191842 0.623038 0.189645 0.629406 0.189312 0.635648 0.190060 0.644719 0.193195 0.649548 0.198044 0.651424 0.202273 0.649481 0.205787 0.645098 0.207443 0.636915 0.206441 0.629519 0.204239 0.624692 0.201571 0.619896 0.198732 0.618014
3 0.886144 0.496408 0.881778 0.374731 0.917502 0.366410 0.914889 0.222454 0.937990 0.218795 0.944231 0.416863 0.925114 0.422357 0.928137 0.490187
3 0.110565 0.593751 0.106198 0.472074 0.142003 0.467560 0.135026 0.320085 0.160983 0.316234 0.171507 0.514013 0.149535 0.519700 0.152557 0.587529
3 0.368427 0.559282 0.364061 0.437605 0.402721 0.432899 0.395690 0.282886 0.421619 0.277766 0.430797 0.479448 0.407397 0.485231 0.410420 0.553061
3 0.630828 0.527674 0.626461 0.405998 0.665122 0.401292 0.658091 0.251279 0.684020 0.246159 0.693198 0.447841 0.669798 0.453624 0.672820 0.521453
3 0.814957 0.503760 0.811181 0.434825 0.790246 0.435985 0.783644 0.238962 0.807903 0.236701 0.814191 0.382440 0.850583 0.379991 0.853766 0.499249 0.835387 0.502181
3 0.041209 0.602496 0.038322 0.534057 0.016163 0.534277 0.012055 0.341365 0.034159 0.338606 0.037900 0.480704 0.075737 0.478158 0.079706 0.597363 0.063779 0.599486
3 0.294163 0.569252 0.291276 0.500813 0.267258 0.500339 0.260280 0.302698 0.285610 0.299722 0.290855 0.447461 0.328692 0.444914 0.334042 0.564026 0.316734 0.566243
3 0.555936 0.536256 0.553048 0.467818 0.529030 0.467343 0.522053 0.269702 0.547382 0.266726 0.552627 0.414465 0.590464 0.411918 0.595815 0.531030 0.578506 0.533247
1 0.248351 0.610044 0.244428 0.615413 0.241465 0.623748 0.241731 0.632824 0.244342 0.640812 0.248543 0.645090 0.253362 0.645531 0.257023 0.642189 0.259729 0.637860 0.261684 0.631094 0.261758 0.623626 0.260074 0.617806 0.257407 0.613009 0.253740 0.610225
1 0.454699 0.585123 0.450776 0.590491 0.447812 0.598827 0.448078 0.607903 0.450689 0.615891 0.454890 0.620169 0.459709 0.620609 0.463370 0.617267 0.466076 0.612939 0.468031 0.606173 0.468106 0.598705 0.466421 0.592884 0.463754 0.588088 0.460087 0.585304
1 0.509609 0.575139 0.505686 0.580508 0.502723 0.588843 0.502988 0.597919 0.505600 0.605907 0.509801 0.610185 0.514620 0.610626 0.518280 0.607284 0.520987 0.602955 0.522942 0.596189 0.523016 0.588721 0.521332 0.582901 0.518664 0.578105 0.514998 0.575320
1 0.715645 0.549705 0.711722 0.555073 0.708759 0.563409 0.709024 0.572485 0.711636 0.580473 0.715837 0.584751 0.720656 0.585191 0.724316 0.581849 0.727023 0.577521 0.728978 0.570755 0.729052 0.563287 0.727368 0.557466 0.724700 0.552670 0.721034 0.549886
