1 0.7901359207122579 0.5603864634859175 0.7861013775062214 0.5654872981462664 0.7829628719711422 0.573617280872137 0.7830353145645721 0.5827047250687022 0.785474625873897 0.5908626846152463 0.7895816116733633 0.5954203951238655 0.7943877916985835 0.5961846763454145 0.7981168275692719 0.5930911348635106 0.8009136044722885 0.5889477616738567 0.8030111871495508 0.5823183645704103 0.803244251891469 0.5748602928290331 0.8016852412914723 0.5689307835307534 0.799121529130374 0.5639587357031687 0.7955168941114588 0.5609295876376471
2 0.04157585850829524 0.33485523868677936 0.039205665927948934 0.340728137247163 0.0396082040954503 0.3483321763737135 0.04142979339052743 0.3540616196266056 0.044232238459876845 0.35630357568208515 0.04801553930349856 0.355805363225312 0.050817984372847985 0.35206876979951274 0.05137847338671788 0.3440973704911411 0.050397617612445565 0.3386170334666355 0.04703468352922627 0.3341331213556764
2 0.8193433009187211 0.28905742055223377 0.8169731083383749 0.29493031911261736 0.8173756465058762 0.3025343582391679 0.8191972358009534 0.30826380149206 0.8219996808703027 0.31050575754753956 0.8257829817139245 0.31000754509076633 0.828585426783274 0.30627095166496715 0.8291459157971438 0.29829955235659544 0.8281650600228714 0.2928192153320899 0.8248021259396522 0.2883353032211308
2 0.29572004766590587 0.3169550802543575 0.29334985508555955 0.3228279788147411 0.2937523932530609 0.3304320179412916 0.295573982548138 0.3361614611941837 0.29837642761748745 0.3384034172496633 0.30215972846110917 0.3379052047928901 0.30496217353045857 0.33416861136709086 0.30552266254432847 0.3261972120587192 0.30454180677005616 0.32071687503421364 0.30117887268683685 0.31623296292325453
2 0.5594110646452445 0.3010448504180263 0.5570408720648983 0.3069177489784099 0.5574434102323996 0.31452178810496045 0.5592649995274767 0.32025123135785255 0.562067444596826 0.3224931874133321 0.5658507454404478 0.32199497495655893 0.5686531905097972 0.3182583815307597 0.5692136795236672 0.310286982222388 0.5682328237493948 0.3048066451978825 0.5648698896661756 0.30032273308692337
1 0.2122117386352765 0.5948291154772916 0.20871576750650594 0.5989724886669455 0.20638512008732557 0.6051875484514265 0.20591899060348953 0.6114026082359075 0.20647329964238412 0.6205180292531463 0.2095031412873186 0.625554470497113 0.21430932131253885 0.6277549439247041 0.21857692926049327 0.6260975946488423 0.2221815642794084 0.6219542214591885 0.22400986091803785 0.6138886321496999 0.22316578150542427 0.6064305604083227 0.2210681988281619 0.6014585125807379 0.2185044866670635 0.5964864647531531 0.21570770976404707 0.5944147781583262
3 0.9061299734725238 0.5233624790962231 0.904356161293199 0.40147918060521337 0.9402317368862709 0.3955663690261016 0.9406844781269977 0.2515384627582603 0.9638464660527194 0.24943586492130365 0.965867769103665 0.447780927540877 0.9466481521222369 0.4519861232147902 0.9482251004999545 0.5199701199430539
3 0.12871600357198565 0.566187713511888 0.1269421913926608 0.44430441502087825 0.16281776698573297 0.44220181718392154 0.15898401776653534 0.2943636971739252 0.18500366599887338 0.29226109933696853 0.1913114595097432 0.49060616195654183 0.16923418222169884 0.4948113576304551 0.1708111305994163 0.5627953543587187
3 0.3887541002217275 0.5488019361236764 0.38698028804240275 0.4269186376326666 0.42571352394209117 0.42481603979570987 0.4218797747228934 0.2744377772909436 0.4478994229552315 0.27106510820660196 0.45277838631279316 0.47322038456833027 0.4292722788714407 0.47742558024224346 0.4308492272491582 0.5454095769705071
3 0.651926564452848 0.5335610811550566 0.6501527522735232 0.4116777826640468 0.6888859881732116 0.40957518482709004 0.6850522389540139 0.2591969223223237 0.7110718871863518 0.2558242532379821 0.7159508505439136 0.4579795295997105 0.6924447431025611 0.46218472527362364 0.6940216914802787 0.5301687220018872
3 0.8355710247632798 0.5249395716562788 0.833264759084802 0.45579983350327813 0.8123202605602715 0.4555514262344007 0.8099154351977709 0.2582253515429928 0.8342051305203807 0.2575979970405775 0.8373873068699439 0.4036554486522897 0.8738051932564269 0.40365544865228986 0.8744480311612355 0.5230421459064786 0.8560204328060321 0.5247357161218873
3 0.05938366730237833 0.5702619900758593 0.057954837149070196 0.50167814271707 0.035807969772794476 0.500408071469685 0.03580796977279448 0.30735724186716695 0.057954837149070196 0.30608717061978197 0.058669252225724264 0.4483351503269006 0.0965332512883892 0.4483351503269006 0.09796208144169731 0.5677218475810893 0.08200224435940369 0.5687727010515283
3 0.31461850469083635 0.5521823502327546 0.3131896745375282 0.4835985028739654 0.2891985714735552 0.4815087713209371 0.2864322179420091 0.2835399798845596 0.3118064977717553 0.2822699086371745 0.3139040896141823 0.43025551048379596 0.3517680886768473 0.43025551048379596 0.35458009559592846 0.5496422077379848 0.33723708174786177 0.5506930612084237
3 0.5783727051047672 0.5368159239876085 0.5769438749514592 0.4682320766288191 0.552952771887486 0.46614234507579083 0.55018641835594 0.26817355363941325 0.5755606981856861 0.2669034823920282 0.5776582900281132 0.4148890842386497 0.6155222890907781 0.4148890842386497 0.6183342960098593 0.5342757814928385 0.6009912821617927 0.5353266349632775
1 0.2661946134127761 0.5914143372915047 0.26216007020673965 0.5965151719518537 0.25902156467166054 0.6046451546777242 0.2590940072650904 0.6137325988742894 0.26153331857441536 0.6218905584208335 0.26564030437388153 0.6264482689294527 0.27044648439910174 0.6272125501510017 0.2741755202697903 0.6241190086690979 0.2769722971728068 0.6199756354794439 0.2790698798500691 0.6133462383759976 0.2793029445919872 0.6058881666346203 0.2777439339919906 0.5999586573363407 0.27518022183089225 0.5949866095087559 0.2715755868119771 0.5919574614432342
1 0.4747540439985209 0.5787624499996169 0.4707195007924845 0.5838632846599657 0.46758099525740526 0.5919932673858364 0.4676534378508352 0.6010807115824016 0.4700927491601601 0.6092386711289457 0.4741997349596263 0.6137963816375649 0.4790059149848465 0.6145606628591138 0.4827349508555351 0.6114671213772099 0.4855317277585515 0.607323748187556 0.4876293104358138 0.6006943510841096 0.48786237517773196 0.5932362793427324 0.4863033645777353 0.5873067700444529 0.483739652416637 0.5823347222168681 0.4801350173977218 0.5793055741513464
1 0.5296563118805693 0.5767135480805453 0.5256217686745329 0.5818143827408943 0.5224832631394537 0.5899443654667649 0.5225557057328836 0.59903180966333 0.5249950170422085 0.6071897692098741 0.5291020028416747 0.6117474797184933 0.5339081828668949 0.6125117609400423 0.5376372187375835 0.6094182194581385 0.5404339956405999 0.6052748462684845 0.5425315783178623 0.5986454491650381 0.5427646430597803 0.5911873774236609 0.5412056324597837 0.5852578681253813 0.5386419202986855 0.5802858202977965 0.5350372852797702 0.577256672232275
1 0.7353525109182917 0.5638503575209558 0.7313179677122552 0.5689511921813046 0.728179462177176 0.5770811749071753 0.7282519047706059 0.5861686191037405 0.7306912160799308 0.5943265786502846 0.734798201879397 0.5988842891589038 0.7396043819046173 0.5996485703804527 0.7433334177753058 0.5965550288985488 0.7461301946783223 0.592411655708895 0.7482277773555847 0.5857822586054485 0.7484608420975027 0.5783241868640713 0.7469018314975061 0.5723946775657918 0.7443381193364078 0.567422629738207 0.7407334843174925 0.5643934816726853
