1 0.724976 0.473190 0.721432 0.479335 0.719035 0.488227 0.719894 0.497186 0.723011 0.504579 0.727463 0.507958 0.732278 0.507397 0.735695 0.503319 0.738099 0.498460 0.739598 0.491335 0.739182 0.483902 0.737128 0.478470 0.734164 0.474259 0.730340 0.472253
2 0.038230 0.433127 0.036397 0.439579 0.037454 0.446982 0.039750 0.452144 0.042713 0.453592 0.046408 0.452064 0.048854 0.447605 0.048717 0.439575 0.047273 0.434429 0.043562 0.430919
2 0.781751 0.187055 0.779918 0.193506 0.780974 0.200909 0.783270 0.206072 0.786234 0.207520 0.789929 0.205991 0.792374 0.201532 0.792237 0.193502 0.790793 0.188356 0.787082 0.184846
2 0.281793 0.348161 0.279960 0.354613 0.281017 0.362016 0.283313 0.367179 0.286276 0.368626 0.289971 0.367098 0.292416 0.362639 0.292280 0.354609 0.290836 0.349463 0.287124 0.345953
2 0.532978 0.265428 0.531145 0.271880 0.532202 0.279283 0.534498 0.284446 0.537461 0.285894 0.541156 0.284365 0.543601 0.279906 0.543464 0.271876 0.542021 0.266730 0.538309 0.263220
1 0.224948 0.636432 0.221853 0.641483 0.220089 0.648262 0.220166 0.654531 0.221504 0.663385 0.224934 0.667532 0.229873 0.668390 0.233946 0.665584 0.237149 0.660504 0.238257 0.652034 0.236777 0.644896 0.234273 0.640557 0.231310 0.636346 0.228367 0.635065
3 0.888043 0.388637 0.873514 0.271407 0.908120 0.256403 0.894382 0.116482 0.917409 0.109896 0.939776 0.296838 0.918095 0.304840 0.925603 0.373908
3 0.142072 0.628950 0.129936 0.511245 0.164747 0.497920 0.149589 0.360337 0.175343 0.350053 0.196959 0.541374 0.175059 0.551051 0.181332 0.617260
3 0.390550 0.549660 0.375809 0.430065 0.413411 0.413770 0.399975 0.274418 0.423835 0.264415 0.446548 0.458320 0.422928 0.468319 0.431163 0.533761
3 0.641982 0.466989 0.629082 0.350478 0.665827 0.336090 0.650847 0.189635 0.677428 0.180632 0.698087 0.377439 0.675493 0.384145 0.683126 0.452026
3 0.809319 0.341661 0.788239 0.347778 0.769631 0.158402 0.795353 0.149042 0.807964 0.289846 0.843270 0.276563 0.857338 0.395243 0.816714 0.404657
3 0.066399 0.586822 0.047682 0.591402 0.028525 0.404693 0.052926 0.396046 0.066436 0.533820 0.100483 0.521613 0.112663 0.638763 0.074038 0.651266
3 0.309728 0.503441 0.287156 0.509550 0.269107 0.317741 0.294915 0.310821 0.307799 0.452120 0.344723 0.438146 0.358228 0.553327 0.317426 0.569486
3 0.569584 0.488337 0.563201 0.419936 0.540333 0.427990 0.521121 0.237460 0.545983 0.228874 0.560531 0.371235 0.597766 0.356067 0.609662 0.473188
1 0.276416 0.621035 0.272871 0.627180 0.270475 0.636072 0.271333 0.645031 0.274450 0.652424 0.278903 0.655803 0.283718 0.655242 0.287135 0.651164 0.289539 0.646305 0.291038 0.639180 0.290622 0.631747 0.288568 0.626315 0.285604 0.622104 0.281780 0.620098
1 0.475307 0.554989 0.471763 0.561134 0.469366 0.570026 0.470225 0.578985 0.473342 0.586378 0.477795 0.589757 0.482610 0.589196 0.486026 0.585118 0.488431 0.580259 0.489929 0.573134 0.489513 0.565701 0.487459 0.560269 0.484495 0.556058 0.480671 0.554052
1 0.526821 0.538302 0.523277 0.544447 0.520880 0.553339 0.521739 0.562298 0.524856 0.569691 0.529309 0.573070 0.534124 0.572509 0.537540 0.568432 0.539945 0.563572 0.541443 0.556447 0.541027 0.549014 0.538973 0.543582 0.536009 0.539372 0.532185 0.537366
1 0.775605 0.457781 0.772060 0.463926 0.769663 0.472818 0.770522 0.481777 0.773639 0.489170 0.778092 0.492549 0.782907 0.491988 0.786324 0.487911 0.788728 0.483051 0.790226 0.475926 0.789811 0.468493 0.787756 0.463061 0.784793 0.458851 0.780969 0.456845
