1 0.7991752662527276 0.5434786999403493 0.7951407230466911 0.5485795346006982 0.7920022175116119 0.5567095173265688 0.7920746601050418 0.5657969615231341 0.7945139714143667 0.5739549210696782 0.798620957213833 0.5785126315782974 0.8034271372390532 0.5792769127998463 0.8071561731097416 0.5761833713179424 0.8099529500127582 0.5720399981282884 0.8120505326900205 0.5654106010248421 0.8122835974319387 0.5579525292834648 0.810724586831942 0.5520230199851853 0.8081608746708437 0.5470509721576006 0.8045562396519285 0.5440218240920789
2 0.05285983041808384 0.3428085470664339 0.05048963783773754 0.34868144562681747 0.05089217600523892 0.356285484753368 0.052713765300316025 0.3620149280062601 0.05551621036966545 0.36425688406173967 0.059299511213287165 0.36375867160496644 0.06210195628263659 0.36002207817916726 0.0626624452965065 0.35205067887079555 0.06168158952223417 0.34657034184629004 0.05831865543901488 0.34208642973533093
2 0.8264865644408589 0.2732661818129184 0.8241163718605127 0.279139080373302 0.824518910028014 0.2867431194998525 0.8263404993230911 0.29247256275274464 0.8291429443924404 0.2947145188082242 0.8329262452360622 0.29421630635145096 0.8357286903054117 0.2904797129256518 0.8362891793192816 0.28250831361728007 0.8353083235450092 0.27702797659277456 0.83194538946179 0.27254406448181545
2 0.3060378837525963 0.31768031759966164 0.30366769117224995 0.3235532161600453 0.30407022933975136 0.33115725528659573 0.30589181863482845 0.3368866985394879 0.30869426370417785 0.33912865459496744 0.3124775645477996 0.3386304421381942 0.315280009617149 0.334893848712395 0.31584049863101893 0.3269224494040233 0.31485964285674656 0.32144211237951786 0.3114967087735273 0.31695820026855875
2 0.5676504250608961 0.294420335865499 0.5652802324805499 0.30029323442588257 0.5656827706480513 0.3078972735524331 0.5675043599431284 0.3136267168053253 0.5703068050124778 0.31586867286080483 0.5740901058560994 0.3153704604040316 0.576892550925449 0.3116338669782324 0.5774530399393188 0.30366246766986066 0.5764721841650464 0.29818213064535515 0.5731092500818272 0.29369821853439604
1 0.22538256513497235 0.5955170012154122 0.22188659400620178 0.5996603744050661 0.21955594658702143 0.6058754341895471 0.2190898171031854 0.612090493974028 0.21964412614207998 0.6212059149912669 0.22267396778701443 0.6262423562352336 0.22748014781223472 0.6284428296628246 0.23174775576018913 0.6267854803869629 0.23535239077910425 0.6226421071973092 0.23718068741773368 0.6145765178878204 0.2363366080051201 0.6071184461464432 0.23423902532785776 0.6021463983188585 0.23167531316675938 0.5971743504912738 0.2288785362637429 0.5951026638964468
3 0.9163756840417274 0.5029030495563338 0.9121764174864971 0.38309433697778644 0.9476693302832823 0.3777445153597736 0.9457625980912725 0.22847370283965104 0.9709005685573929 0.2274648394300506 0.9754446412068946 0.4263641064067858 0.9533286742130936 0.4283349134441777 0.9547637769000445 0.4986339362563704
3 0.1442086697346608 0.5681851712477083 0.14060894253594364 0.4453518497257343 0.17751898394840293 0.4411742845947791 0.17447871782386223 0.2965229463492351 0.19946390023681318 0.29369290515038826 0.20603625721240348 0.4913323382334491 0.18354990974460225 0.49275735205038573 0.18628033273340747 0.5631041297310893
3 0.40099186186060193 0.5482314554937947 0.39678781902236726 0.42602710606160366 0.4353527340444161 0.42022267988612955 0.43328773540511945 0.27506424512427596 0.4585004370298531 0.2696166087459359 0.4648242463340378 0.4712168310400462 0.4412099761627487 0.47462955684946934 0.4424973275538611 0.5436419403906444
3 0.6622835078986623 0.5196591680726307 0.6572725184528225 0.40100607151006223 0.6960057543525109 0.3958020333881804 0.6904630625671951 0.2450578009297929 0.7166989195481003 0.24288378664388294 0.7254772666421325 0.4465384537682972 0.7025721309981668 0.4469787084230784 0.7042337780771372 0.5161397536111628
3 0.8426404026484132 0.4374750486109537 0.8212819070481135 0.43774712803363874 0.8165489425323584 0.23747265762448944 0.8413821125289216 0.23687902078767334 0.8457906263030968 0.3859068558372739 0.8818258498932932 0.3824497033734223 0.8854442149422772 0.5035649768595369 0.8460230275681063 0.5071953179834965
3 0.07099311276551937 0.5028557149424038 0.047897438084669446 0.5052021305540083 0.04695863129583104 0.31065320155048814 0.07059692254217825 0.3085269252976968 0.07140746349460689 0.45370586981745326 0.10911541195640746 0.4488269930191152 0.11160336519395939 0.5711245475957818 0.07295787746714975 0.572902844428111
3 0.3243843271717142 0.48022639306821824 0.30200615750939097 0.4825021980746807 0.29716956239159137 0.2823951191769228 0.32448114710149123 0.2794128454054917 0.32647080963659425 0.42737663342673504 0.36552640164437733 0.4269050070166596 0.3688914924899174 0.546828564670291 0.32672254445894894 0.5516229603080184
3 0.5910278051558422 0.5299260140666157 0.5871085861959215 0.4605931170073254 0.5638153071960567 0.4612420609692692 0.5582095361145375 0.260790410969734 0.5832460976641382 0.2580656604853354 0.5886890295030169 0.4065010749166545 0.6273834392019703 0.4027575327493663 0.6313504616584572 0.5259311923348323
1 0.2805998557906762 0.589584883852098 0.27656531258463973 0.5946857185124468 0.2734268070495606 0.6028157012383174 0.2734992496429905 0.6119031454348826 0.27593856095231545 0.6200611049814267 0.2800455467517816 0.6246188154900458 0.2848517267770018 0.6253830967115949 0.2885807626476904 0.622289555229691 0.29137753955070683 0.6181461820400371 0.2934751222279692 0.6115167849365907 0.29370818696988726 0.6040587131952134 0.2921491763698907 0.5981292038969339 0.28958546420879233 0.5931571560693492 0.28598082918987716 0.5901280080038275
1 0.4865602832567085 0.5717277494282735 0.4825257400506721 0.5768285840886224 0.4793872345155929 0.584958566814493 0.4794596771090228 0.5940460110110581 0.4818989884183478 0.6022039705576023 0.48600597421781394 0.6067616810662215 0.49081215424303415 0.6075259622877704 0.4945411901137227 0.6044324208058667 0.49733796701673916 0.6002890476162127 0.49943554969400145 0.5936596505127663 0.4996686144359196 0.586201578771389 0.49810960383592295 0.5802720694731095 0.4955458916748247 0.5753000216455247 0.49194125665590943 0.5722708735800031
1 0.540794014381812 0.5672699346840356 0.5367594711757755 0.5723707693443846 0.5336209656406963 0.5805007520702552 0.5336934082341263 0.5895881962668202 0.5361327195434512 0.5977461558133644 0.5402397053429173 0.6023038663219836 0.5450458853681376 0.6030681475435326 0.5487749212388261 0.5999746060616288 0.5515716981418426 0.5958312328719748 0.5536692808191048 0.5892018357685284 0.553902345561023 0.5817437640271512 0.5523433349610264 0.5758142547288716 0.5497796227999281 0.5708422069012868 0.5461749877810128 0.5678130588357653
1 0.7460833470989562 0.5499949453191401 0.7420488038929197 0.555095779979489 0.7389102983578405 0.5632257627053595 0.7389827409512704 0.5723132069019248 0.7414220522605953 0.5804711664484689 0.7455290380600615 0.5850288769570882 0.7503352180852818 0.5857931581786371 0.7540642539559702 0.5826996166967331 0.7568610308589868 0.5785562435070792 0.758958613536249 0.5719268464036329 0.7591916782781672 0.5644687746622556 0.7576326676781706 0.558539265363976 0.7550689555170723 0.5535672175363913 0.751464320498157 0.5505380694708696
