1 0.722315 0.448538 0.718280 0.443437 0.715142 0.435307 0.715214 0.426220 0.717653 0.418062 0.721760 0.413504 0.726567 0.412740 0.730296 0.415834 0.733092 0.419977 0.735190 0.426606 0.735423 0.434064 0.733864 0.439994 0.731300 0.444966 0.727696 0.447995
2 0.044718 0.651845 0.042348 0.645972 0.042750 0.638368 0.044572 0.632639 0.047374 0.630397 0.051158 0.630895 0.053960 0.634632 0.054521 0.642603 0.053540 0.648083 0.050177 0.652567
2 0.798385 0.716946 0.796014 0.711073 0.796417 0.703469 0.798239 0.697740 0.801041 0.695498 0.804824 0.695996 0.807627 0.699733 0.808187 0.707704 0.807206 0.713184 0.803843 0.717668
2 0.291095 0.671634 0.288724 0.665761 0.289127 0.658157 0.290948 0.652427 0.293751 0.650185 0.297534 0.650683 0.300337 0.654420 0.300897 0.662391 0.299916 0.667872 0.296553 0.672356
2 0.546066 0.698528 0.543696 0.692655 0.544098 0.685051 0.545920 0.679322 0.548722 0.677080 0.552506 0.677578 0.555308 0.681314 0.555869 0.689286 0.554888 0.694766 0.551525 0.699250
1 0.214111 0.398259 0.210615 0.394116 0.208284 0.387901 0.207818 0.381686 0.208373 0.372570 0.211402 0.367534 0.216209 0.365334 0.220476 0.366991 0.224081 0.371134 0.225909 0.379200 0.225065 0.386658 0.222967 0.391630 0.220404 0.396602 0.217607 0.398674
3 0.886928 0.494249 0.882729 0.614057 0.918222 0.619407 0.916769 0.761421 0.940092 0.761623 0.945997 0.570788 0.923881 0.568817 0.925316 0.498518
3 0.132764 0.421458 0.129164 0.544291 0.164713 0.546856 0.158045 0.689088 0.182576 0.694337 0.192777 0.498311 0.172105 0.496886 0.172568 0.426539
3 0.383735 0.447851 0.379531 0.570056 0.418096 0.575860 0.413945 0.722470 0.438976 0.725821 0.447568 0.524866 0.423953 0.521453 0.425241 0.452441
3 0.639315 0.473300 0.636662 0.591953 0.674216 0.596109 0.669036 0.744918 0.694546 0.747899 0.702508 0.546421 0.679603 0.545981 0.681265 0.476820
3 0.816280 0.558130 0.794921 0.557858 0.790642 0.750069 0.814568 0.752275 0.819430 0.609698 0.855465 0.613156 0.859083 0.492040 0.819662 0.488410
3 0.062683 0.486719 0.037772 0.485179 0.035019 0.678116 0.062286 0.681048 0.063097 0.535869 0.100805 0.540748 0.103293 0.418451 0.064647 0.416672
3 0.309164 0.511586 0.286332 0.511729 0.283310 0.706191 0.308807 0.709174 0.311704 0.562823 0.349399 0.566520 0.352764 0.449015 0.311049 0.444221
3 0.565519 0.463749 0.563958 0.534130 0.540665 0.532433 0.538189 0.729094 0.562908 0.730771 0.564359 0.587174 0.606002 0.590917 0.607021 0.467744
1 0.267065 0.407557 0.263030 0.402456 0.259892 0.394327 0.259964 0.385239 0.262404 0.377081 0.266511 0.372523 0.271317 0.371759 0.275046 0.374853 0.277843 0.378996 0.279940 0.385625 0.280173 0.393083 0.278614 0.399013 0.276050 0.403985 0.272446 0.407014
1 0.467772 0.423810 0.463737 0.418709 0.460599 0.410579 0.460671 0.401492 0.463111 0.393334 0.467218 0.388776 0.472024 0.388012 0.475753 0.391105 0.478550 0.395248 0.480647 0.401878 0.480880 0.409336 0.479321 0.415265 0.476757 0.420238 0.473153 0.423267
1 0.522417 0.430281 0.518382 0.425180 0.515243 0.417050 0.515316 0.407963 0.517755 0.399805 0.521862 0.395247 0.526668 0.394483 0.530397 0.397576 0.533194 0.401720 0.535292 0.408349 0.535525 0.415807 0.533966 0.421737 0.531402 0.426709 0.527798 0.429738
1 0.775207 0.453989 0.771173 0.448888 0.768034 0.440758 0.768107 0.431671 0.770546 0.423513 0.774653 0.418955 0.779459 0.418191 0.783188 0.421285 0.785985 0.425428 0.788083 0.432057 0.788316 0.439515 0.786757 0.445445 0.784193 0.450417 0.780588 0.453446
