1 0.775237 0.577585 0.771237 0.582770 0.768152 0.590965 0.768285 0.600050 0.770778 0.608157 0.774915 0.612628 0.779726 0.613292 0.783434 0.610120 0.786203 0.605918 0.788257 0.599246 0.788440 0.591783 0.786842 0.585887 0.784246 0.580969 0.780621 0.578015
2 0.027964 0.345739 0.025633 0.351661 0.026086 0.359256 0.027946 0.364947 0.030763 0.367130 0.034542 0.366552 0.037320 0.362757 0.037827 0.354775 0.036810 0.349315 0.033418 0.344902
2 0.803767 0.305059 0.801436 0.310981 0.801889 0.318576 0.803749 0.324267 0.806566 0.326450 0.810346 0.325873 0.813123 0.322078 0.813631 0.314095 0.812613 0.308636 0.809221 0.304223
2 0.280036 0.326502 0.277705 0.332424 0.278158 0.340019 0.280017 0.345710 0.282834 0.347893 0.286614 0.347316 0.289391 0.343521 0.289899 0.335538 0.288882 0.330079 0.285489 0.325666
2 0.543862 0.314748 0.541531 0.320670 0.541984 0.328265 0.543843 0.333956 0.546660 0.336139 0.550440 0.335561 0.553218 0.331766 0.553725 0.323784 0.552708 0.318324 0.549316 0.313911
1 0.197791 0.606749 0.194323 0.610965 0.192034 0.617229 0.191609 0.623453 0.192223 0.632556 0.195286 0.637529 0.200107 0.639628 0.204363 0.637882 0.207940 0.633663 0.209715 0.625560 0.208821 0.618120 0.206691 0.613192 0.204094 0.608274 0.201284 0.606261
3 0.889108 0.536314 0.889605 0.413605 0.926059 0.411524 0.923703 0.268423 0.948034 0.266536 0.950398 0.461942 0.929145 0.463206 0.929109 0.534663
3 0.114922 0.571142 0.113282 0.451680 0.149482 0.449417 0.145170 0.301360 0.170836 0.298569 0.176953 0.498147 0.153547 0.501347 0.155916 0.569736
3 0.372824 0.558920 0.370581 0.437375 0.409125 0.433864 0.406830 0.285021 0.431573 0.282777 0.434810 0.393434 0.437558 0.487367 0.414645 0.488159 0.414921 0.558839
3 0.636372 0.546480 0.634047 0.425386 0.672764 0.422472 0.669954 0.272143 0.696049 0.270619 0.701187 0.474627 0.675499 0.476077 0.677623 0.545818
3 0.818614 0.470528 0.795297 0.468671 0.793245 0.268794 0.819171 0.268913 0.822391 0.418300 0.859396 0.417525 0.860241 0.536902 0.818227 0.537380
3 0.041647 0.505618 0.022294 0.507750 0.019992 0.313236 0.044916 0.312641 0.045573 0.456383 0.082914 0.453202 0.084139 0.574819 0.042574 0.575843
3 0.296407 0.490911 0.273693 0.493043 0.272049 0.294197 0.296993 0.292552 0.298722 0.440062 0.337413 0.437303 0.338948 0.562209 0.297849 0.562475
3 0.559986 0.551036 0.559446 0.481710 0.535452 0.481621 0.535134 0.279301 0.560172 0.279153 0.562412 0.427552 0.601456 0.427332 0.602045 0.549262
1 0.251748 0.602275 0.247748 0.607460 0.244663 0.615655 0.244796 0.624741 0.247289 0.632847 0.251426 0.637318 0.256237 0.637982 0.259945 0.634810 0.262714 0.630608 0.264768 0.623936 0.264952 0.616473 0.263353 0.610577 0.260757 0.605659 0.257132 0.602705
1 0.458838 0.593052 0.454838 0.598237 0.451753 0.606433 0.451886 0.615518 0.454379 0.623624 0.458516 0.628096 0.463327 0.628759 0.467035 0.625588 0.469804 0.621386 0.471858 0.614713 0.472041 0.607251 0.470443 0.601354 0.467847 0.596436 0.464222 0.593483
1 0.513625 0.587432 0.509625 0.592617 0.506540 0.600812 0.506673 0.609898 0.509166 0.618004 0.513303 0.622475 0.518114 0.623139 0.521822 0.619967 0.524591 0.615766 0.526645 0.609093 0.526829 0.601630 0.525230 0.595734 0.522634 0.590816 0.519009 0.587862
1 0.718872 0.578905 0.714872 0.584090 0.711787 0.592286 0.711920 0.601371 0.714413 0.609477 0.718550 0.613949 0.723361 0.614612 0.727069 0.611441 0.729839 0.607239 0.731892 0.600566 0.732076 0.593104 0.730477 0.587207 0.727881 0.582289 0.724256 0.579336
