1 0.789365 0.615145 0.784995 0.619282 0.781295 0.626628 0.780710 0.635656 0.782539 0.644304 0.786283 0.649762 0.790994 0.651618 0.794916 0.649402 0.797989 0.645932 0.800548 0.639837 0.801318 0.632494 0.800201 0.626257 0.798018 0.620741 0.794662 0.616913
2 0.064424 0.237032 0.061649 0.242315 0.061498 0.249948 0.062891 0.256046 0.065508 0.258909 0.069296 0.259280 0.072345 0.256214 0.073477 0.248437 0.072901 0.242778 0.069890 0.237563
2 0.836565 0.346154 0.833790 0.351437 0.833639 0.359069 0.835032 0.365168 0.837649 0.368031 0.841437 0.368401 0.844486 0.365336 0.845618 0.357559 0.845041 0.351900 0.842031 0.346685
2 0.315998 0.271761 0.313223 0.277043 0.313073 0.284676 0.314465 0.290775 0.317082 0.293638 0.320870 0.294008 0.323919 0.290943 0.325051 0.283166 0.324475 0.277507 0.321464 0.272292
2 0.577807 0.309674 0.575032 0.314957 0.574882 0.322590 0.576274 0.328688 0.578891 0.331551 0.582679 0.331922 0.585729 0.328856 0.586861 0.321079 0.586284 0.315420 0.583273 0.310205
1 0.215671 0.534088 0.211904 0.537398 0.209144 0.543029 0.208232 0.549086 0.208123 0.558253 0.210763 0.563939 0.215371 0.567220 0.219723 0.566551 0.223597 0.563265 0.225993 0.555684 0.225695 0.548095 0.223974 0.542685 0.221791 0.537169 0.219168 0.534475
3 0.909771 0.595949 0.914267 0.476174 0.948965 0.483001 0.958751 0.330508 0.983754 0.335250 0.973883 0.533539 0.951808 0.530441 0.948150 0.600485
3 0.134615 0.483950 0.139924 0.361313 0.176830 0.365602 0.184271 0.221456 0.209253 0.224357 0.201485 0.421859 0.179082 0.418135 0.176705 0.488523
3 0.393598 0.520741 0.398262 0.398590 0.436927 0.401644 0.442675 0.253425 0.468506 0.255996 0.462468 0.458948 0.438803 0.456938 0.435091 0.525672
3 0.655026 0.559447 0.661427 0.434934 0.698970 0.439392 0.706481 0.292289 0.732148 0.294952 0.723133 0.499290 0.700234 0.496573 0.696883 0.565540
3 0.841278 0.515570 0.820077 0.510960 0.829633 0.314384 0.854303 0.319468 0.848130 0.465149 0.884116 0.469952 0.877780 0.590621 0.837178 0.585985
3 0.067664 0.402652 0.044590 0.399703 0.057722 0.206552 0.081318 0.209844 0.071628 0.354004 0.109376 0.357780 0.103003 0.479632 0.064549 0.472567
3 0.319830 0.437923 0.297473 0.435067 0.307141 0.235514 0.334442 0.238796 0.325719 0.385988 0.364485 0.394442 0.359154 0.514140 0.316988 0.509261
3 0.581991 0.546316 0.583116 0.476662 0.559969 0.471984 0.570654 0.272318 0.596698 0.277684 0.588594 0.423380 0.627238 0.428507 0.622269 0.551566
1 0.269147 0.535780 0.264777 0.539917 0.261077 0.547262 0.260492 0.556291 0.262321 0.564939 0.266065 0.570397 0.270776 0.572253 0.274698 0.570037 0.277771 0.566567 0.280330 0.560471 0.281100 0.553128 0.279983 0.546892 0.277800 0.541375 0.274444 0.537548
1 0.475741 0.568635 0.471371 0.572772 0.467671 0.580118 0.467086 0.589146 0.468915 0.597794 0.472659 0.603252 0.477370 0.605108 0.481291 0.602892 0.484365 0.599422 0.486924 0.593327 0.487694 0.585984 0.486577 0.579747 0.484394 0.574231 0.481038 0.570403
1 0.532386 0.577615 0.528016 0.581752 0.524316 0.589098 0.523731 0.598126 0.525560 0.606774 0.529304 0.612232 0.534015 0.614088 0.537937 0.611872 0.541010 0.608402 0.543569 0.602307 0.544339 0.594964 0.543222 0.588727 0.541039 0.583211 0.537683 0.579383
1 0.738149 0.605273 0.733779 0.609410 0.730079 0.616756 0.729494 0.625784 0.731323 0.634432 0.735067 0.639890 0.739778 0.641746 0.743699 0.639530 0.746772 0.636060 0.749332 0.629965 0.750102 0.622622 0.748985 0.616385 0.746802 0.610869 0.743446 0.607041
