1 0.774912 0.602126 0.770596 0.606438 0.766991 0.613931 0.766521 0.622981 0.768461 0.631553 0.772273 0.636858 0.777006 0.638524 0.780899 0.636150 0.783927 0.632557 0.786408 0.626360 0.787084 0.618987 0.785887 0.612798 0.783634 0.607371 0.780230 0.603680
2 0.061413 0.270540 0.058706 0.275934 0.058653 0.283571 0.060123 0.289611 0.062776 0.292368 0.066568 0.292585 0.069577 0.289398 0.070610 0.281577 0.069961 0.275943 0.066884 0.270850
2 0.813501 0.342332 0.810794 0.347726 0.810742 0.355363 0.812211 0.361403 0.814864 0.364160 0.818656 0.364377 0.821666 0.361190 0.822698 0.353369 0.822049 0.347735 0.818972 0.342642
2 0.306979 0.292841 0.304272 0.298234 0.304219 0.305871 0.305689 0.311912 0.308342 0.314669 0.312134 0.314886 0.315143 0.311698 0.316175 0.303877 0.315527 0.298243 0.312450 0.293151
2 0.561582 0.317351 0.558875 0.322745 0.558822 0.330382 0.560292 0.336422 0.562945 0.339179 0.566737 0.339396 0.569746 0.336209 0.570779 0.328388 0.570130 0.322753 0.567053 0.317661
1 0.213191 0.548465 0.209467 0.551926 0.206779 0.557667 0.205945 0.563760 0.205953 0.572928 0.208666 0.578507 0.213314 0.581600 0.217656 0.580756 0.221488 0.577315 0.223786 0.569639 0.223392 0.562064 0.221602 0.556725 0.219349 0.551298 0.216692 0.548711
3 0.888622 0.581371 0.891587 0.461446 0.927199 0.462811 0.934199 0.314022 0.959256 0.317753 0.951920 0.516389 0.929811 0.514183 0.927049 0.584357
3 0.131793 0.511895 0.135534 0.389075 0.172485 0.391873 0.178083 0.247464 0.203096 0.249356 0.197853 0.447121 0.175408 0.444302 0.173930 0.514767
3 0.385404 0.533966 0.388506 0.411657 0.427200 0.413150 0.433000 0.261943 0.459443 0.263582 0.453467 0.469408 0.429782 0.468353 0.426949 0.537220
3 0.638732 0.554568 0.643167 0.436083 0.680757 0.439025 0.687872 0.286667 0.712917 0.289225 0.705928 0.493762 0.683126 0.489886 0.680656 0.558970
3 0.820369 0.504534 0.799115 0.500781 0.806345 0.300743 0.831074 0.304830 0.826575 0.453849 0.862614 0.457199 0.858993 0.578314 0.819578 0.574499
3 0.066635 0.430690 0.043529 0.428673 0.054190 0.235043 0.077822 0.237381 0.069976 0.381895 0.107762 0.384147 0.102948 0.506224 0.064414 0.500713
3 0.312836 0.454971 0.290448 0.453019 0.297565 0.253127 0.324901 0.255306 0.318061 0.402812 0.356925 0.409699 0.353123 0.529582 0.310906 0.526406
3 0.566709 0.550533 0.569351 0.480254 0.546088 0.477554 0.554282 0.276466 0.579864 0.279626 0.572912 0.427584 0.614543 0.431706 0.608215 0.554378
1 0.265929 0.552489 0.261613 0.556801 0.258008 0.564294 0.257539 0.573344 0.259478 0.581916 0.263290 0.587221 0.268024 0.588887 0.271916 0.586513 0.274944 0.582920 0.277425 0.576723 0.278101 0.569351 0.276904 0.563161 0.274651 0.557734 0.271248 0.554043
1 0.467123 0.572326 0.462807 0.576638 0.459201 0.584131 0.458732 0.593181 0.460671 0.601753 0.464484 0.607058 0.469217 0.608724 0.473110 0.606350 0.476137 0.602757 0.478618 0.596560 0.479295 0.589188 0.478098 0.582998 0.475845 0.577571 0.472441 0.573880
1 0.521322 0.578015 0.517007 0.582327 0.513401 0.589820 0.512932 0.598870 0.514871 0.607442 0.518683 0.612747 0.523417 0.614413 0.527309 0.612039 0.530337 0.608446 0.532818 0.602249 0.533494 0.594877 0.532298 0.588687 0.530045 0.583260 0.526641 0.579569
1 0.722153 0.598685 0.717837 0.602997 0.714232 0.610490 0.713762 0.619540 0.715701 0.628112 0.719514 0.633417 0.724247 0.635083 0.728140 0.632709 0.731168 0.629116 0.733648 0.622919 0.734325 0.615546 0.733128 0.609357 0.730875 0.603930 0.727471 0.600239
