1 0.7952888083992039 0.5480848722111923 0.7912542651931674 0.5531857068715412 0.7881157596580883 0.5613156895974118 0.7881882022515181 0.570403133793977 0.790627513560843 0.5785610933405212 0.7947344993603093 0.5831188038491404 0.7995406793855295 0.5838830850706893 0.803269715256218 0.5807895435887854 0.8060664921592345 0.5766461703991315 0.8081640748364969 0.5700167732956851 0.808397139578415 0.5625587015543079 0.8068381289784183 0.5566291922560282 0.80427441681732 0.5516571444284435 0.8006697817984048 0.5486279963629219
2 0.04902703174596972 0.3387202284828455 0.04665683916562342 0.34459312704322914 0.0470593773331248 0.35219716616977964 0.048880966628201905 0.35792660942267174 0.05168341169755133 0.3601685654781513 0.05546671254117305 0.35967035302137806 0.05826915761052247 0.3559337595955789 0.05882964662439237 0.34796236028720723 0.05784879085012005 0.34248202326270166 0.05448585676690076 0.33799811115174255
2 0.8226537657687447 0.27054063609052614 0.8202835731883985 0.2764135346509098 0.8206861113558999 0.2840175737774603 0.822507700650977 0.2897470170303524 0.8253101457203263 0.29198897308583194 0.8290934465639481 0.2914907606290587 0.8318958916332976 0.2877541672032595 0.8324563806471674 0.2797827678948879 0.831475524872895 0.2743024308703823 0.8281125907896758 0.2698185187594232
2 0.30102576241213935 0.3156885726486827 0.29865556983179303 0.32156147120906636 0.2990581079992944 0.3291655103356168 0.30087969729437153 0.33489495358850896 0.30368214236372093 0.3371369096439885 0.30746544320734265 0.3366386971872153 0.31026788827669205 0.3329021037614161 0.310828377290562 0.3249307044530444 0.30984752151628964 0.3194503674285389 0.30648458743307033 0.31496645531757983
2 0.5634048634548621 0.2934768777308247 0.5610346708745159 0.2993497762912083 0.5614372090420172 0.3069538154177589 0.5632587983370942 0.312683258670651 0.5660612434064436 0.31492521472613055 0.5698445442500654 0.3144270022693573 0.5726469893194149 0.31069040884355814 0.5732074783332848 0.3027190095351864 0.5722266225590124 0.29723867251068087 0.5688636884757932 0.29275476039972176
1 0.22049191402935475 0.598760400625059 0.2169959429005842 0.6029037738147129 0.2146652954814038 0.6091188335991939 0.21419916599756778 0.615333893383675 0.21475347503646236 0.6244493144009138 0.21778331668139683 0.6294857556448804 0.2225894967066171 0.6316862290724715 0.2268571046545715 0.6300288797966097 0.23046173967348665 0.625885506606956 0.2322900363121161 0.6178199172974673 0.2314459568995025 0.6103618455560901 0.22934837422224014 0.6053897977285053 0.22678466206114176 0.6004177499009206 0.2239878851581253 0.5983460633060936
3 0.9133094451040361 0.5015402766951378 0.9091101785488058 0.38173156411659037 0.9440134300114194 0.38057488976379633 0.9426963591535812 0.22711092997845497 0.9678343296197016 0.22610206656885454 0.9723784022692032 0.42500133354558967 0.9502624352754023 0.4269721405829816 0.9516975379623532 0.49727116339517435
3 0.1364841062570154 0.5675561991579255 0.13288437905829825 0.44472287763595153 0.16979442047075755 0.44054531250499634 0.16675415434621685 0.29589397425945235 0.1917393367591678 0.2930639330606055 0.1983116937347581 0.4907033661436664 0.17582534626695687 0.492128379960603 0.17855576925576208 0.5624751576413065
3 0.395979740520145 0.5448769376816197 0.39177569768191034 0.42267258824942866 0.4303406127039592 0.4168681620739545 0.4253273073938055 0.2685648668631868 0.45112967035271045 0.2652138041174562 0.4598121249935809 0.4678623132278712 0.4361978548222918 0.47127503903729434 0.4374852062134042 0.5402874225784694
3 0.6580379462926281 0.5235378292929582 0.6553856021834741 0.3985950118325615 0.6929395154148195 0.39443926052698436 0.6897554689661896 0.24683988851751087 0.7154016646129232 0.24361758741529627 0.7212317050360982 0.44832054135601523 0.6983265693921327 0.45085736964340595 0.6999882164711031 0.5200184148314904
3 0.839574163710722 0.43747504861095377 0.8182156681104223 0.43774712803363885 0.8134827035946671 0.24061751807340367 0.8383158735912304 0.2400238812365875 0.8427243873654056 0.385906855837274 0.8787596109556018 0.3824497033734224 0.881198653336243 0.5035649768595369 0.8405981432937293 0.5082436047998014
3 0.06421200742254823 0.5022267428526209 0.04111633274169831 0.5045731584642256 0.04017752595285991 0.31002422946070535 0.06381581719920712 0.3078979532079141 0.06462635815163575 0.45307689772767046 0.10233430661343633 0.4481980209293324 0.10482225985098825 0.570495575505999 0.06617677212417862 0.5722738723383283
3 0.3168366620943202 0.4795974209784355 0.294458492431997 0.481873225984898 0.28962189731419735 0.28176614708714004 0.3169334820240972 0.278783873315709 0.31892314455920023 0.42674766133695236 0.3579787365669833 0.4262760349268769 0.36134382741252336 0.5461995925805082 0.3191748793815549 0.5509939882182358
3 0.5846594627467913 0.5272004683442234 0.5807402437868706 0.45786757128493316 0.5574469647870057 0.45851651524687687 0.5536101777080007 0.2580648652473417 0.5798260619259442 0.2574366883955525 0.582320687093966 0.40377552919426224 0.6210150967929193 0.400031987026974 0.6249821192494063 0.52320564661244
1 0.2736471589994612 0.5882221109909018 0.2696126157934247 0.5933229456512507 0.2664741102583456 0.6014529283771214 0.2665465528517755 0.6105403725736864 0.26898586416110043 0.6186983321202306 0.2730928499605666 0.6232560426288498 0.2778990299857868 0.6240203238503987 0.2816280658564754 0.620926782368495 0.2844248427594918 0.616783409178841 0.28652242543675416 0.6101540120753945 0.28675549017867225 0.6026959403340173 0.28519647957867567 0.5967664310357378 0.2826327674175773 0.591794383208153 0.27902813239866214 0.5887652351426315
1 0.480903072416668 0.5736083759767243 0.47686852921063155 0.5787092106370733 0.4737300236755524 0.5868391933629439 0.47380246626898226 0.595926637559509 0.4762417775783072 0.6040845971060532 0.48034876337777344 0.6086423076146723 0.48515494340299364 0.6094065888362212 0.48888397927368216 0.6063130473543175 0.49168075617669865 0.6021696741646635 0.49377833885396094 0.595540277061217 0.4940114035958791 0.5880822053198398 0.4924523929958824 0.5821526960215604 0.48988868083478415 0.5771806481939756 0.4862840458158689 0.574151500128454
1 0.5377277754441205 0.5695730208194572 0.5336932322380842 0.5746738554798061 0.530554726703005 0.5828038382056766 0.5306271692964348 0.5918912824022418 0.5330664806057598 0.600049241948786 0.537173466405226 0.6046069524574051 0.5419796464304462 0.6053712336789541 0.5457086823011348 0.6022776921970503 0.5485054592041512 0.5981343190073963 0.5506030418814135 0.5915049219039499 0.5508361066233316 0.5840468501625726 0.549277096023335 0.5781173408642931 0.5467133838622368 0.5731452930367084 0.5431087488433215 0.5701161449711867
1 0.7437836678956877 0.5499949453191402 0.7397491246896513 0.5550957799794891 0.7366106191545722 0.5632257627053597 0.7366830617480019 0.572313206901925 0.7391223730573269 0.580471166448469 0.7432293588567931 0.5850288769570883 0.7480355388820134 0.5857931581786372 0.7517645747527019 0.5826996166967333 0.7545613516557184 0.5785562435070793 0.7566589343329807 0.571926846403633 0.7568919990748988 0.5644687746622558 0.7553329884749022 0.5585392653639761 0.7527692763138039 0.5535672175363914 0.7491646412948886 0.5505380694708698
