1 0.7677491629417433 0.5610308198962582 0.7637146197357069 0.5661316545566071 0.7605761142006277 0.5742616372824777 0.7606485567940575 0.583349081479043 0.7630878681033825 0.591507041025587 0.7671948539028487 0.5960647515342062 0.772001033928069 0.5968290327557552 0.7757300697987575 0.5937354912738513 0.778526846701774 0.5895921180841974 0.7806244293790363 0.582962720980751 0.7808574941209544 0.5755046492393737 0.7792984835209578 0.5695751399410942 0.7767347713598595 0.5646030921135095 0.7731301363409442 0.5615739440479878
2 0.022441705174459425 0.33882589694656656 0.020071512594113123 0.3446987955069502 0.02047405076161449 0.3523028346335007 0.02229564005669161 0.35803227788639286 0.025098085126041027 0.36027423394187236 0.02888138596966274 0.3597760214850992 0.03168383103901217 0.35603942805929994 0.03224432005288207 0.3480680287509283 0.03126346427860975 0.3425876917264227 0.027900530195390454 0.3381037796154637
2 0.7969552195421707 0.2888315811511101 0.7945850269618245 0.29470447971149366 0.7949875651293259 0.3023085188380442 0.7968091544244029 0.3080379620909363 0.7996115994937523 0.31027991814641587 0.803394900337374 0.30978170568964264 0.8061973454067235 0.30604511226384346 0.8067578344205935 0.29807371295547175 0.805776978646321 0.29259337593096624 0.8024140445631018 0.28810946382000713
2 0.2739384975391285 0.3206415923887278 0.2715683049587822 0.32651449094911145 0.27197084312628356 0.33411853007566195 0.27379243242136064 0.3398479733285541 0.2765948774907101 0.3420899293840336 0.2803781783343318 0.3415917169272604 0.2831806234036812 0.3378551235014612 0.2837411124175511 0.32988372419308953 0.2827602566432788 0.32440338716858397 0.2793973225600595 0.3199194750576249
2 0.5358755158339779 0.3026331137219411 0.5335053232536316 0.3085060122823247 0.533907861421133 0.31611005140887527 0.53572945071621 0.3218394946617674 0.5385318957855594 0.324081450717247 0.5423151966291812 0.32358323826047375 0.5451176416985306 0.31984664483467456 0.5456781307124006 0.3118752455263028 0.5446972749381281 0.3063949085017973 0.541334340854909 0.3019109963908382
1 0.19294046975679088 0.5980817062446282 0.18944449862802032 0.6022250794342822 0.18711385120883997 0.6084401392187632 0.1866477217250039 0.6146551990032442 0.18720203076389852 0.6237706200204829 0.19023187240883296 0.6288070612644496 0.19503805243405326 0.6310075346920407 0.19930566038200767 0.6293501854161789 0.20291029540092279 0.6252068122265252 0.20473859203955222 0.6171412229170365 0.20389451262693864 0.6096831511756593 0.20179692994967627 0.6047111033480745 0.19923321778857792 0.5997390555204898 0.19643644088556145 0.5976673689256629
3 0.8859439134407245 0.5223805401228955 0.8841701012613997 0.4004972416318857 0.9200456768544717 0.39458443005277394 0.9204984180951985 0.25055652378493265 0.9436604060209202 0.248453925947976 0.9456817090718657 0.4467989885675494 0.9264620920904376 0.45100418424146255 0.9280390404681552 0.5189881809697262
3 0.10884828432524472 0.567491830690386 0.10707447214591986 0.4456085321993762 0.142950047738992 0.44350593436241953 0.1391162985197944 0.2956678143524232 0.16513594675213245 0.2935652165154665 0.17144374026300227 0.4919102791350398 0.14936646297495787 0.496115474808953 0.15094341135267533 0.5640994715372166
3 0.3672594169536292 0.5503901994275912 0.3654856047743044 0.4285069009365814 0.40421884067399283 0.4264043030996246 0.40038509145479506 0.2760260405948583 0.42640473968713316 0.27265337151051666 0.4312837030446948 0.474808647872245 0.40777759560334237 0.4790138435461582 0.4093545439810599 0.5469978402744219
3 0.6301450143260705 0.5364534616374694 0.6283712021467458 0.4145701631464596 0.667104438046434 0.41246756530950285 0.6632706888272364 0.2620893028047366 0.6892903370595743 0.25871663372039494 0.6941693004171361 0.4608719100821233 0.6706631929757836 0.46507710575603645 0.6722401413535012 0.5330611024843
3 0.8146513988185755 0.5249395716562789 0.8123451331400977 0.45579983350327824 0.7914006346155672 0.45555142623440076 0.7889958092530666 0.25822535154299286 0.8132855045756764 0.25759799704057756 0.8164676809252396 0.40365544865228975 0.8528855673117226 0.4036554486522899 0.8535284052165312 0.5230421459064787 0.8351008068613278 0.5247357161218873
3 0.03935611586009039 0.5715661072543573 0.03792728570678227 0.502982259895568 0.01578041833050654 0.5017121886481831 0.01578041833050655 0.308661359045665 0.03792728570678227 0.30739128779828 0.038641700783436324 0.4496392675053986 0.07650569984610128 0.4496392675053986 0.07793452999940938 0.5690259647595873 0.061974692917115756 0.5700768182300263
3 0.292836954564059 0.5553588768405844 0.29140812441075087 0.4867750294817951 0.26741702134677786 0.4846852979287668 0.2646506678152318 0.2867165064923893 0.29002494764497794 0.2854464352450042 0.29212253948740496 0.43343203709162564 0.32998653855006993 0.43343203709162564 0.3327985454691511 0.5528187343458144 0.31545553162108436 0.5538695878162534
3 0.5551240231521798 0.5399924505954381 0.5536951929988716 0.4714086032366488 0.5297040899348986 0.4693188716836205 0.5269377364033524 0.27135008024724294 0.5523120162330987 0.2700800089998579 0.5544096080755256 0.41806561084647936 0.5922736071381905 0.41806561084647936 0.5950856140572718 0.5374523081006681 0.5777426002092051 0.5385031615711071
1 0.24618977862138536 0.593040632675173 0.2421552354153489 0.5981414673355219 0.23901672988026978 0.6062714500613925 0.23908917247369962 0.6153588942579578 0.24152848378302458 0.6235168538045018 0.24563546958249075 0.628074564313121 0.2504416496077109 0.62883884553467 0.25417068547839955 0.6257453040527661 0.256967462381416 0.6216019308631122 0.2590650450586783 0.6149725337596658 0.25929810980059637 0.6075144620182885 0.25773909920059984 0.601584952720009 0.2551753870395015 0.5966129048924242 0.25157075202058626 0.5935837568269026
1 0.45291962690050325 0.5820150407669534 0.44888508369446684 0.5871158754273024 0.4457465781593876 0.595245858153173 0.4458190207528176 0.6043333023497381 0.44825833206214255 0.6124912618962823 0.45236531786160866 0.6170489724049015 0.45717149788682887 0.6178132536264505 0.4609005337575175 0.6147197121445466 0.4636973106605339 0.6105763389548926 0.4657948933377962 0.6039469418514463 0.4660279580797143 0.596488870110069 0.4644689474797177 0.5905593608117894 0.46190523531861943 0.5855873129842046 0.45830060029970426 0.5825581649186831
1 0.50800312002296 0.5757316091072177 0.5039685768169235 0.5808324437675665 0.5008300712818443 0.5889624264934371 0.5009025138752743 0.5980498706900024 0.5033418251845991 0.6062078302365465 0.5074488109840654 0.6107655407451656 0.5122549910092856 0.6115298219667146 0.5159840268799741 0.6084362804848107 0.5187808037829906 0.6042929072951568 0.5208783864602529 0.5976635101917104 0.5211114512021711 0.5902054384503331 0.5195524406021744 0.5842759291520536 0.5169887284410761 0.5793038813244689 0.5133840934221608 0.5762747332589472
1 0.7144328849735874 0.5641725357261259 0.7103983417675509 0.5692733703864749 0.7072598362324718 0.5774033531123455 0.7073322788259016 0.5864907973089106 0.7097715901352265 0.5946487568554548 0.7138785759346927 0.599206467364074 0.718684755959913 0.5999707485856229 0.7224137918306015 0.596877207103719 0.725210568733618 0.5927338339140651 0.7273081514108803 0.5861044368106187 0.7275412161527984 0.5786463650692415 0.7259822055528018 0.5727168557709619 0.7234184933917035 0.5677448079433772 0.7198138583727882 0.5647156598778555
