1 0.793258 0.576735 0.789056 0.581390 0.785645 0.589165 0.785406 0.598243 0.787561 0.606650 0.791505 0.611644 0.796276 0.612927 0.800104 0.610243 0.803037 0.606410 0.805358 0.600020 0.805846 0.592601 0.804493 0.586514 0.802105 0.581274 0.798610 0.577860
2 0.055389 0.290193 0.052822 0.295798 0.052964 0.303431 0.054585 0.309347 0.057306 0.311889 0.061099 0.311801 0.064024 0.308375 0.064857 0.300479 0.064066 0.294902 0.060863 0.290063
2 0.829916 0.305900 0.827349 0.311506 0.827490 0.319139 0.829112 0.325055 0.831832 0.327597 0.835626 0.327509 0.838551 0.324083 0.839383 0.316187 0.838592 0.310610 0.835389 0.305771
2 0.308958 0.292523 0.306391 0.298128 0.306532 0.305762 0.308154 0.311678 0.310875 0.314219 0.314668 0.314131 0.317593 0.310705 0.318426 0.302809 0.317635 0.297233 0.314432 0.292393
2 0.571647 0.297714 0.569080 0.303319 0.569221 0.310953 0.570843 0.316869 0.573564 0.319410 0.577357 0.319322 0.580282 0.315896 0.581115 0.308000 0.580324 0.302424 0.577120 0.297584
1 0.218123 0.562388 0.214491 0.566145 0.211952 0.572097 0.211274 0.578250 0.211515 0.587408 0.214367 0.592763 0.219088 0.595480 0.223405 0.594288 0.227145 0.590542 0.229246 0.582690 0.228659 0.575154 0.226736 0.569964 0.224347 0.564724 0.221626 0.562353
3 0.912489 0.546287 0.912402 0.426246 0.948013 0.424749 0.951223 0.275548 0.976349 0.277263 0.974071 0.476285 0.951928 0.475858 0.950953 0.546182
3 0.137271 0.526235 0.137886 0.403240 0.174870 0.403067 0.176791 0.258355 0.201827 0.258235 0.201616 0.456219 0.179123 0.455207 0.179438 0.525719
3 0.395884 0.531566 0.395875 0.409134 0.434567 0.407515 0.437478 0.262403 0.462831 0.259695 0.462237 0.461606 0.438549 0.462455 0.437470 0.531479
3 0.658295 0.535501 0.657358 0.416526 0.696198 0.415525 0.695829 0.264460 0.722091 0.265131 0.723876 0.469358 0.700999 0.467317 0.700288 0.536530
3 0.841086 0.474357 0.819758 0.472316 0.821894 0.271901 0.846702 0.273997 0.845997 0.423226 0.882084 0.423676 0.881546 0.544959 0.842074 0.544314
3 0.067959 0.453266 0.044826 0.453108 0.050554 0.258818 0.074221 0.259255 0.070057 0.404252 0.107862 0.403465 0.106155 0.525805 0.067521 0.523396
3 0.320890 0.458031 0.298476 0.457879 0.300503 0.257620 0.327866 0.257600 0.324783 0.405505 0.363783 0.409263 0.363033 0.529328 0.320778 0.529548
3 0.585336 0.536508 0.583799 0.466879 0.560527 0.465005 0.561799 0.264318 0.586882 0.264309 0.587230 0.413059 0.625981 0.413511 0.625721 0.536886
1 0.272629 0.563723 0.268427 0.568377 0.265016 0.576152 0.264777 0.585231 0.266932 0.593638 0.270875 0.598632 0.275647 0.599915 0.279475 0.597231 0.282408 0.593398 0.284729 0.587008 0.285217 0.579589 0.283864 0.573502 0.281475 0.568261 0.277981 0.564848
1 0.481161 0.567087 0.476959 0.571742 0.473548 0.579517 0.473309 0.588595 0.475464 0.597002 0.479407 0.601996 0.484178 0.603279 0.488007 0.600595 0.490940 0.596762 0.493261 0.590372 0.493749 0.582953 0.492396 0.576866 0.490007 0.571626 0.486513 0.568212
1 0.535353 0.571230 0.531151 0.575884 0.527740 0.583659 0.527501 0.592738 0.529657 0.601145 0.533600 0.606139 0.538371 0.607422 0.542199 0.604738 0.545132 0.600905 0.547453 0.594515 0.547941 0.587096 0.546588 0.581009 0.544200 0.575768 0.540706 0.572355
1 0.741618 0.576297 0.737417 0.580951 0.734005 0.588726 0.733766 0.597805 0.735922 0.606212 0.739865 0.611206 0.744636 0.612489 0.748464 0.609805 0.751398 0.605972 0.753718 0.599582 0.754207 0.592163 0.752854 0.586076 0.750465 0.580835 0.746971 0.577421
