1 0.279448 0.554732 0.283483 0.559833 0.286621 0.567963 0.286549 0.577051 0.284110 0.585209 0.280003 0.589766 0.275196 0.590531 0.271467 0.587437 0.268671 0.583294 0.266573 0.576664 0.266340 0.569206 0.267899 0.563277 0.270463 0.558305 0.274067 0.555276
2 0.955282 0.348155 0.957652 0.354028 0.957250 0.361632 0.955428 0.367361 0.952626 0.369603 0.948842 0.369105 0.946040 0.365368 0.945479 0.357397 0.946460 0.351917 0.949823 0.347433
2 0.201079 0.287687 0.203449 0.293560 0.203046 0.301164 0.201225 0.306894 0.198422 0.309136 0.194639 0.308638 0.191837 0.304901 0.191276 0.296930 0.192257 0.291449 0.195620 0.286965
2 0.710669 0.334363 0.713039 0.340235 0.712636 0.347840 0.710815 0.353569 0.708012 0.355811 0.704229 0.355313 0.701426 0.351576 0.700866 0.343605 0.701847 0.338124 0.705210 0.333640
2 0.453397 0.306106 0.455768 0.311978 0.455365 0.319582 0.453543 0.325312 0.450741 0.327554 0.446958 0.327056 0.444155 0.323319 0.443595 0.315348 0.444576 0.309867 0.447938 0.305383
1 0.787652 0.605011 0.791148 0.609155 0.793479 0.615370 0.793945 0.621585 0.793391 0.630700 0.790361 0.635737 0.785555 0.637937 0.781287 0.636280 0.777682 0.632136 0.775854 0.624071 0.776698 0.616613 0.778796 0.611641 0.781359 0.606669 0.784156 0.604597
3 0.111769 0.514473 0.115968 0.394664 0.080475 0.389314 0.081928 0.247301 0.058605 0.247099 0.052700 0.437934 0.074816 0.439905 0.073381 0.510204
3 0.868233 0.583176 0.871832 0.460342 0.836283 0.457778 0.842952 0.315545 0.818420 0.310296 0.808219 0.506323 0.828891 0.507748 0.828429 0.578095
3 0.616495 0.556782 0.620699 0.434578 0.582134 0.428773 0.586285 0.282164 0.561254 0.278813 0.552662 0.479768 0.576277 0.483180 0.574989 0.552193
3 0.362449 0.531333 0.365101 0.412680 0.327547 0.408524 0.332727 0.259715 0.307217 0.256735 0.299255 0.458212 0.322160 0.458653 0.320498 0.527814
3 0.184717 0.449229 0.206076 0.449501 0.210355 0.257290 0.186429 0.255084 0.181567 0.397661 0.145532 0.394203 0.141913 0.515319 0.181334 0.518949
3 0.936551 0.502378 0.961461 0.503918 0.964214 0.310982 0.936947 0.308050 0.936137 0.453228 0.898429 0.448350 0.895941 0.570647 0.934586 0.572425
3 0.693366 0.494411 0.716197 0.494267 0.719220 0.299805 0.693722 0.296822 0.690826 0.443174 0.653131 0.439476 0.649766 0.556981 0.691481 0.561775
3 0.433945 0.540885 0.435505 0.470503 0.458798 0.472201 0.461275 0.275539 0.436555 0.273863 0.435104 0.417460 0.393461 0.413716 0.392443 0.536890
1 0.734698 0.598439 0.738733 0.603540 0.741871 0.611670 0.741799 0.620757 0.739360 0.628915 0.735253 0.633473 0.730446 0.634237 0.726717 0.631144 0.723921 0.627000 0.721823 0.620371 0.721590 0.612913 0.723149 0.606983 0.725713 0.602011 0.729317 0.598982
1 0.533991 0.579461 0.538026 0.584562 0.541164 0.592692 0.541092 0.601779 0.538653 0.609937 0.534546 0.614495 0.529739 0.615259 0.526010 0.612166 0.523214 0.608022 0.521116 0.601393 0.520883 0.593935 0.522442 0.588005 0.525006 0.583033 0.528610 0.580004
1 0.479347 0.575715 0.483381 0.580816 0.486520 0.588946 0.486447 0.598033 0.484008 0.606191 0.479901 0.610749 0.475095 0.611513 0.471366 0.608420 0.468569 0.604276 0.466471 0.597647 0.466238 0.590189 0.467797 0.584259 0.470361 0.579287 0.473966 0.576258
1 0.226556 0.552007 0.230590 0.557108 0.233729 0.565238 0.233656 0.574325 0.231217 0.582483 0.227110 0.587041 0.222304 0.587805 0.218575 0.584712 0.215778 0.580568 0.213680 0.573939 0.213447 0.566481 0.215006 0.560551 0.217570 0.555579 0.221175 0.552550
