1 0.198466 0.543479 0.202501 0.548580 0.205639 0.556710 0.205567 0.565797 0.203127 0.573955 0.199020 0.578513 0.194214 0.579277 0.190485 0.576183 0.187688 0.572040 0.185591 0.565411 0.185358 0.557953 0.186917 0.552023 0.189480 0.547051 0.193085 0.544022
2 0.948025 0.337672 0.950395 0.343545 0.949992 0.351149 0.948171 0.356878 0.945368 0.359120 0.941585 0.358622 0.938783 0.354885 0.938222 0.346914 0.939203 0.341434 0.942566 0.336950
2 0.177346 0.270541 0.179716 0.276414 0.179314 0.284018 0.177492 0.289747 0.174690 0.291989 0.170907 0.291491 0.168104 0.287754 0.167544 0.279783 0.168524 0.274302 0.171887 0.269819
2 0.693667 0.313592 0.696037 0.319465 0.695635 0.327069 0.693813 0.332798 0.691011 0.335040 0.687228 0.334542 0.684425 0.330806 0.683865 0.322834 0.684846 0.317354 0.688208 0.312870
2 0.431288 0.291380 0.433658 0.297253 0.433256 0.304857 0.431434 0.310587 0.428632 0.312829 0.424849 0.312330 0.422046 0.308594 0.421486 0.300622 0.422466 0.295142 0.425829 0.290658
1 0.773969 0.592058 0.777465 0.596201 0.779795 0.602416 0.780262 0.608631 0.779707 0.617747 0.776677 0.622783 0.771871 0.624983 0.767604 0.623326 0.763999 0.619183 0.762171 0.611117 0.763015 0.603659 0.765112 0.598687 0.767676 0.593715 0.770473 0.591643
3 0.082563 0.501540 0.086762 0.381732 0.051269 0.376382 0.053176 0.227111 0.028038 0.226102 0.023494 0.425001 0.045610 0.426972 0.044175 0.497271
3 0.858209 0.565460 0.861809 0.442626 0.824899 0.438449 0.827939 0.293797 0.802954 0.290967 0.796381 0.488607 0.818868 0.490032 0.816137 0.560379
3 0.598713 0.540684 0.602917 0.418479 0.564352 0.412675 0.566417 0.267517 0.541205 0.262069 0.534881 0.463669 0.558495 0.467082 0.557208 0.536094
3 0.336655 0.517248 0.341666 0.398595 0.302933 0.393391 0.305527 0.243695 0.278702 0.241521 0.273461 0.444127 0.296366 0.444568 0.294705 0.513729
3 0.156888 0.435378 0.178246 0.435651 0.182979 0.235376 0.158146 0.234782 0.153738 0.383810 0.117702 0.380353 0.114084 0.501468 0.153505 0.505099
3 0.929891 0.498034 0.952987 0.500380 0.953926 0.305831 0.930288 0.303705 0.929477 0.448884 0.891769 0.444005 0.889281 0.566302 0.927927 0.568081
3 0.676677 0.477501 0.699055 0.479777 0.703892 0.279670 0.676580 0.276687 0.674591 0.424651 0.635535 0.424179 0.632170 0.544103 0.674339 0.548897
3 0.411803 0.527200 0.413363 0.455771 0.437246 0.458517 0.441673 0.257017 0.414867 0.253244 0.411783 0.403776 0.373088 0.398984 0.370890 0.522157
1 0.720697 0.587174 0.724732 0.592275 0.727870 0.600405 0.727798 0.609492 0.725359 0.617650 0.721252 0.622208 0.716446 0.622972 0.712716 0.619878 0.709920 0.615735 0.707822 0.609106 0.707589 0.601648 0.709148 0.595718 0.711712 0.590746 0.715316 0.587717
1 0.513558 0.571099 0.517592 0.576200 0.520731 0.584330 0.520658 0.593417 0.518219 0.601575 0.514112 0.606133 0.509306 0.606897 0.505577 0.603803 0.502780 0.599660 0.500682 0.593031 0.500449 0.585573 0.502008 0.579643 0.504572 0.574671 0.508177 0.571642
1 0.457555 0.565173 0.461589 0.570274 0.464728 0.578404 0.464656 0.587492 0.462216 0.595650 0.458109 0.600207 0.453303 0.600972 0.449574 0.597878 0.446777 0.593735 0.444680 0.587105 0.444447 0.579647 0.446006 0.573718 0.448569 0.568746 0.452174 0.565716
1 0.252678 0.545802 0.256713 0.550903 0.259851 0.559033 0.259779 0.568120 0.257340 0.576278 0.253233 0.580836 0.248426 0.581600 0.244697 0.578506 0.241901 0.574363 0.239803 0.567734 0.239570 0.560276 0.241129 0.554346 0.243693 0.549374 0.247297 0.546345
