1 0.220549 0.549768 0.224583 0.554869 0.227722 0.562999 0.227650 0.572087 0.225210 0.580245 0.221103 0.584802 0.216297 0.585567 0.212568 0.582473 0.209771 0.578330 0.207674 0.571700 0.207441 0.564242 0.209000 0.558313 0.211563 0.553341 0.215168 0.550312
2 0.949794 0.354445 0.952164 0.360317 0.951761 0.367921 0.949940 0.373651 0.947137 0.375893 0.943354 0.375395 0.940552 0.371658 0.939991 0.363687 0.940972 0.358206 0.944335 0.353722
2 0.197660 0.284168 0.200030 0.290041 0.199628 0.297645 0.197806 0.303375 0.195004 0.305617 0.191220 0.305118 0.188418 0.301382 0.187857 0.293410 0.188838 0.287930 0.192201 0.283446
2 0.704281 0.330365 0.706651 0.336237 0.706249 0.343842 0.704427 0.349571 0.701625 0.351813 0.697842 0.351315 0.695039 0.347578 0.694479 0.339607 0.695459 0.334126 0.698822 0.329642
2 0.449650 0.306780 0.452020 0.312653 0.451618 0.320257 0.449796 0.325986 0.446994 0.328228 0.443211 0.327730 0.440408 0.323993 0.439848 0.316022 0.440828 0.310541 0.444191 0.306058
1 0.782307 0.602216 0.785803 0.606359 0.788133 0.612574 0.788599 0.618789 0.788045 0.627904 0.785015 0.632941 0.780209 0.635141 0.775941 0.633484 0.772337 0.629341 0.770508 0.621275 0.771353 0.613817 0.773450 0.608845 0.776014 0.603873 0.778811 0.601801
3 0.108716 0.507712 0.112915 0.387903 0.077422 0.382553 0.079329 0.233282 0.054191 0.232273 0.049647 0.431173 0.071763 0.433143 0.070327 0.503442
3 0.865426 0.581184 0.869026 0.458351 0.832115 0.454173 0.835156 0.309522 0.810171 0.306692 0.803598 0.504331 0.826085 0.505756 0.823354 0.576103
3 0.611927 0.555360 0.616131 0.433155 0.577566 0.427351 0.580810 0.275903 0.554418 0.272552 0.548095 0.478345 0.571709 0.481758 0.570422 0.550770
3 0.358796 0.528129 0.361449 0.409476 0.323895 0.405320 0.325899 0.252480 0.300843 0.250306 0.295603 0.455009 0.318508 0.455449 0.316846 0.524610
3 0.181164 0.444163 0.202522 0.444435 0.207255 0.244161 0.182422 0.243567 0.178013 0.392595 0.141978 0.389138 0.138360 0.510253 0.177781 0.513883
3 0.935057 0.512710 0.958152 0.515056 0.959091 0.320507 0.935453 0.318381 0.934642 0.463560 0.896935 0.458681 0.894447 0.580978 0.933092 0.582757
3 0.688794 0.490479 0.711172 0.492754 0.716009 0.292647 0.688697 0.289665 0.686708 0.437629 0.647652 0.437157 0.644287 0.557081 0.686456 0.561875
3 0.430655 0.537683 0.432216 0.467302 0.455509 0.468999 0.459346 0.267499 0.433720 0.265823 0.431815 0.414258 0.390172 0.410515 0.389153 0.533689
1 0.729625 0.596283 0.733659 0.601384 0.736798 0.609514 0.736725 0.618602 0.734286 0.626760 0.730179 0.631317 0.725373 0.632082 0.721644 0.628988 0.718847 0.624845 0.716750 0.618215 0.716517 0.610757 0.718076 0.604828 0.720639 0.599856 0.724244 0.596827
1 0.528382 0.578112 0.532416 0.583213 0.535555 0.591343 0.535482 0.600430 0.533043 0.608588 0.528936 0.613146 0.524130 0.613910 0.520401 0.610816 0.517604 0.606673 0.515506 0.600044 0.515273 0.592586 0.516832 0.586656 0.519396 0.581684 0.523001 0.578655
1 0.474148 0.573560 0.478183 0.578660 0.481321 0.586790 0.481249 0.595878 0.478809 0.604036 0.474702 0.608594 0.469896 0.609358 0.466167 0.606264 0.463370 0.602121 0.461273 0.595492 0.461040 0.588033 0.462599 0.582104 0.465162 0.577132 0.468767 0.574103
1 0.273216 0.556285 0.277251 0.561386 0.280389 0.569515 0.280317 0.578603 0.277878 0.586761 0.273771 0.591319 0.268964 0.592083 0.265235 0.588989 0.262439 0.584846 0.260341 0.578217 0.260108 0.570758 0.261667 0.564829 0.264231 0.559857 0.267835 0.556828
