1 0.210090 0.559829 0.214124 0.564930 0.217263 0.573060 0.217190 0.582148 0.214751 0.590306 0.210644 0.594863 0.205838 0.595628 0.202109 0.592534 0.199312 0.588391 0.197215 0.581761 0.196981 0.574303 0.198540 0.568374 0.201104 0.563402 0.204709 0.560373
2 0.957617 0.335016 0.959987 0.340889 0.959585 0.348493 0.957763 0.354223 0.954961 0.356465 0.951178 0.355966 0.948375 0.352230 0.947815 0.344258 0.948795 0.338778 0.952158 0.334294
2 0.181637 0.288900 0.184007 0.294773 0.183604 0.302377 0.181783 0.308106 0.178980 0.310348 0.175197 0.309850 0.172394 0.306114 0.171834 0.298142 0.172815 0.292662 0.176178 0.288178
2 0.704634 0.316798 0.707004 0.322671 0.706602 0.330275 0.704780 0.336004 0.701978 0.338246 0.698194 0.337748 0.695392 0.334011 0.694831 0.326040 0.695812 0.320560 0.699175 0.316076
2 0.441925 0.300093 0.444295 0.305966 0.443893 0.313570 0.442071 0.319300 0.439269 0.321542 0.435485 0.321043 0.432683 0.317307 0.432122 0.309335 0.433103 0.303855 0.436466 0.299371
1 0.787099 0.595542 0.790595 0.599685 0.792926 0.605900 0.793392 0.612115 0.792838 0.621231 0.789808 0.626267 0.785002 0.628468 0.780734 0.626810 0.777129 0.622667 0.775301 0.614601 0.776145 0.607143 0.778243 0.602171 0.780806 0.597199 0.783603 0.595128
3 0.094096 0.521179 0.095870 0.399296 0.059994 0.393383 0.059541 0.249355 0.036379 0.247253 0.034358 0.445598 0.053578 0.449803 0.052001 0.517787
3 0.871191 0.566188 0.872965 0.444304 0.837090 0.442202 0.840923 0.294364 0.814904 0.292261 0.808596 0.490606 0.830673 0.494811 0.829096 0.562795
3 0.611332 0.550390 0.613106 0.428507 0.574373 0.426404 0.578207 0.276026 0.552187 0.272653 0.547308 0.474809 0.570814 0.479014 0.569237 0.546998
3 0.346999 0.535149 0.348773 0.413266 0.310039 0.411163 0.313873 0.260785 0.287854 0.257413 0.282975 0.459568 0.306481 0.463773 0.304904 0.531757
3 0.163940 0.522400 0.166247 0.453260 0.187191 0.453012 0.189596 0.255686 0.165306 0.255058 0.162124 0.401116 0.125706 0.401116 0.125063 0.520502 0.143491 0.522196
3 0.941417 0.568992 0.942846 0.500408 0.964993 0.499138 0.964993 0.306087 0.942846 0.304817 0.942132 0.447065 0.904268 0.447065 0.902839 0.566452 0.918799 0.567503
3 0.685736 0.554089 0.687164 0.485505 0.711156 0.483415 0.713922 0.285447 0.688548 0.284177 0.686450 0.432162 0.648586 0.432162 0.645774 0.551549 0.663117 0.552600
3 0.421267 0.537453 0.422696 0.468869 0.446687 0.466779 0.449453 0.268810 0.424079 0.267540 0.421981 0.415526 0.384117 0.415526 0.381305 0.534913 0.398648 0.535963
1 0.732402 0.591771 0.736437 0.596872 0.739575 0.605002 0.739503 0.614089 0.737063 0.622247 0.732956 0.626805 0.728150 0.627569 0.724421 0.624475 0.721624 0.620332 0.719527 0.613703 0.719294 0.606245 0.720853 0.600315 0.723416 0.595343 0.727021 0.592314
1 0.526386 0.580745 0.530421 0.585846 0.533560 0.593976 0.533487 0.603063 0.531048 0.611221 0.526941 0.615779 0.522135 0.616543 0.518406 0.613450 0.515609 0.609306 0.513511 0.602677 0.513278 0.595219 0.514837 0.589289 0.517401 0.584317 0.521006 0.581288
1 0.470569 0.577070 0.474604 0.582171 0.477742 0.590301 0.477670 0.599388 0.475231 0.607546 0.471124 0.612104 0.466318 0.612868 0.462589 0.609775 0.459792 0.605631 0.457694 0.599002 0.457461 0.591544 0.459020 0.585614 0.461584 0.580642 0.465188 0.577613
1 0.263445 0.564207 0.267479 0.569308 0.270618 0.577438 0.270545 0.586525 0.268106 0.594683 0.263999 0.599241 0.259193 0.600005 0.255464 0.596911 0.252667 0.592768 0.250569 0.586139 0.250336 0.578681 0.251895 0.572751 0.254459 0.567779 0.258064 0.564750
