1 0.774703 0.583347 0.770669 0.588448 0.767530 0.596578 0.767603 0.605665 0.770042 0.613823 0.774149 0.618381 0.778955 0.619145 0.782684 0.616052 0.785481 0.611908 0.787579 0.605279 0.787812 0.597821 0.786253 0.591891 0.783689 0.586919 0.780084 0.583890
2 0.029020 0.335858 0.026650 0.341731 0.027052 0.349335 0.028874 0.355065 0.031676 0.357307 0.035460 0.356809 0.038262 0.353072 0.038822 0.345101 0.037842 0.339620 0.034479 0.335136
2 0.805039 0.311438 0.802669 0.317311 0.803071 0.324915 0.804893 0.330644 0.807695 0.332886 0.811478 0.332388 0.814281 0.328651 0.814841 0.320680 0.813860 0.315200 0.810498 0.310716
2 0.281201 0.321905 0.278831 0.327778 0.279234 0.335382 0.281055 0.341111 0.283858 0.343353 0.287641 0.342855 0.290443 0.339118 0.291004 0.331147 0.290023 0.325667 0.286660 0.321183
2 0.545087 0.315680 0.542717 0.321552 0.543119 0.329157 0.544941 0.334886 0.547744 0.337128 0.551527 0.336630 0.554329 0.332893 0.554890 0.324922 0.553909 0.319441 0.550546 0.314957
1 0.197104 0.600409 0.193608 0.604552 0.191278 0.610767 0.190812 0.616982 0.191366 0.626098 0.194396 0.631134 0.199202 0.633335 0.203470 0.631677 0.207074 0.627534 0.208903 0.619468 0.208058 0.612010 0.205961 0.607038 0.203397 0.602066 0.200600 0.599995
3 0.888841 0.544464 0.890151 0.421775 0.926616 0.420458 0.925209 0.277317 0.949551 0.275940 0.950619 0.471383 0.929359 0.472201 0.928849 0.543652
3 0.114477 0.563068 0.113629 0.443580 0.149841 0.442076 0.146512 0.293939 0.172195 0.291686 0.176988 0.491378 0.153563 0.494087 0.155477 0.562521
3 0.372442 0.556251 0.371005 0.434667 0.409570 0.431964 0.408262 0.283084 0.433018 0.281358 0.435521 0.392076 0.437646 0.486060 0.414729 0.486371 0.414537 0.557052
3 0.636054 0.549335 0.634532 0.428200 0.673266 0.426098 0.671453 0.275720 0.697556 0.274743 0.701342 0.478844 0.675645 0.479756 0.677307 0.549537
3 0.818788 0.477206 0.795484 0.474861 0.794758 0.274954 0.820680 0.275617 0.822910 0.425061 0.859918 0.425061 0.859971 0.544448 0.817957 0.544045
3 0.041642 0.496014 0.022276 0.497740 0.021264 0.303191 0.046190 0.303118 0.045894 0.446864 0.083253 0.444466 0.083672 0.566100 0.042103 0.566253
3 0.296482 0.486646 0.273755 0.488301 0.273429 0.289435 0.298382 0.288313 0.299133 0.435849 0.337840 0.433901 0.338547 0.558830 0.297449 0.558234
3 0.559644 0.552290 0.559563 0.482957 0.535572 0.482365 0.536595 0.280053 0.561632 0.280430 0.562888 0.428865 0.601931 0.429463 0.601711 0.551396
1 0.251087 0.597066 0.247053 0.602167 0.243914 0.610297 0.243987 0.619384 0.246426 0.627542 0.250533 0.632100 0.255339 0.632864 0.259068 0.629771 0.261865 0.625627 0.263963 0.618998 0.264196 0.611540 0.262637 0.605610 0.260073 0.600638 0.256468 0.597609
1 0.458224 0.592183 0.454189 0.597284 0.451051 0.605414 0.451123 0.614502 0.453563 0.622660 0.457670 0.627217 0.462476 0.627982 0.466205 0.624888 0.469002 0.620745 0.471099 0.614115 0.471332 0.606657 0.469773 0.600728 0.467210 0.595756 0.463605 0.592727
1 0.513045 0.587712 0.509010 0.592812 0.505872 0.600942 0.505944 0.610030 0.508383 0.618188 0.512490 0.622745 0.517296 0.623510 0.521025 0.620416 0.523822 0.616273 0.525920 0.609643 0.526153 0.602185 0.524594 0.596256 0.522030 0.591284 0.518426 0.588255
1 0.718334 0.583486 0.714299 0.588587 0.711161 0.596717 0.711233 0.605804 0.713673 0.613962 0.717780 0.618520 0.722586 0.619284 0.726315 0.616191 0.729112 0.612048 0.731209 0.605418 0.731442 0.597960 0.729883 0.592031 0.727319 0.587058 0.723715 0.584029
