1 0.713061 0.624020 0.708564 0.627699 0.704630 0.634650 0.703751 0.643603 0.705295 0.652425 0.708854 0.658260 0.713497 0.660599 0.717484 0.658792 0.720665 0.655644 0.723420 0.649824 0.724428 0.642573 0.723516 0.636231 0.721517 0.630499 0.718292 0.626331
2 0.068525 0.200372 0.065582 0.205359 0.065182 0.212964 0.066373 0.219195 0.068892 0.222324 0.072662 0.223084 0.075806 0.220339 0.077190 0.212691 0.076799 0.206983 0.073964 0.201466
2 0.815866 0.385422 0.812923 0.390410 0.812524 0.398014 0.813715 0.404246 0.816234 0.407375 0.820004 0.408135 0.823148 0.405390 0.824532 0.397742 0.824141 0.392033 0.821305 0.386517
2 0.312677 0.262333 0.309734 0.267320 0.309335 0.274925 0.310526 0.281156 0.313045 0.284285 0.316815 0.285046 0.319959 0.282300 0.321343 0.274653 0.320952 0.268944 0.318117 0.263427
2 0.566018 0.320152 0.563075 0.325139 0.562676 0.332744 0.563867 0.338975 0.566386 0.342104 0.570156 0.342864 0.573300 0.340119 0.574684 0.332472 0.574293 0.326763 0.571457 0.321246
1 0.208456 0.505508 0.204587 0.508424 0.201648 0.513761 0.200540 0.519714 0.200132 0.528853 0.202582 0.534803 0.207075 0.538553 0.211441 0.538335 0.215416 0.535455 0.218056 0.528134 0.218006 0.520527 0.216465 0.514948 0.214465 0.509216 0.211934 0.506256
3 0.879586 0.633495 0.887985 0.514386 0.923418 0.520857 0.936837 0.380838 0.959776 0.388345 0.945627 0.577807 0.923690 0.572436 0.917751 0.641984
3 0.130951 0.455836 0.140256 0.333953 0.175454 0.343179 0.183770 0.201221 0.208423 0.204169 0.197953 0.400151 0.177492 0.394721 0.170593 0.463995
3 0.380309 0.512825 0.388954 0.391361 0.427454 0.398400 0.438702 0.252973 0.463647 0.257951 0.451081 0.458243 0.427521 0.453794 0.421571 0.522030
3 0.634096 0.572265 0.643894 0.454803 0.681228 0.463128 0.691696 0.315200 0.717073 0.320700 0.703833 0.521298 0.681281 0.514163 0.675683 0.582668
3 0.816846 0.547384 0.795831 0.540594 0.811721 0.350318 0.835461 0.356056 0.825333 0.497755 0.861101 0.506264 0.851995 0.626465 0.812881 0.617007
3 0.068913 0.368556 0.044276 0.361839 0.061741 0.171354 0.088840 0.177482 0.074459 0.320399 0.112020 0.328064 0.101679 0.449053 0.063521 0.438032
3 0.313700 0.425562 0.291281 0.417878 0.308641 0.225805 0.334006 0.231299 0.321552 0.376057 0.358977 0.384879 0.349999 0.501448 0.308509 0.492376
3 0.560587 0.557268 0.566412 0.487597 0.543347 0.481568 0.561474 0.287515 0.585937 0.294035 0.572351 0.435610 0.613660 0.445691 0.601784 0.567055
1 0.261459 0.513868 0.256961 0.517547 0.253028 0.524499 0.252149 0.533452 0.253693 0.542274 0.257252 0.548109 0.261894 0.550448 0.265882 0.548640 0.269063 0.545493 0.271817 0.539672 0.272826 0.532421 0.271914 0.526080 0.269915 0.520347 0.266689 0.516180
1 0.460368 0.564214 0.455871 0.567893 0.451937 0.574845 0.451058 0.583798 0.452602 0.592619 0.456161 0.598455 0.460804 0.600794 0.464791 0.598986 0.467972 0.595839 0.470726 0.590018 0.471735 0.582767 0.470823 0.576426 0.468824 0.570693 0.465599 0.566526
1 0.514737 0.575911 0.510240 0.579590 0.506306 0.586541 0.505427 0.595494 0.506971 0.604316 0.510530 0.610151 0.515173 0.612490 0.519160 0.610683 0.522341 0.607536 0.525095 0.601715 0.526104 0.594464 0.525192 0.588122 0.523193 0.582390 0.519968 0.578222
1 0.765602 0.636140 0.761105 0.639819 0.757171 0.646770 0.756292 0.655723 0.757836 0.664545 0.761395 0.670380 0.766038 0.672719 0.770025 0.670912 0.773206 0.667765 0.775960 0.661944 0.776969 0.654693 0.776057 0.648351 0.774058 0.642619 0.770833 0.638451
