1 0.783599 0.674868 0.778976 0.678017 0.774796 0.684496 0.773590 0.693328 0.774807 0.702311 0.778144 0.708547 0.782690 0.711420 0.786736 0.710079 0.790026 0.707308 0.792988 0.701819 0.794261 0.694700 0.793583 0.688267 0.791799 0.682314 0.788734 0.677782
2 0.085949 0.143697 0.082829 0.148332 0.082151 0.155874 0.083111 0.162230 0.085510 0.165645 0.089243 0.166842 0.092481 0.164467 0.094143 0.156997 0.093963 0.151254 0.091336 0.145420
2 0.844659 0.420989 0.841539 0.425624 0.840861 0.433166 0.841820 0.439523 0.844219 0.442937 0.847953 0.444134 0.851191 0.441759 0.852853 0.434289 0.852673 0.428547 0.850046 0.422712
2 0.334640 0.231717 0.331521 0.236352 0.330843 0.243894 0.331802 0.250251 0.334201 0.253665 0.337935 0.254862 0.341173 0.252487 0.342835 0.245017 0.342655 0.239275 0.340028 0.233441
2 0.591980 0.325630 0.588860 0.330265 0.588182 0.337807 0.589141 0.344164 0.591540 0.347578 0.595274 0.348775 0.598512 0.346400 0.600174 0.338930 0.599994 0.333188 0.597367 0.327353
1 0.218629 0.468286 0.214662 0.470747 0.211532 0.475731 0.210208 0.481542 0.209465 0.490615 0.211692 0.496836 0.216037 0.501100 0.220402 0.501389 0.224474 0.498977 0.227377 0.491978 0.227607 0.484381 0.226274 0.478636 0.224490 0.472683 0.222072 0.469436
3 0.900009 0.684906 0.912766 0.567027 0.947886 0.577597 0.966999 0.432206 0.991483 0.442384 0.967955 0.637004 0.946263 0.629097 0.937782 0.697808
3 0.141084 0.403116 0.154846 0.282574 0.191174 0.294908 0.208541 0.153487 0.233132 0.161834 0.211746 0.356134 0.189771 0.347535 0.182538 0.416866
3 0.394408 0.495788 0.407496 0.375587 0.445655 0.387080 0.464037 0.245601 0.489217 0.251514 0.467033 0.449539 0.443687 0.442364 0.435244 0.509763
3 0.651608 0.588373 0.663416 0.471253 0.701654 0.483402 0.717453 0.334970 0.743163 0.344508 0.723068 0.545611 0.700826 0.535873 0.692724 0.603582
3 0.837604 0.590148 0.816883 0.580933 0.840421 0.384898 0.864551 0.395343 0.847895 0.541610 0.883275 0.554254 0.869773 0.673140 0.831090 0.659162
3 0.080844 0.308044 0.058150 0.300067 0.084558 0.111260 0.107747 0.119691 0.088147 0.260634 0.125346 0.272643 0.110583 0.392174 0.072911 0.376746
3 0.328649 0.398239 0.306660 0.390512 0.330074 0.194593 0.356939 0.203825 0.338090 0.347988 0.375976 0.364863 0.362396 0.482484 0.320888 0.468413
3 0.579873 0.564694 0.585813 0.495817 0.563166 0.486108 0.585884 0.289514 0.610510 0.297986 0.594939 0.444138 0.632934 0.457685 0.619480 0.578720
1 0.272189 0.486705 0.267566 0.489854 0.263385 0.496334 0.262179 0.505166 0.263396 0.514148 0.266733 0.520384 0.271279 0.523257 0.275325 0.521916 0.278615 0.519145 0.281577 0.513656 0.282850 0.506538 0.282173 0.500104 0.280388 0.494152 0.277323 0.489619
1 0.474328 0.559493 0.469705 0.562642 0.465524 0.569122 0.464318 0.577954 0.465535 0.586936 0.468872 0.593172 0.473419 0.596045 0.477464 0.594704 0.480754 0.591933 0.483716 0.586444 0.484989 0.579326 0.484312 0.572892 0.482527 0.566940 0.479462 0.562407
1 0.527088 0.581883 0.522465 0.585032 0.518284 0.591512 0.517078 0.600344 0.518295 0.609326 0.521632 0.615562 0.526179 0.618435 0.530224 0.617094 0.533514 0.614323 0.536476 0.608834 0.537749 0.601716 0.537072 0.595282 0.535288 0.589330 0.532222 0.584797
1 0.729046 0.656596 0.724423 0.659745 0.720243 0.666225 0.719037 0.675057 0.720253 0.684039 0.723590 0.690275 0.728137 0.693148 0.732183 0.691808 0.735473 0.689036 0.738435 0.683548 0.739708 0.676429 0.739030 0.669996 0.737246 0.664043 0.734181 0.659510
