1 0.226370 0.546552 0.230404 0.551653 0.233543 0.559783 0.233470 0.568870 0.231031 0.577028 0.226924 0.581586 0.222118 0.582350 0.218389 0.579257 0.215592 0.575113 0.213494 0.568484 0.213261 0.561026 0.214820 0.555096 0.217384 0.550124 0.220989 0.547095
2 0.966533 0.262930 0.968903 0.268803 0.968501 0.276407 0.966679 0.282136 0.963877 0.284378 0.960093 0.283880 0.957291 0.280143 0.956730 0.272172 0.957711 0.266692 0.961074 0.262208
2 0.191378 0.279489 0.193748 0.285362 0.193346 0.292966 0.191524 0.298696 0.188722 0.300938 0.184938 0.300439 0.182136 0.296703 0.181575 0.288731 0.182556 0.283251 0.185919 0.278767
2 0.715194 0.264093 0.717564 0.269966 0.717162 0.277570 0.715340 0.283299 0.712538 0.285541 0.708755 0.285043 0.705952 0.281306 0.705392 0.273335 0.706372 0.267855 0.709735 0.263371
2 0.451115 0.269717 0.453486 0.275590 0.453083 0.283194 0.451262 0.288923 0.448459 0.291165 0.444676 0.290667 0.441873 0.286930 0.441313 0.278959 0.442294 0.273479 0.445657 0.268995
1 0.804735 0.535813 0.808231 0.539957 0.810562 0.546172 0.811028 0.552387 0.810474 0.561502 0.807444 0.566539 0.802638 0.568739 0.798370 0.567082 0.794765 0.562939 0.792937 0.554873 0.793781 0.547415 0.795879 0.542443 0.798443 0.537471 0.801239 0.535399
3 0.110553 0.515869 0.108788 0.393985 0.072323 0.397507 0.070101 0.250334 0.045760 0.251377 0.047866 0.447625 0.070034 0.447637 0.069637 0.516669
3 0.885290 0.494904 0.885294 0.376166 0.848239 0.376160 0.847356 0.227273 0.822516 0.227267 0.821949 0.340716 0.821515 0.427709 0.845361 0.426673 0.845553 0.493608
3 0.628091 0.498710 0.628685 0.377875 0.590542 0.378917 0.588479 0.228539 0.562459 0.228311 0.562887 0.431514 0.585804 0.432575 0.585996 0.499510
3 0.363941 0.507579 0.363356 0.385696 0.324623 0.383594 0.324329 0.233215 0.296540 0.232987 0.296968 0.439336 0.322243 0.437251 0.321846 0.506284
3 0.179526 0.446680 0.202829 0.444335 0.199927 0.242816 0.174458 0.244285 0.175403 0.394535 0.138396 0.394535 0.138343 0.513922 0.180357 0.513519
3 0.955175 0.428193 0.976551 0.424504 0.972831 0.231453 0.949006 0.232764 0.952283 0.375012 0.915281 0.377914 0.916937 0.500527 0.954714 0.498433
3 0.702442 0.431216 0.726433 0.429126 0.722123 0.228012 0.696749 0.229887 0.699369 0.378921 0.661505 0.379969 0.661641 0.500404 0.703160 0.498310
3 0.439853 0.504351 0.439513 0.435767 0.463504 0.433677 0.460374 0.233612 0.433231 0.235487 0.434082 0.382424 0.395038 0.384520 0.396943 0.504955
1 0.750752 0.536014 0.754787 0.541115 0.757925 0.549245 0.757853 0.558332 0.755414 0.566490 0.751307 0.571048 0.746501 0.571812 0.742772 0.568719 0.739975 0.564575 0.737877 0.557946 0.737644 0.550488 0.739203 0.544558 0.741767 0.539586 0.745371 0.536557
1 0.543846 0.540398 0.547880 0.545499 0.551019 0.553629 0.550946 0.562716 0.548507 0.570874 0.544400 0.575432 0.539594 0.576196 0.535865 0.573103 0.533068 0.568959 0.530970 0.562330 0.530737 0.554872 0.532296 0.548942 0.534860 0.543970 0.538465 0.540941
1 0.488029 0.541650 0.492063 0.546751 0.495202 0.554881 0.495129 0.563968 0.492690 0.572126 0.488583 0.576684 0.483777 0.577448 0.480048 0.574354 0.477251 0.570211 0.475153 0.563582 0.474920 0.556124 0.476479 0.550194 0.479043 0.545222 0.482648 0.542193
1 0.280976 0.545874 0.285011 0.550975 0.288149 0.559105 0.288077 0.568192 0.285638 0.576350 0.281531 0.580908 0.276724 0.581672 0.272995 0.578578 0.270199 0.574435 0.268101 0.567806 0.267868 0.560348 0.269427 0.554418 0.271991 0.549446 0.275595 0.546417
