2 0.021048 0.277395 0.018677 0.283268 0.019080 0.290872 0.020902 0.296602 0.023704 0.298844 0.027487 0.298346 0.030290 0.294609 0.030850 0.286638 0.029869 0.281157 0.026506 0.276673
2 0.795073 0.297265 0.792703 0.303138 0.793106 0.310742 0.794927 0.316471 0.797730 0.318713 0.801513 0.318215 0.804316 0.314479 0.804876 0.306507 0.803895 0.301027 0.800532 0.296543
2 0.273229 0.277615 0.270859 0.283488 0.271261 0.291092 0.273083 0.296821 0.275886 0.299063 0.279669 0.298565 0.282471 0.294828 0.283032 0.286857 0.282051 0.281377 0.278688 0.276893
2 0.536118 0.283791 0.533748 0.289664 0.534151 0.297268 0.535972 0.302997 0.538775 0.305239 0.542558 0.304741 0.545360 0.301004 0.545921 0.293033 0.544940 0.287553 0.541577 0.283069
1 0.182157 0.545489 0.178661 0.549633 0.176330 0.555848 0.175864 0.562063 0.176418 0.571178 0.179448 0.576215 0.184254 0.578415 0.188522 0.576758 0.192126 0.572614 0.193955 0.564549 0.193111 0.557091 0.191013 0.552119 0.188449 0.547147 0.185652 0.545075
3 0.878408 0.531562 0.879719 0.412098 0.916184 0.413201 0.919313 0.270060 0.945015 0.273521 0.940187 0.466544 0.917566 0.466556 0.916602 0.532363
3 0.102608 0.506535 0.102667 0.388660 0.138880 0.387156 0.138629 0.241279 0.163954 0.239991 0.165572 0.439684 0.142601 0.439167 0.143155 0.508408
3 0.360195 0.515126 0.360572 0.393542 0.399137 0.393258 0.400097 0.244378 0.425307 0.243458 0.424945 0.446547 0.401575 0.446859 0.401383 0.515927
3 0.622900 0.524337 0.624100 0.401590 0.662833 0.402713 0.665556 0.252335 0.690752 0.252164 0.687734 0.455459 0.663852 0.454758 0.663699 0.524539
3 0.806087 0.461078 0.784598 0.459540 0.788861 0.262052 0.813423 0.264328 0.811117 0.408934 0.847671 0.412159 0.846363 0.530740 0.806164 0.531143
3 0.029683 0.435779 0.010771 0.435086 0.013388 0.242150 0.039221 0.243690 0.035750 0.386629 0.072656 0.387457 0.071714 0.505865 0.030144 0.506019
3 0.285596 0.443101 0.261961 0.441531 0.265265 0.242665 0.291125 0.243963 0.287794 0.393111 0.326500 0.391970 0.325846 0.513673 0.284295 0.513077
3 0.547851 0.521648 0.548677 0.451508 0.524685 0.449304 0.528431 0.248604 0.553921 0.251400 0.551548 0.399029 0.590138 0.400434 0.588557 0.521561
1 0.236139 0.545690 0.232105 0.550790 0.228966 0.558920 0.229039 0.568008 0.231478 0.576166 0.235585 0.580723 0.240391 0.581488 0.244120 0.578394 0.246917 0.574251 0.249015 0.567621 0.249248 0.560163 0.247689 0.554234 0.245125 0.549262 0.241520 0.546233
1 0.442280 0.554980 0.438245 0.560081 0.435107 0.568211 0.435179 0.577298 0.437618 0.585456 0.441725 0.590014 0.446531 0.590778 0.450260 0.587684 0.453057 0.583541 0.455155 0.576912 0.455388 0.569454 0.453829 0.563524 0.451265 0.558552 0.447661 0.555523
1 0.499093 0.557594 0.495059 0.562695 0.491920 0.570825 0.491993 0.579913 0.494432 0.588070 0.498539 0.592628 0.503345 0.593392 0.507074 0.590299 0.509871 0.586156 0.511968 0.579526 0.512201 0.572068 0.510642 0.566139 0.508079 0.561167 0.504474 0.558137
1 0.705379 0.563999 0.701344 0.569099 0.698206 0.577229 0.698278 0.586317 0.700718 0.594475 0.704825 0.599033 0.709631 0.599797 0.713360 0.596703 0.716157 0.592560 0.718254 0.585930 0.718487 0.578472 0.716928 0.572543 0.714365 0.567571 0.710760 0.564542
1 0.758759 0.563859 0.754724 0.568960 0.751586 0.577090 0.751658 0.586177 0.754098 0.594335 0.758205 0.598893 0.763011 0.599657 0.766740 0.596564 0.769537 0.592420 0.771634 0.585791 0.771867 0.578333 0.770308 0.572404 0.767745 0.567431 0.764140 0.564402
