1 0.723057 0.540044 0.719107 0.545350 0.716101 0.553637 0.716321 0.562717 0.718892 0.570747 0.723071 0.575092 0.727888 0.575610 0.731565 0.572326 0.734293 0.568041 0.736283 0.561307 0.736395 0.553840 0.734740 0.547993 0.732097 0.543155 0.728445 0.540311
2 0.042444 0.371556 0.040171 0.377548 0.040696 0.385128 0.042610 0.390762 0.045448 0.392859 0.049221 0.392167 0.051962 0.388289 0.052393 0.380292 0.051324 0.374864 0.047889 0.370554
2 0.794742 0.267849 0.792468 0.273841 0.792994 0.281421 0.794907 0.287055 0.797745 0.289152 0.801519 0.288460 0.804259 0.284581 0.804690 0.276585 0.803621 0.271157 0.800187 0.266847
2 0.288398 0.339146 0.286124 0.345138 0.286649 0.352719 0.288563 0.358352 0.291401 0.360450 0.295174 0.359758 0.297915 0.355879 0.298346 0.347882 0.297277 0.342454 0.293842 0.338145
2 0.542827 0.299193 0.540553 0.305185 0.541079 0.312765 0.542992 0.318399 0.545830 0.320497 0.549604 0.319805 0.552344 0.315926 0.552775 0.307929 0.551706 0.302501 0.548272 0.298192
1 0.215880 0.616353 0.212453 0.620674 0.210224 0.627006 0.209859 0.633242 0.210561 0.642326 0.213671 0.647205 0.218511 0.649158 0.222750 0.647282 0.226286 0.642956 0.227982 0.634800 0.227018 0.627388 0.224840 0.622526 0.222197 0.617687 0.219368 0.615760
3 0.886861 0.485915 0.880720 0.366371 0.916111 0.359204 0.912355 0.217324 0.935666 0.215926 0.944664 0.406380 0.922589 0.409483 0.925163 0.479680
3 0.134191 0.597334 0.128600 0.474737 0.164093 0.470351 0.155120 0.328519 0.179556 0.322015 0.192932 0.517437 0.172292 0.519921 0.173895 0.590215
3 0.384629 0.558087 0.378445 0.436149 0.416900 0.428370 0.410372 0.282034 0.435339 0.277401 0.447186 0.477832 0.423637 0.482454 0.426043 0.551372
3 0.639690 0.519547 0.635114 0.401079 0.672585 0.395000 0.664994 0.246519 0.690445 0.242232 0.701671 0.443218 0.678783 0.444832 0.681565 0.513879
3 0.815205 0.425681 0.793860 0.427048 0.786465 0.235137 0.810345 0.231705 0.817518 0.373973 0.853482 0.368670 0.859063 0.489550 0.819717 0.495199
3 0.063080 0.535692 0.038205 0.538508 0.032324 0.345794 0.059532 0.341464 0.062697 0.486542 0.100310 0.479732 0.104780 0.601851 0.066180 0.605609
3 0.309055 0.498202 0.286231 0.499229 0.280056 0.305002 0.305494 0.300714 0.310763 0.446856 0.348383 0.441228 0.353652 0.558511 0.312032 0.565442
3 0.566080 0.532878 0.563378 0.462606 0.540122 0.465496 0.534457 0.269043 0.559139 0.266100 0.562919 0.409563 0.604483 0.403687 0.607499 0.526757
1 0.268661 0.604345 0.264711 0.609650 0.261706 0.617938 0.261925 0.627018 0.264496 0.635047 0.268675 0.639392 0.273492 0.639910 0.277169 0.636627 0.279898 0.632342 0.281887 0.625607 0.281999 0.618141 0.280344 0.612293 0.277701 0.607455 0.274049 0.604612
1 0.469021 0.577811 0.465071 0.583116 0.462066 0.591404 0.462285 0.600484 0.464856 0.608513 0.469035 0.612858 0.473852 0.613376 0.477529 0.610093 0.480257 0.605808 0.482247 0.599073 0.482359 0.591606 0.480704 0.585759 0.478061 0.580921 0.474409 0.578078
1 0.523538 0.568541 0.519588 0.573846 0.516583 0.582134 0.516802 0.591214 0.519373 0.599243 0.523552 0.603589 0.528369 0.604106 0.532046 0.600823 0.534774 0.596538 0.536764 0.589804 0.536876 0.582337 0.535221 0.576490 0.532578 0.571651 0.528926 0.568808
1 0.775839 0.531884 0.771889 0.537190 0.768884 0.545477 0.769104 0.554557 0.771674 0.562587 0.775853 0.566932 0.780670 0.567450 0.784347 0.564166 0.787076 0.559881 0.789065 0.553147 0.789177 0.545680 0.787522 0.539833 0.784879 0.534994 0.781227 0.532151
