1 0.795659 0.407800 0.792479 0.414546 0.790597 0.423821 0.791958 0.432582 0.795476 0.439381 0.800098 0.441948 0.804857 0.440530 0.808026 0.435863 0.810143 0.430599 0.811232 0.423243 0.810398 0.415922 0.808048 0.410884 0.804861 0.407223 0.800943 0.405910
2 0.040732 0.546342 0.039272 0.553089 0.040742 0.560266 0.043318 0.564992 0.046348 0.565904 0.049938 0.563724 0.052119 0.558850 0.051529 0.550886 0.049802 0.546023 0.045911 0.543194
2 0.779619 0.133165 0.778159 0.139911 0.779629 0.147088 0.782205 0.151815 0.785235 0.152726 0.788825 0.150546 0.791006 0.145673 0.790416 0.137708 0.788689 0.132846 0.784798 0.130016
2 0.282141 0.408401 0.280682 0.415147 0.282151 0.422324 0.284727 0.427051 0.287757 0.427962 0.291347 0.425782 0.293528 0.420909 0.292939 0.412944 0.291211 0.408082 0.287321 0.405252
2 0.532719 0.268138 0.531259 0.274884 0.532728 0.282061 0.535305 0.286788 0.538335 0.287699 0.541925 0.285519 0.544106 0.280646 0.543516 0.272681 0.541789 0.267818 0.537898 0.264989
1 0.245423 0.715386 0.242628 0.720964 0.241256 0.728024 0.241687 0.734247 0.243518 0.742818 0.247165 0.746332 0.252128 0.746304 0.256022 0.742785 0.258921 0.737158 0.259545 0.728533 0.257669 0.721695 0.254934 0.717826 0.251747 0.714165 0.248747 0.713416
3 0.900141 0.315996 0.879064 0.201952 0.912648 0.180847 0.889606 0.037266 0.913786 0.025008 0.946428 0.215426 0.925308 0.227258 0.936679 0.294636
3 0.159836 0.725428 0.138910 0.608189 0.174032 0.587581 0.150549 0.448980 0.174323 0.435028 0.208748 0.623316 0.187192 0.634787 0.199824 0.701630
3 0.406565 0.587550 0.385144 0.471191 0.421635 0.448266 0.399024 0.308736 0.422647 0.292150 0.457394 0.484382 0.435029 0.498282 0.446074 0.564481
3 0.656658 0.446247 0.634960 0.333686 0.671700 0.311267 0.644931 0.167893 0.670008 0.154014 0.707422 0.347133 0.685321 0.357839 0.696750 0.424014
3 0.819696 0.287098 0.799068 0.296947 0.766049 0.105284 0.789993 0.093564 0.815422 0.235787 0.849799 0.216269 0.870499 0.331837 0.832870 0.353042
3 0.081199 0.694386 0.059184 0.707022 0.030649 0.519196 0.053220 0.506529 0.074620 0.646642 0.110414 0.624998 0.130188 0.742217 0.093047 0.761282
3 0.322427 0.559111 0.301097 0.571356 0.268001 0.379901 0.294005 0.364758 0.316941 0.507036 0.354665 0.489052 0.374951 0.603581 0.334828 0.627145
3 0.587492 0.487530 0.573854 0.422202 0.551407 0.433284 0.517518 0.241841 0.541357 0.227968 0.567702 0.369153 0.604611 0.348164 0.625941 0.465568
1 0.297267 0.685208 0.294088 0.691954 0.292205 0.701230 0.293566 0.709990 0.297085 0.716789 0.301706 0.719356 0.306465 0.717939 0.309634 0.713272 0.311752 0.708007 0.312840 0.700651 0.312006 0.693330 0.309656 0.688292 0.306469 0.684632 0.302551 0.683319
1 0.493827 0.574175 0.490648 0.580921 0.488765 0.590197 0.490126 0.598957 0.493645 0.605756 0.498266 0.608323 0.503025 0.606906 0.506194 0.602239 0.508312 0.596974 0.509400 0.589618 0.508566 0.582297 0.506216 0.577259 0.503029 0.573599 0.499111 0.572286
1 0.546058 0.548159 0.542879 0.554905 0.540996 0.564180 0.542357 0.572941 0.545876 0.579740 0.550497 0.582307 0.555256 0.580889 0.558425 0.576222 0.560543 0.570958 0.561631 0.563602 0.560797 0.556281 0.558447 0.551243 0.555260 0.547582 0.551342 0.546269
1 0.742987 0.438965 0.739807 0.445711 0.737925 0.454986 0.739286 0.463747 0.742804 0.470546 0.747425 0.473113 0.752185 0.471695 0.755353 0.467028 0.757471 0.461764 0.758560 0.454408 0.757726 0.447087 0.755375 0.442049 0.752189 0.438388 0.748271 0.437075
