1 0.797882 0.608484 0.793521 0.612652 0.789838 0.620024 0.789273 0.629057 0.791122 0.637691 0.794878 0.643123 0.799593 0.644945 0.803510 0.642701 0.806575 0.639209 0.809121 0.633095 0.809874 0.625747 0.808743 0.619518 0.806547 0.614017 0.803183 0.610214
2 0.068775 0.241260 0.066012 0.246563 0.065879 0.254197 0.067285 0.260285 0.069908 0.263130 0.073697 0.263473 0.076739 0.260385 0.077854 0.252600 0.077264 0.246945 0.074242 0.241752
2 0.841033 0.346603 0.838270 0.351905 0.838137 0.359539 0.839543 0.365627 0.842166 0.368472 0.845955 0.368815 0.848997 0.365728 0.850112 0.357942 0.849522 0.352288 0.846500 0.347094
2 0.322856 0.270828 0.320092 0.276131 0.319959 0.283765 0.321366 0.289853 0.323989 0.292698 0.327778 0.293041 0.330820 0.289954 0.331935 0.282168 0.331345 0.276513 0.328322 0.271320
2 0.583709 0.307361 0.580946 0.312664 0.580813 0.320298 0.582219 0.326386 0.584843 0.329231 0.588632 0.329574 0.591674 0.326486 0.592788 0.318701 0.592199 0.313046 0.589176 0.307853
1 0.222599 0.533011 0.218840 0.536349 0.216092 0.542000 0.215194 0.548063 0.215106 0.557230 0.217759 0.562898 0.222374 0.566145 0.226725 0.565445 0.230591 0.562132 0.232970 0.554534 0.232655 0.546947 0.230922 0.541549 0.228726 0.536049 0.226096 0.533374
3 0.914930 0.594113 0.919154 0.474307 0.954745 0.476854 0.963307 0.328323 0.988320 0.332886 0.978899 0.531243 0.956817 0.528304 0.953318 0.598373
3 0.141148 0.484137 0.146178 0.361462 0.183094 0.365487 0.190208 0.221288 0.215196 0.224010 0.207876 0.421567 0.185465 0.418003 0.183248 0.488407
3 0.399907 0.520788 0.404294 0.398604 0.442965 0.401380 0.451082 0.256894 0.476480 0.257070 0.468636 0.458501 0.444967 0.456660 0.441411 0.525421
3 0.662382 0.558234 0.665719 0.439395 0.704516 0.442805 0.709573 0.292007 0.735757 0.295656 0.730205 0.499670 0.707447 0.495037 0.704252 0.564027
3 0.846255 0.514225 0.825043 0.509768 0.834373 0.310004 0.859055 0.314912 0.852992 0.463756 0.888989 0.468301 0.884097 0.589275 0.844728 0.584152
3 0.074474 0.405207 0.051394 0.402423 0.064087 0.209180 0.087690 0.212303 0.078327 0.356531 0.116084 0.360037 0.109987 0.481933 0.071518 0.475144
3 0.327583 0.440648 0.305219 0.437953 0.314434 0.238332 0.341742 0.241418 0.333354 0.388671 0.372139 0.396848 0.367079 0.516583 0.324903 0.512007
3 0.589784 0.547442 0.590751 0.477781 0.567593 0.473270 0.576069 0.273137 0.601102 0.275975 0.596107 0.424460 0.634762 0.429310 0.630072 0.552403
1 0.276052 0.538957 0.271692 0.543125 0.268009 0.550497 0.267444 0.559530 0.269293 0.568164 0.273049 0.573596 0.277764 0.575418 0.281681 0.573174 0.284746 0.569682 0.287292 0.563568 0.288045 0.556220 0.286914 0.549991 0.284718 0.544490 0.281354 0.540687
1 0.481756 0.565474 0.477396 0.569642 0.473713 0.577014 0.473148 0.586047 0.474997 0.594681 0.478753 0.600112 0.483468 0.601934 0.487385 0.599690 0.490450 0.596198 0.492995 0.590085 0.493749 0.582736 0.492617 0.576508 0.490422 0.571007 0.487057 0.567204
1 0.538656 0.576421 0.534295 0.580589 0.530612 0.587961 0.530047 0.596994 0.531896 0.605628 0.535652 0.611059 0.540367 0.612881 0.544284 0.610637 0.547349 0.607145 0.549895 0.601032 0.550648 0.593683 0.549517 0.587455 0.547321 0.581954 0.543957 0.578150
1 0.743453 0.602910 0.739093 0.607078 0.735410 0.614450 0.734845 0.623483 0.736694 0.632117 0.740450 0.637548 0.745165 0.639371 0.749082 0.637126 0.752147 0.633634 0.754693 0.627521 0.755446 0.620172 0.754315 0.613944 0.752119 0.608443 0.748755 0.604640
