1 0.720552 0.554732 0.716517 0.559833 0.713379 0.567963 0.713451 0.577051 0.715890 0.585209 0.719997 0.589766 0.724804 0.590531 0.728533 0.587437 0.731329 0.583294 0.733427 0.576664 0.733660 0.569206 0.732101 0.563277 0.729537 0.558305 0.725933 0.555276
2 0.044718 0.348155 0.042348 0.354028 0.042750 0.361632 0.044572 0.367361 0.047374 0.369603 0.051158 0.369105 0.053960 0.365368 0.054521 0.357397 0.053540 0.351917 0.050177 0.347433
2 0.798921 0.287687 0.796551 0.293560 0.796954 0.301164 0.798775 0.306894 0.801578 0.309136 0.805361 0.308638 0.808163 0.304901 0.808724 0.296930 0.807743 0.291449 0.804380 0.286965
2 0.289331 0.334363 0.286961 0.340235 0.287364 0.347840 0.289185 0.353569 0.291988 0.355811 0.295771 0.355313 0.298574 0.351576 0.299134 0.343605 0.298153 0.338124 0.294790 0.333640
2 0.546603 0.306106 0.544232 0.311978 0.544635 0.319582 0.546457 0.325312 0.549259 0.327554 0.553042 0.327056 0.555845 0.323319 0.556405 0.315348 0.555424 0.309867 0.552062 0.305383
1 0.212348 0.605011 0.208852 0.609155 0.206521 0.615370 0.206055 0.621585 0.206609 0.630700 0.209639 0.635737 0.214445 0.637937 0.218713 0.636280 0.222318 0.632136 0.224146 0.624071 0.223302 0.616613 0.221204 0.611641 0.218641 0.606669 0.215844 0.604597
3 0.888231 0.514473 0.884032 0.394664 0.919525 0.389314 0.918072 0.247301 0.941395 0.247099 0.947300 0.437934 0.925184 0.439905 0.926619 0.510204
3 0.131767 0.583176 0.128168 0.460342 0.163717 0.457778 0.157048 0.315545 0.181580 0.310296 0.191781 0.506323 0.171109 0.507748 0.171571 0.578095
3 0.383505 0.556782 0.379301 0.434578 0.417866 0.428773 0.413715 0.282164 0.438746 0.278813 0.447338 0.479768 0.423723 0.483180 0.425011 0.552193
3 0.637551 0.531333 0.634899 0.412680 0.672453 0.408524 0.667273 0.259715 0.692783 0.256735 0.700745 0.458212 0.677840 0.458653 0.679502 0.527814
3 0.815283 0.449229 0.793924 0.449501 0.789645 0.257290 0.813571 0.255084 0.818433 0.397661 0.854468 0.394203 0.858087 0.515319 0.818666 0.518949
3 0.063449 0.502378 0.038539 0.503918 0.035786 0.310982 0.063053 0.308050 0.063863 0.453228 0.101571 0.448350 0.104059 0.570647 0.065414 0.572425
3 0.306634 0.494411 0.283803 0.494267 0.280780 0.299805 0.306278 0.296822 0.309174 0.443174 0.346869 0.439476 0.350234 0.556981 0.308519 0.561775
3 0.566055 0.540885 0.564495 0.470503 0.541202 0.472201 0.538725 0.275539 0.563445 0.273863 0.564896 0.417460 0.606539 0.413716 0.607557 0.536890
1 0.265302 0.598439 0.261267 0.603540 0.258129 0.611670 0.258201 0.620757 0.260640 0.628915 0.264747 0.633473 0.269554 0.634237 0.273283 0.631144 0.276079 0.627000 0.278177 0.620371 0.278410 0.612913 0.276851 0.606983 0.274287 0.602011 0.270683 0.598982
1 0.466009 0.579461 0.461974 0.584562 0.458836 0.592692 0.458908 0.601779 0.461347 0.609937 0.465454 0.614495 0.470261 0.615259 0.473990 0.612166 0.476786 0.608022 0.478884 0.601393 0.479117 0.593935 0.477558 0.588005 0.474994 0.583033 0.471390 0.580004
1 0.520653 0.575715 0.516619 0.580816 0.513480 0.588946 0.513553 0.598033 0.515992 0.606191 0.520099 0.610749 0.524905 0.611513 0.528634 0.608420 0.531431 0.604276 0.533529 0.597647 0.533762 0.590189 0.532203 0.584259 0.529639 0.579287 0.526034 0.576258
1 0.773444 0.552007 0.769410 0.557108 0.766271 0.565238 0.766344 0.574325 0.768783 0.582483 0.772890 0.587041 0.777696 0.587805 0.781425 0.584712 0.784222 0.580568 0.786320 0.573939 0.786553 0.566481 0.784994 0.560551 0.782430 0.555579 0.778825 0.552550
