1 0.720066 0.587324 0.715689 0.591437 0.711976 0.598763 0.711375 0.607788 0.713190 0.616446 0.716924 0.621924 0.721632 0.623806 0.725558 0.621611 0.728637 0.618158 0.731206 0.612076 0.731989 0.604737 0.730882 0.598495 0.728709 0.592967 0.725360 0.589121
2 0.067689 0.203834 0.064905 0.209101 0.064742 0.216733 0.066123 0.222839 0.068736 0.225717 0.072523 0.226107 0.075578 0.223059 0.076723 0.215287 0.076156 0.209625 0.073154 0.204394
2 0.820016 0.341382 0.817232 0.346650 0.817068 0.354282 0.818450 0.360387 0.821062 0.363265 0.824849 0.363656 0.827904 0.360607 0.829049 0.352836 0.828483 0.347174 0.825481 0.341943
2 0.314830 0.244712 0.312045 0.249980 0.311882 0.257612 0.313264 0.263718 0.315876 0.266595 0.319663 0.266986 0.322718 0.263937 0.323863 0.256166 0.323296 0.250504 0.320294 0.245273
2 0.568926 0.291563 0.566142 0.296830 0.565978 0.304462 0.567360 0.310568 0.569972 0.313446 0.573760 0.313836 0.576814 0.310788 0.577960 0.303017 0.577393 0.297354 0.574391 0.292123
1 0.214473 0.492667 0.210701 0.495957 0.207930 0.501573 0.207008 0.507625 0.206883 0.516791 0.209514 0.522492 0.214116 0.525797 0.218469 0.525152 0.222349 0.521888 0.224758 0.514320 0.224473 0.506729 0.222762 0.501310 0.220588 0.495781 0.217969 0.493074
3 0.889926 0.588153 0.894627 0.468403 0.930208 0.471399 0.939274 0.330279 0.962410 0.335532 0.954145 0.526091 0.932075 0.522873 0.928297 0.592897
3 0.136165 0.443848 0.143237 0.324845 0.178746 0.329554 0.186080 0.189964 0.212419 0.193040 0.202737 0.387422 0.180191 0.385700 0.175682 0.452362
3 0.387117 0.492641 0.391991 0.370515 0.430650 0.373779 0.439917 0.233357 0.464394 0.235750 0.455353 0.433162 0.431107 0.430885 0.428602 0.497797
3 0.641441 0.539675 0.647590 0.421433 0.685125 0.426094 0.694039 0.278084 0.720967 0.282804 0.709495 0.481966 0.686757 0.477047 0.683287 0.545996
3 0.821880 0.503537 0.800687 0.498812 0.812945 0.307809 0.839106 0.311754 0.828818 0.453153 0.864796 0.458152 0.859423 0.579061 0.818959 0.567680
3 0.070275 0.365416 0.051593 0.360404 0.062900 0.171682 0.087681 0.175649 0.078736 0.314593 0.113336 0.319991 0.106395 0.438485 0.067357 0.431071
3 0.316938 0.407696 0.294316 0.402216 0.307497 0.209158 0.333352 0.215487 0.323247 0.357499 0.360888 0.362648 0.355530 0.479918 0.313823 0.474917
3 0.568601 0.523775 0.573353 0.454956 0.550136 0.451192 0.561999 0.258777 0.587212 0.263033 0.578534 0.406899 0.616662 0.411059 0.609454 0.529382
1 0.266290 0.503758 0.261913 0.507871 0.258200 0.515197 0.257599 0.524222 0.259414 0.532880 0.263148 0.538358 0.267856 0.540240 0.271782 0.538045 0.274861 0.534592 0.277430 0.528510 0.278213 0.521172 0.277106 0.514929 0.274933 0.509401 0.271584 0.505555
1 0.467572 0.540340 0.463195 0.544453 0.459482 0.551779 0.458882 0.560804 0.460696 0.569461 0.464430 0.574940 0.469138 0.576821 0.473064 0.574627 0.476143 0.571173 0.478713 0.565092 0.479495 0.557753 0.478389 0.551511 0.476215 0.545982 0.472866 0.542137
1 0.519638 0.550217 0.515262 0.554330 0.511549 0.561656 0.510948 0.570681 0.512763 0.579339 0.516497 0.584817 0.521205 0.586699 0.525130 0.584504 0.528209 0.581051 0.530779 0.574969 0.531562 0.567630 0.530455 0.561388 0.528282 0.555860 0.524932 0.552014
1 0.771080 0.597983 0.766703 0.602096 0.762990 0.609421 0.762390 0.618447 0.764204 0.627104 0.767938 0.632583 0.772646 0.634464 0.776572 0.632269 0.779651 0.628816 0.782221 0.622735 0.783003 0.615396 0.781897 0.609153 0.779723 0.603625 0.776374 0.599779
