1 0.799942 0.446982 0.795907 0.441881 0.792769 0.433751 0.792841 0.424664 0.795281 0.416506 0.799388 0.411948 0.804194 0.411184 0.807923 0.414277 0.810720 0.418421 0.812817 0.425050 0.813050 0.432508 0.811491 0.438438 0.808927 0.443410 0.805323 0.446439
2 0.052093 0.657191 0.049723 0.651319 0.050126 0.643715 0.051947 0.637985 0.054750 0.635743 0.058533 0.636241 0.061335 0.639978 0.061896 0.647949 0.060915 0.653430 0.057552 0.657914
2 0.824187 0.719920 0.821817 0.714047 0.822219 0.706443 0.824041 0.700714 0.826843 0.698472 0.830627 0.698970 0.833429 0.702706 0.833990 0.710678 0.833009 0.716158 0.829646 0.720642
2 0.302205 0.686408 0.299835 0.680535 0.300237 0.672931 0.302059 0.667202 0.304861 0.664960 0.308645 0.665458 0.311447 0.669194 0.312008 0.677166 0.311027 0.682646 0.307664 0.687130
2 0.568417 0.702854 0.566047 0.696981 0.566449 0.689377 0.568271 0.683648 0.571073 0.681406 0.574857 0.681904 0.577659 0.685641 0.578220 0.693612 0.577239 0.699092 0.573876 0.703576
1 0.226916 0.400395 0.223420 0.396251 0.221089 0.390036 0.220623 0.383821 0.221177 0.374706 0.224207 0.369669 0.229013 0.367469 0.233281 0.369126 0.236886 0.373270 0.238714 0.381335 0.237870 0.388793 0.235772 0.393765 0.233208 0.398737 0.230412 0.400809
3 0.915609 0.488920 0.911410 0.608729 0.946903 0.614079 0.944996 0.763350 0.970134 0.764359 0.974678 0.565459 0.952562 0.563488 0.953997 0.493189
3 0.141909 0.427727 0.138309 0.550560 0.175219 0.554737 0.172179 0.699389 0.197164 0.702219 0.203737 0.504579 0.181250 0.503154 0.183981 0.432808
3 0.399459 0.449043 0.395255 0.571247 0.433820 0.577052 0.431755 0.722210 0.456967 0.727658 0.463291 0.526058 0.439677 0.522645 0.440964 0.453633
3 0.663050 0.473527 0.658039 0.592180 0.696772 0.597384 0.691230 0.748128 0.717465 0.750302 0.726244 0.546648 0.703339 0.546207 0.705000 0.477046
3 0.842640 0.555711 0.821282 0.555439 0.816549 0.755713 0.841382 0.756307 0.845791 0.607279 0.881826 0.610736 0.885444 0.489621 0.846023 0.485991
3 0.070227 0.493056 0.047131 0.490710 0.046192 0.685258 0.069830 0.687385 0.070641 0.542206 0.108349 0.547085 0.110837 0.424787 0.072191 0.423009
3 0.321318 0.517048 0.298940 0.514772 0.294103 0.714879 0.321415 0.717862 0.323405 0.569898 0.362460 0.570369 0.365825 0.450446 0.323656 0.445651
3 0.591794 0.464623 0.587875 0.533956 0.564582 0.533307 0.558976 0.733758 0.584013 0.736483 0.589456 0.588048 0.628150 0.591791 0.632117 0.468618
1 0.280902 0.405790 0.276867 0.400689 0.273729 0.392559 0.273801 0.383472 0.276241 0.375314 0.280348 0.370756 0.285154 0.369992 0.288883 0.373085 0.291680 0.377229 0.293777 0.383858 0.294010 0.391316 0.292451 0.397246 0.289887 0.402218 0.286283 0.405247
1 0.485027 0.422821 0.480993 0.417720 0.477854 0.409590 0.477927 0.400503 0.480366 0.392345 0.484473 0.387787 0.489279 0.387023 0.493008 0.390116 0.495805 0.394260 0.497902 0.400889 0.498135 0.408347 0.496576 0.414277 0.494013 0.419249 0.490408 0.422278
1 0.542327 0.427279 0.538293 0.422178 0.535154 0.414048 0.535227 0.404961 0.537666 0.396803 0.541773 0.392245 0.546579 0.391481 0.550308 0.394574 0.553105 0.398718 0.555202 0.405347 0.555435 0.412805 0.553876 0.418735 0.551313 0.423707 0.547708 0.426736
1 0.746850 0.445917 0.742815 0.440816 0.739677 0.432686 0.739749 0.423598 0.742189 0.415441 0.746296 0.410883 0.751102 0.410119 0.754831 0.413212 0.757628 0.417355 0.759725 0.423985 0.759958 0.431443 0.758399 0.437372 0.755836 0.442344 0.752231 0.445374
