1 0.8015339115894132 0.5434786999403494 0.7974993683833768 0.5485795346006983 0.7943608628482975 0.5567095173265689 0.7944333054417274 0.5657969615231341 0.7968726167510524 0.5739549210696783 0.8009796025505186 0.5785126315782975 0.8057857825757389 0.5792769127998464 0.8095148184464273 0.5761833713179425 0.8123115953494439 0.5720399981282885 0.8144091780267061 0.5654106010248422 0.8146422427686243 0.557952529283465 0.8130832321686277 0.5520230199851853 0.8105195200075294 0.5470509721576007 0.8069148849886141 0.544021824092079
2 0.051975338416826736 0.33767194166654085 0.04960514583648044 0.34354484022692444 0.05000768400398181 0.35114887935347494 0.051829273299058926 0.3568783226063671 0.05463171836840834 0.35912027866184665 0.058415019212030066 0.3586220662050734 0.06121746428137948 0.35488547277927424 0.061777953295249384 0.34691407347090253 0.06079709752097706 0.341433736446397 0.05743416343775778 0.3369498243354379
2 0.8226537657687447 0.27054063609052614 0.8202835731883985 0.2764135346509098 0.8206861113558999 0.2840175737774603 0.822507700650977 0.2897470170303524 0.8253101457203263 0.29198897308583194 0.8290934465639481 0.2914907606290587 0.8318958916332976 0.2877541672032595 0.8324563806471674 0.2797827678948879 0.831475524872895 0.2743024308703823 0.8281125907896758 0.2698185187594232
2 0.30633271441968196 0.3135919990160733 0.30396252183933564 0.3194648975764569 0.30436506000683705 0.32706893670300735 0.30618664930191414 0.3327983799558995 0.30898909437126354 0.33504033601137906 0.3127723952148853 0.33454212355460583 0.3155748402842347 0.33080553012880665 0.3161353292981046 0.32283413082043494 0.31515447352383225 0.31735379379592943 0.311791539440613 0.3128698816849704
2 0.5687118154624047 0.29138030409821525 0.5663416228820585 0.29725320265859884 0.5667441610495598 0.30485724178514945 0.568565750344637 0.31058668503804154 0.5713681954139863 0.3128286410935211 0.5751514962576081 0.31233042863674787 0.5779539413269575 0.3085938352109487 0.5785144303408274 0.3006224359025769 0.577533574566555 0.2951420988780714 0.5741706404833358 0.2906581867671123
1 0.22603119260256105 0.5920576547216069 0.22253522147379048 0.5962010279112608 0.22020457405461014 0.6024160876957418 0.21973844457077407 0.6086311474802228 0.22029275360966868 0.6177465684974617 0.22332259525460313 0.6227830097414284 0.22812877527982342 0.6249834831690194 0.23239638322777784 0.6233261338931577 0.23600101824669295 0.6191827607035039 0.23782931488532238 0.6111171713940152 0.2369852354727088 0.603659099652638 0.23488765279544643 0.5986870518250532 0.23232394063434808 0.5937150039974685 0.2295271637313316 0.5916433174026416
3 0.9174370744432361 0.5015402766951378 0.9132378078880058 0.38173156411659037 0.9487307206847909 0.37638174249857753 0.9468239884927812 0.22711092997845497 0.9719619589589016 0.22610206656885454 0.9765060316084032 0.42500133354558967 0.9543900646146022 0.4269721405829816 0.9558251673015532 0.49727116339517435
3 0.14179105826455804 0.5654596255253161 0.1381913310658409 0.4426263040033421 0.17510137247830015 0.4384487388723869 0.17206110635375946 0.2937974006268429 0.1970462887667104 0.29096735942799606 0.2036186457423007 0.48860679251105693 0.1811322982744995 0.4900318063279936 0.18386272126330472 0.5603785840086971
3 0.40128669252768767 0.5406837904164008 0.397082649689453 0.4184794409842098 0.43564756471150184 0.4126750148087357 0.4335825660722052 0.2675165800468821 0.45879526769693885 0.26206894366854205 0.46511907700112354 0.46366916596265234 0.4415048068298344 0.4670818917720755 0.44279215822094686 0.5360942753132506
3 0.663344898300171 0.51724810839513 0.6583339088543312 0.3985950118325615 0.6970671447540195 0.39339097371067966 0.6944727596395608 0.24369502806859686 0.7212982779546373 0.2415210137826868 0.7265386570436412 0.4441273940907965 0.7036335213996755 0.4445676487455777 0.7052951684786458 0.513728693933662
3 0.8431121317157505 0.4353784749783444 0.8217536361154508 0.43565055440102946 0.8170206715996956 0.23537608399188012 0.8418538415962589 0.23478244715506402 0.846262355370434 0.3838102822046646 0.8822975789606303 0.380353129740813 0.8859159440096144 0.5014684032269277 0.8464947566354435 0.5050987443508872
3 0.07010862076426226 0.4980335955874021 0.04701294608341234 0.5003800111990067 0.04607413929457394 0.30583108219548655 0.06971243054092115 0.3037048059426952 0.07052297149334978 0.44888375046245166 0.10823091995515036 0.4440048736641136 0.11071887319270228 0.5663024282407803 0.07207338546589265 0.5680807250731095
3 0.3233229367702057 0.4775008473458261 0.3009447671078824 0.47977665235228856 0.2961081719900828 0.2796695734545306 0.3234197566999827 0.2766872996830995 0.3254094192350857 0.4246510877043429 0.36446501124286873 0.4241794612942675 0.36783010208840883 0.5441030189478987 0.32566115405744034 0.5488974145856262
3 0.5881974307518194 0.5272004683442234 0.5866368571285845 0.4557709976523237 0.5627539167945482 0.458516515246877 0.5583274683813718 0.257016578431037 0.5851330139334867 0.2532435411303337 0.5882173004356799 0.4037755291942623 0.6269117101346331 0.39898370021066937 0.6291097485886059 0.5221573597961353
1 0.2793026008554992 0.5871738241745973 0.2752680576494627 0.5922746588349461 0.2721295521143836 0.6004046415608169 0.2722019947078135 0.609492085757382 0.27464130601713843 0.6176500453039262 0.27874829181660454 0.6222077558125453 0.28355447184182475 0.6229720370340942 0.2872835077125134 0.6198784955521904 0.2900802846155298 0.6157351223625365 0.2921778672927921 0.60910572525909 0.2924109320347102 0.6016476535177128 0.2908519214347136 0.5957181442194333 0.2882882092736153 0.5907460963918486 0.2846835742547001 0.5877169483263269
1 0.4864423509898742 0.5710987773384909 0.4824078077838378 0.5761996119988397 0.47926930224875863 0.5843295947247104 0.4793417448421885 0.5934170389212755 0.48178105615151345 0.6015749984678197 0.4858880419509796 0.6061327089764389 0.49069422197619983 0.6068969901979878 0.4944232578468884 0.603803448716084 0.4972200347499049 0.5996600755264301 0.4993176174271672 0.5930306784229836 0.49955068216908527 0.5855726066816064 0.49799167156908863 0.5796430973833269 0.4954279594079904 0.5746710495557421 0.49182332438907517 0.5716419014902204
1 0.5424450661174919 0.5651733610514263 0.5384105229114554 0.5702741957117753 0.5352720173763763 0.5784041784376459 0.5353444599698062 0.5874916226342111 0.5377837712791311 0.5956495821807553 0.5418907570785972 0.6002072926893743 0.5466969371038175 0.6009715739109233 0.550425972974506 0.5978780324290195 0.5532227498775225 0.5937346592393655 0.5553203325547849 0.5871052621359191 0.5555533972967029 0.5796471903945419 0.5539943866967063 0.5737176810962624 0.551430674535608 0.5687456332686777 0.5478260395166928 0.565716485203156
1 0.7473216359007161 0.5458017980539214 0.7432870926946796 0.5509026327142704 0.7401485871596004 0.5590326154401409 0.7402210297530303 0.5681200596367062 0.7426603410623552 0.5762780191832503 0.7467673268618215 0.5808357296918696 0.7515735068870417 0.5816000109134185 0.7553025427577302 0.5785064694315145 0.7580993196607467 0.5743630962418605 0.760196902338009 0.5677336991384143 0.7604299670799272 0.5602756273970371 0.7588709564799305 0.5543461180987574 0.7563072443188322 0.5493740702711727 0.752702609299917 0.546344922205651
