1 0.225297 0.583347 0.229331 0.588448 0.232470 0.596578 0.232397 0.605665 0.229958 0.613823 0.225851 0.618381 0.221045 0.619145 0.217316 0.616052 0.214519 0.611908 0.212421 0.605279 0.212188 0.597821 0.213747 0.591891 0.216311 0.586919 0.219916 0.583890
2 0.970980 0.335858 0.973350 0.341731 0.972948 0.349335 0.971126 0.355065 0.968324 0.357307 0.964540 0.356809 0.961738 0.353072 0.961178 0.345101 0.962158 0.339620 0.965521 0.335136
2 0.194961 0.311438 0.197331 0.317311 0.196929 0.324915 0.195107 0.330644 0.192305 0.332886 0.188522 0.332388 0.185719 0.328651 0.185159 0.320680 0.186140 0.315200 0.189502 0.310716
2 0.718799 0.321905 0.721169 0.327778 0.720766 0.335382 0.718945 0.341111 0.716142 0.343353 0.712359 0.342855 0.709557 0.339118 0.708996 0.331147 0.709977 0.325667 0.713340 0.321183
2 0.454913 0.315680 0.457283 0.321552 0.456881 0.329157 0.455059 0.334886 0.452256 0.337128 0.448473 0.336630 0.445671 0.332893 0.445110 0.324922 0.446091 0.319441 0.449454 0.314957
1 0.802896 0.600409 0.806392 0.604552 0.808722 0.610767 0.809188 0.616982 0.808634 0.626098 0.805604 0.631134 0.800798 0.633335 0.796530 0.631677 0.792926 0.627534 0.791097 0.619468 0.791942 0.612010 0.794039 0.607038 0.796603 0.602066 0.799400 0.599995
3 0.111159 0.544464 0.109849 0.421775 0.073384 0.420458 0.074791 0.277317 0.050449 0.275940 0.049381 0.471383 0.070641 0.472201 0.071151 0.543652
3 0.885523 0.563068 0.886371 0.443580 0.850159 0.442076 0.853488 0.293939 0.827805 0.291686 0.823012 0.491378 0.846437 0.494087 0.844523 0.562521
3 0.627558 0.556251 0.628995 0.434667 0.590430 0.431964 0.591738 0.283084 0.566982 0.281358 0.564479 0.392076 0.562354 0.486060 0.585271 0.486371 0.585463 0.557052
3 0.363946 0.549335 0.365468 0.428200 0.326734 0.426098 0.328547 0.275720 0.302444 0.274743 0.298658 0.478844 0.324355 0.479756 0.322693 0.549537
3 0.181212 0.477206 0.204516 0.474861 0.205242 0.274954 0.179320 0.275617 0.177090 0.425061 0.140082 0.425061 0.140029 0.544448 0.182043 0.544045
3 0.958358 0.496014 0.977724 0.497740 0.978736 0.303191 0.953810 0.303118 0.954106 0.446864 0.916747 0.444466 0.916328 0.566100 0.957897 0.566253
3 0.703518 0.486646 0.726245 0.488301 0.726571 0.289435 0.701618 0.288313 0.700867 0.435849 0.662160 0.433901 0.661453 0.558830 0.702551 0.558234
3 0.440356 0.552290 0.440437 0.482957 0.464428 0.482365 0.463405 0.280053 0.438368 0.280430 0.437112 0.428865 0.398069 0.429463 0.398289 0.551396
1 0.748913 0.597066 0.752947 0.602167 0.756086 0.610297 0.756013 0.619384 0.753574 0.627542 0.749467 0.632100 0.744661 0.632864 0.740932 0.629771 0.738135 0.625627 0.736037 0.618998 0.735804 0.611540 0.737363 0.605610 0.739927 0.600638 0.743532 0.597609
1 0.541776 0.592183 0.545811 0.597284 0.548949 0.605414 0.548877 0.614502 0.546437 0.622660 0.542330 0.627217 0.537524 0.627982 0.533795 0.624888 0.530998 0.620745 0.528901 0.614115 0.528668 0.606657 0.530227 0.600728 0.532790 0.595756 0.536395 0.592727
1 0.486955 0.587712 0.490990 0.592812 0.494128 0.600942 0.494056 0.610030 0.491617 0.618188 0.487510 0.622745 0.482704 0.623510 0.478975 0.620416 0.476178 0.616273 0.474080 0.609643 0.473847 0.602185 0.475406 0.596256 0.477970 0.591284 0.481574 0.588255
1 0.281666 0.583486 0.285701 0.588587 0.288839 0.596717 0.288767 0.605804 0.286327 0.613962 0.282220 0.618520 0.277414 0.619284 0.273685 0.616191 0.270888 0.612048 0.268791 0.605418 0.268558 0.597960 0.270117 0.592031 0.272681 0.587058 0.276285 0.584029
