1 0.799942 0.553018 0.795907 0.558119 0.792769 0.566249 0.792841 0.575336 0.795281 0.583494 0.799388 0.588052 0.804194 0.588816 0.807923 0.585723 0.810720 0.581579 0.812817 0.574950 0.813050 0.567492 0.811491 0.561562 0.808927 0.556590 0.805323 0.553561
2 0.052093 0.342809 0.049723 0.348681 0.050126 0.356285 0.051947 0.362015 0.054750 0.364257 0.058533 0.363759 0.061335 0.360022 0.061896 0.352051 0.060915 0.346570 0.057552 0.342086
2 0.824187 0.280080 0.821817 0.285953 0.822219 0.293557 0.824041 0.299286 0.826843 0.301528 0.830627 0.301030 0.833429 0.297294 0.833990 0.289322 0.833009 0.283842 0.829646 0.279358
2 0.302205 0.313592 0.299835 0.319465 0.300237 0.327069 0.302059 0.332798 0.304861 0.335040 0.308645 0.334542 0.311447 0.330806 0.312008 0.322834 0.311027 0.317354 0.307664 0.312870
2 0.568417 0.297146 0.566047 0.303019 0.566449 0.310623 0.568271 0.316352 0.571073 0.318594 0.574857 0.318096 0.577659 0.314359 0.578220 0.306388 0.577239 0.300908 0.573876 0.296424
1 0.226916 0.599605 0.223420 0.603749 0.221089 0.609964 0.220623 0.616179 0.221177 0.625294 0.224207 0.630331 0.229013 0.632531 0.233281 0.630874 0.236886 0.626730 0.238714 0.618665 0.237870 0.611207 0.235772 0.606235 0.233208 0.601263 0.230412 0.599191
3 0.915609 0.511080 0.911410 0.391271 0.946903 0.385921 0.944996 0.236650 0.970134 0.235641 0.974678 0.434541 0.952562 0.436512 0.953997 0.506811
3 0.141909 0.572273 0.138309 0.449440 0.175219 0.445263 0.172179 0.300611 0.197164 0.297781 0.203737 0.495421 0.181250 0.496846 0.183981 0.567192
3 0.399459 0.550957 0.395255 0.428753 0.433820 0.422948 0.431755 0.277790 0.456967 0.272342 0.463291 0.473942 0.439677 0.477355 0.440964 0.546367
3 0.663050 0.526473 0.658039 0.407820 0.696772 0.402616 0.691230 0.251872 0.717465 0.249698 0.726244 0.453352 0.703339 0.453793 0.705000 0.522954
3 0.842640 0.444289 0.821282 0.444561 0.816549 0.244287 0.841382 0.243693 0.845791 0.392721 0.881826 0.389264 0.885444 0.510379 0.846023 0.514009
3 0.070227 0.506944 0.047131 0.509290 0.046192 0.314742 0.069830 0.312615 0.070641 0.457794 0.108349 0.452915 0.110837 0.575213 0.072191 0.576991
3 0.321318 0.482952 0.298940 0.485228 0.294103 0.285121 0.321415 0.282138 0.323405 0.430102 0.362460 0.429631 0.365825 0.549554 0.323656 0.554349
3 0.591794 0.535377 0.587875 0.466044 0.564582 0.466693 0.558976 0.266242 0.584013 0.263517 0.589456 0.411952 0.628150 0.408209 0.632117 0.531382
1 0.280902 0.594210 0.276867 0.599311 0.273729 0.607441 0.273801 0.616528 0.276241 0.624686 0.280348 0.629244 0.285154 0.630008 0.288883 0.626915 0.291680 0.622771 0.293777 0.616142 0.294010 0.608684 0.292451 0.602754 0.289887 0.597782 0.286283 0.594753
1 0.485027 0.577179 0.480993 0.582280 0.477854 0.590410 0.477927 0.599497 0.480366 0.607655 0.484473 0.612213 0.489279 0.612977 0.493008 0.609884 0.495805 0.605740 0.497902 0.599111 0.498135 0.591653 0.496576 0.585723 0.494013 0.580751 0.490408 0.577722
1 0.542327 0.572721 0.538293 0.577822 0.535154 0.585952 0.535227 0.595039 0.537666 0.603197 0.541773 0.607755 0.546579 0.608519 0.550308 0.605426 0.553105 0.601282 0.555202 0.594653 0.555435 0.587195 0.553876 0.581265 0.551313 0.576293 0.547708 0.573264
1 0.746850 0.554083 0.742815 0.559184 0.739677 0.567314 0.739749 0.576402 0.742189 0.584559 0.746296 0.589117 0.751102 0.589881 0.754831 0.586788 0.757628 0.582645 0.759725 0.576015 0.759958 0.568557 0.758399 0.562628 0.755836 0.557656 0.752231 0.554626
