1 0.715880 0.597156 0.711557 0.601445 0.707938 0.608918 0.707453 0.617965 0.709377 0.626547 0.713180 0.631874 0.717911 0.633565 0.721808 0.631213 0.724842 0.627636 0.727333 0.621453 0.728023 0.614085 0.726836 0.607888 0.724593 0.602449 0.721196 0.598739
2 0.056745 0.260811 0.054029 0.266190 0.053962 0.273827 0.055422 0.279875 0.058070 0.282647 0.061861 0.282885 0.064876 0.279714 0.065922 0.271898 0.065283 0.266261 0.062215 0.261152
2 0.810160 0.346894 0.807444 0.352272 0.807378 0.359909 0.808837 0.365957 0.811485 0.368729 0.815277 0.368967 0.818292 0.365796 0.819338 0.357981 0.818699 0.352343 0.815631 0.347234
2 0.300746 0.294516 0.298030 0.299894 0.297963 0.307531 0.299423 0.313579 0.302071 0.316351 0.305862 0.316589 0.308877 0.313418 0.309923 0.305603 0.309284 0.299965 0.306216 0.294856
2 0.558216 0.316295 0.555500 0.321673 0.555434 0.329310 0.556893 0.335358 0.559542 0.338130 0.563333 0.338368 0.566348 0.335197 0.567394 0.327382 0.566755 0.321744 0.563687 0.316635
1 0.207622 0.548629 0.203893 0.552070 0.201195 0.557796 0.200351 0.563884 0.200343 0.573052 0.203046 0.578646 0.207688 0.581765 0.212032 0.580945 0.215869 0.577525 0.218181 0.569862 0.217800 0.562284 0.216020 0.556935 0.213776 0.551496 0.211123 0.548895
3 0.885029 0.589639 0.888203 0.469730 0.923812 0.471292 0.931077 0.329844 0.954274 0.334163 0.948440 0.525006 0.926335 0.522678 0.923450 0.592836
3 0.128862 0.511304 0.132817 0.388505 0.168311 0.392847 0.170405 0.250170 0.195112 0.249707 0.193230 0.446542 0.172594 0.443952 0.168740 0.513969
3 0.380717 0.533863 0.384033 0.411573 0.422724 0.413278 0.427589 0.266737 0.452677 0.268258 0.448893 0.469681 0.425210 0.468496 0.422257 0.537346
3 0.634810 0.557808 0.639450 0.439348 0.677035 0.442497 0.681013 0.293571 0.706553 0.295553 0.702111 0.497372 0.679316 0.493370 0.676726 0.562441
3 0.816517 0.510644 0.795269 0.506774 0.802804 0.314880 0.826722 0.317324 0.822811 0.459994 0.858844 0.463542 0.855013 0.584636 0.815604 0.580604
3 0.065906 0.417746 0.041050 0.414449 0.050146 0.222129 0.077430 0.224499 0.069332 0.368970 0.107114 0.371429 0.102087 0.493480 0.063563 0.487757
3 0.308130 0.456963 0.285443 0.452395 0.294365 0.258506 0.319893 0.260484 0.313797 0.406524 0.351494 0.410155 0.347633 0.527612 0.305872 0.524292
3 0.563154 0.553445 0.565919 0.483181 0.542661 0.480353 0.552261 0.284383 0.576935 0.287508 0.569571 0.430531 0.611195 0.434881 0.604654 0.557518
1 0.260664 0.552360 0.256340 0.556648 0.252722 0.564121 0.252237 0.573169 0.254161 0.581751 0.257964 0.587077 0.262695 0.588769 0.266591 0.586416 0.269625 0.582840 0.272117 0.576657 0.272806 0.569288 0.271620 0.563092 0.269377 0.557652 0.265979 0.553943
1 0.461338 0.572399 0.457015 0.576687 0.453396 0.584160 0.452911 0.593207 0.454835 0.601790 0.458638 0.607116 0.463369 0.608807 0.467266 0.606455 0.470300 0.602879 0.472792 0.596695 0.473481 0.589327 0.472295 0.583131 0.470051 0.577691 0.466654 0.573981
1 0.515887 0.579267 0.511563 0.583555 0.507945 0.591029 0.507460 0.600076 0.509384 0.608658 0.513187 0.613985 0.517918 0.615676 0.521814 0.613324 0.524848 0.609747 0.527340 0.603564 0.528029 0.596195 0.526843 0.589999 0.524600 0.584560 0.521202 0.580850
1 0.768624 0.604699 0.764301 0.608988 0.760683 0.616461 0.760197 0.625508 0.762122 0.634090 0.765925 0.639417 0.770656 0.641108 0.774552 0.638756 0.777586 0.635179 0.780078 0.628996 0.780767 0.621628 0.779581 0.615431 0.777337 0.609992 0.773940 0.606282
