1 0.779451 0.450232 0.775417 0.445131 0.772278 0.437001 0.772350 0.427913 0.774790 0.419755 0.778897 0.415198 0.783703 0.414433 0.787432 0.417527 0.790229 0.421670 0.792326 0.428300 0.792559 0.435758 0.791000 0.441687 0.788437 0.446659 0.784832 0.449688
2 0.050206 0.645555 0.047836 0.639683 0.048239 0.632079 0.050060 0.626349 0.052863 0.624107 0.056646 0.624605 0.059448 0.628342 0.060009 0.636313 0.059028 0.641794 0.055665 0.646278
2 0.802340 0.715832 0.799970 0.709959 0.800372 0.702355 0.802194 0.696625 0.804996 0.694383 0.808780 0.694882 0.811582 0.698618 0.812143 0.706590 0.811162 0.712070 0.807799 0.716554
2 0.295719 0.669635 0.293349 0.663763 0.293751 0.656158 0.295573 0.650429 0.298375 0.648187 0.302158 0.648685 0.304961 0.652422 0.305521 0.660393 0.304541 0.665874 0.301178 0.670358
2 0.550350 0.693220 0.547980 0.687347 0.548382 0.679743 0.550204 0.674014 0.553006 0.671772 0.556789 0.672270 0.559592 0.676007 0.560152 0.683978 0.559172 0.689459 0.555809 0.693942
1 0.217693 0.397784 0.214197 0.393641 0.211867 0.387426 0.211401 0.381211 0.211955 0.372096 0.214985 0.367059 0.219791 0.364859 0.224059 0.366516 0.227663 0.370659 0.229492 0.378725 0.228647 0.386183 0.226550 0.391155 0.223986 0.396127 0.221189 0.398199
3 0.891284 0.492288 0.887085 0.612097 0.922578 0.617447 0.920671 0.766718 0.945809 0.767727 0.950353 0.568827 0.928237 0.566857 0.929673 0.496558
3 0.134574 0.418816 0.130974 0.541649 0.167885 0.545827 0.164844 0.690478 0.189829 0.693308 0.196402 0.495669 0.173915 0.494244 0.176646 0.423897
3 0.388073 0.444640 0.383869 0.566845 0.422434 0.572649 0.419190 0.724097 0.445582 0.727448 0.451905 0.521655 0.428291 0.518242 0.429578 0.449230
3 0.641204 0.471871 0.638551 0.590524 0.676105 0.594680 0.674101 0.747520 0.699157 0.749694 0.704397 0.544991 0.681492 0.544551 0.683154 0.475390
3 0.818836 0.555837 0.797478 0.555565 0.792745 0.755839 0.817578 0.756433 0.821987 0.607405 0.858022 0.610862 0.861640 0.489747 0.822219 0.486117
3 0.064943 0.487290 0.041848 0.484944 0.040909 0.679493 0.064547 0.681619 0.065358 0.536440 0.103065 0.541319 0.105553 0.419022 0.066908 0.417243
3 0.311206 0.509521 0.288828 0.507246 0.283991 0.707353 0.311303 0.710335 0.313292 0.562371 0.352348 0.562843 0.355713 0.442919 0.313544 0.438125
3 0.569345 0.462317 0.567784 0.532698 0.544491 0.531001 0.540654 0.732501 0.566280 0.734177 0.568185 0.585742 0.609828 0.589485 0.610847 0.466311
1 0.270375 0.403717 0.266341 0.398616 0.263202 0.390486 0.263275 0.381398 0.265714 0.373240 0.269821 0.368683 0.274627 0.367918 0.278356 0.371012 0.281153 0.375155 0.283250 0.381785 0.283483 0.389243 0.281924 0.395172 0.279361 0.400144 0.275756 0.403173
1 0.471618 0.421888 0.467584 0.416787 0.464445 0.408657 0.464518 0.399570 0.466957 0.391412 0.471064 0.386854 0.475870 0.386090 0.479599 0.389184 0.482396 0.393327 0.484494 0.399956 0.484727 0.407414 0.483168 0.413344 0.480604 0.418316 0.476999 0.421345
1 0.525852 0.426440 0.521817 0.421340 0.518679 0.413210 0.518751 0.404122 0.521191 0.395964 0.525298 0.391406 0.530104 0.390642 0.533833 0.393736 0.536630 0.397879 0.538727 0.404508 0.538960 0.411967 0.537401 0.417896 0.534838 0.422868 0.531233 0.425897
1 0.726784 0.443715 0.722749 0.438614 0.719611 0.430485 0.719683 0.421397 0.722122 0.413239 0.726229 0.408681 0.731036 0.407917 0.734765 0.411011 0.737561 0.415154 0.739659 0.421783 0.739892 0.429242 0.738333 0.435171 0.735769 0.440143 0.732165 0.443172
