1 0.799038 0.546367 0.794988 0.551429 0.791825 0.559528 0.791869 0.568616 0.794284 0.576798 0.798377 0.581395 0.803180 0.582206 0.806919 0.579148 0.809728 0.575032 0.811846 0.568423 0.812102 0.560967 0.810561 0.555023 0.808013 0.550026 0.804417 0.546962
2 0.049526 0.334368 0.047138 0.340218 0.047518 0.347826 0.049322 0.353573 0.052117 0.355842 0.055902 0.355380 0.058716 0.351671 0.059301 0.343705 0.058337 0.338215 0.054987 0.333699
2 0.823350 0.273660 0.820962 0.279509 0.821341 0.287117 0.823145 0.292864 0.825941 0.295133 0.829726 0.294672 0.832539 0.290962 0.833124 0.282996 0.832160 0.277506 0.828811 0.272990
2 0.302778 0.311685 0.300389 0.317535 0.300769 0.325143 0.302573 0.330890 0.305368 0.333159 0.309153 0.332697 0.311967 0.328987 0.312552 0.321022 0.311588 0.315532 0.308238 0.311015
2 0.565224 0.290959 0.562836 0.296809 0.563215 0.304416 0.565019 0.310163 0.567815 0.312432 0.571599 0.311971 0.574413 0.308261 0.574998 0.300295 0.574034 0.294806 0.570685 0.290289
1 0.222799 0.591479 0.219291 0.595589 0.216941 0.601781 0.216456 0.607991 0.216982 0.617112 0.219997 0.622178 0.224796 0.624425 0.229069 0.622808 0.232686 0.618700 0.234539 0.610652 0.233718 0.603186 0.231635 0.598194 0.229087 0.593197 0.226296 0.591098
3 0.913299 0.505531 0.909465 0.385684 0.944974 0.380677 0.943524 0.231390 0.968664 0.230623 0.972601 0.429564 0.950479 0.431321 0.951699 0.501633
3 0.138648 0.561971 0.135424 0.439105 0.172346 0.435284 0.169748 0.290605 0.194741 0.288017 0.200710 0.485717 0.178219 0.486925 0.180735 0.557297
3 0.397030 0.541787 0.393199 0.419544 0.431781 0.414112 0.430160 0.268935 0.455389 0.263731 0.461097 0.465390 0.437472 0.468574 0.438549 0.537598
3 0.659159 0.519834 0.654511 0.401134 0.693259 0.396304 0.688177 0.245508 0.714419 0.243588 0.722575 0.447324 0.699669 0.447543 0.701119 0.516719
3 0.839760 0.440755 0.818401 0.440821 0.814280 0.240503 0.839115 0.240150 0.843068 0.389218 0.879113 0.386109 0.882361 0.507257 0.842930 0.510507
3 0.067166 0.495951 0.044064 0.498074 0.043719 0.303519 0.067364 0.301621 0.067731 0.446806 0.105453 0.442291 0.107567 0.564611 0.068917 0.566016
3 0.319856 0.475761 0.297472 0.477821 0.293246 0.277670 0.320567 0.274951 0.322104 0.422932 0.361161 0.422838 0.364159 0.542792 0.321976 0.547179
3 0.586344 0.528035 0.582637 0.458665 0.559342 0.459089 0.554349 0.258586 0.579393 0.256103 0.584382 0.404589 0.623088 0.401219 0.626678 0.524429
1 0.277267 0.586073 0.273217 0.591135 0.270054 0.599234 0.270099 0.608322 0.272513 0.616503 0.276606 0.621101 0.281410 0.621911 0.285148 0.618854 0.287958 0.614738 0.290075 0.608129 0.290331 0.600673 0.288790 0.594728 0.286242 0.589732 0.282647 0.586668
1 0.483283 0.568842 0.479233 0.573904 0.476070 0.582003 0.476115 0.591091 0.478529 0.599273 0.482622 0.603870 0.487426 0.604681 0.491164 0.601623 0.493974 0.597507 0.496092 0.590898 0.496347 0.583442 0.494807 0.577498 0.492258 0.572501 0.488663 0.569437
1 0.537522 0.567633 0.533472 0.572695 0.530308 0.580795 0.530353 0.589883 0.532767 0.598064 0.536860 0.602661 0.541664 0.603472 0.545403 0.600414 0.548212 0.596298 0.550330 0.589689 0.550586 0.582233 0.549045 0.576289 0.546496 0.571292 0.542901 0.568228
1 0.743627 0.552348 0.739577 0.557410 0.736414 0.565510 0.736459 0.574598 0.738873 0.582779 0.742966 0.587376 0.747770 0.588187 0.751508 0.585129 0.754318 0.581013 0.756435 0.574404 0.756691 0.566948 0.755150 0.561004 0.752602 0.556007 0.749007 0.552943
