1 0.790136 0.560386 0.786101 0.565487 0.782963 0.573617 0.783035 0.582705 0.785475 0.590863 0.789582 0.595420 0.794388 0.596185 0.798117 0.593091 0.800914 0.588948 0.803011 0.582318 0.803244 0.574860 0.801685 0.568931 0.799122 0.563959 0.795517 0.560930
2 0.041576 0.334855 0.039206 0.340728 0.039608 0.348332 0.041430 0.354062 0.044232 0.356304 0.048016 0.355805 0.050818 0.352069 0.051378 0.344097 0.050398 0.338617 0.047035 0.334133
2 0.819343 0.289057 0.816973 0.294930 0.817376 0.302534 0.819197 0.308264 0.822000 0.310506 0.825783 0.310008 0.828585 0.306271 0.829146 0.298300 0.828165 0.292819 0.824802 0.288335
2 0.295720 0.316955 0.293350 0.322828 0.293752 0.330432 0.295574 0.336161 0.298376 0.338403 0.302160 0.337905 0.304962 0.334169 0.305523 0.326197 0.304542 0.320717 0.301179 0.316233
2 0.559411 0.301045 0.557041 0.306918 0.557443 0.314522 0.559265 0.320251 0.562067 0.322493 0.565851 0.321995 0.568653 0.318258 0.569214 0.310287 0.568233 0.304807 0.564870 0.300323
1 0.212212 0.594829 0.208716 0.598972 0.206385 0.605188 0.205919 0.611403 0.206473 0.620518 0.209503 0.625554 0.214309 0.627755 0.218577 0.626098 0.222182 0.621954 0.224010 0.613889 0.223166 0.606431 0.221068 0.601459 0.218504 0.596486 0.215708 0.594415
3 0.906130 0.523362 0.904356 0.401479 0.940232 0.395566 0.940684 0.251538 0.963846 0.249436 0.965868 0.447781 0.946648 0.451986 0.948225 0.519970
3 0.128716 0.566188 0.126942 0.444304 0.162818 0.442202 0.158984 0.294364 0.185004 0.292261 0.191311 0.490606 0.169234 0.494811 0.170811 0.562795
3 0.388754 0.548802 0.386980 0.426919 0.425714 0.424816 0.421880 0.274438 0.447899 0.271065 0.452778 0.473220 0.429272 0.477426 0.430849 0.545410
3 0.651927 0.533561 0.650153 0.411678 0.688886 0.409575 0.685052 0.259197 0.711072 0.255824 0.715951 0.457980 0.692445 0.462185 0.694022 0.530169
3 0.835571 0.524940 0.833265 0.455800 0.812320 0.455551 0.809915 0.258225 0.834205 0.257598 0.837387 0.403655 0.873805 0.403655 0.874448 0.523042 0.856020 0.524736
3 0.059384 0.570262 0.057955 0.501678 0.035808 0.500408 0.035808 0.307357 0.057955 0.306087 0.058669 0.448335 0.096533 0.448335 0.097962 0.567722 0.082002 0.568773
3 0.314619 0.552182 0.313190 0.483599 0.289199 0.481509 0.286432 0.283540 0.311806 0.282270 0.313904 0.430256 0.351768 0.430256 0.354580 0.549642 0.337237 0.550693
3 0.578373 0.536816 0.576944 0.468232 0.552953 0.466142 0.550186 0.268174 0.575561 0.266903 0.577658 0.414889 0.615522 0.414889 0.618334 0.534276 0.600991 0.535327
1 0.266195 0.591414 0.262160 0.596515 0.259022 0.604645 0.259094 0.613733 0.261533 0.621891 0.265640 0.626448 0.270446 0.627213 0.274176 0.624119 0.276972 0.619976 0.279070 0.613346 0.279303 0.605888 0.277744 0.599959 0.275180 0.594987 0.271576 0.591957
1 0.474754 0.578762 0.470720 0.583863 0.467581 0.591993 0.467653 0.601081 0.470093 0.609239 0.474200 0.613796 0.479006 0.614561 0.482735 0.611467 0.485532 0.607324 0.487629 0.600694 0.487862 0.593236 0.486303 0.587307 0.483740 0.582335 0.480135 0.579306
1 0.529656 0.576714 0.525622 0.581814 0.522483 0.589944 0.522556 0.599032 0.524995 0.607190 0.529102 0.611747 0.533908 0.612512 0.537637 0.609418 0.540434 0.605275 0.542532 0.598645 0.542765 0.591187 0.541206 0.585258 0.538642 0.580286 0.535037 0.577257
1 0.735353 0.563850 0.731318 0.568951 0.728179 0.577081 0.728252 0.586169 0.730691 0.594327 0.734798 0.598884 0.739604 0.599649 0.743333 0.596555 0.746130 0.592412 0.748228 0.585782 0.748461 0.578324 0.746902 0.572395 0.744338 0.567423 0.740733 0.564393
