1 0.772665 0.438085 0.769363 0.444642 0.767311 0.453803 0.768509 0.462638 0.771901 0.469638 0.776472 0.472473 0.781255 0.471333 0.784508 0.466853 0.786722 0.461715 0.787945 0.454426 0.787247 0.447061 0.784990 0.441889 0.781873 0.438045 0.777981 0.436504
2 0.015542 0.451750 0.013959 0.458408 0.015296 0.465666 0.017783 0.470540 0.020795 0.471628 0.024423 0.469658 0.026693 0.464914 0.026250 0.456920 0.024614 0.451959 0.020777 0.448905
2 0.773653 0.163878 0.772070 0.170536 0.773406 0.177795 0.775894 0.182669 0.778906 0.183756 0.782534 0.181786 0.784803 0.177043 0.784361 0.169048 0.782724 0.164087 0.778888 0.161033
2 0.260833 0.354307 0.259250 0.360964 0.260586 0.368223 0.263074 0.373097 0.266085 0.374185 0.269713 0.372215 0.271983 0.367471 0.271541 0.359476 0.269904 0.354516 0.266067 0.351461
2 0.519102 0.256218 0.517520 0.262876 0.518856 0.270135 0.521343 0.275008 0.524355 0.276096 0.527983 0.274126 0.530253 0.269383 0.529810 0.261388 0.528174 0.256427 0.524337 0.253373
1 0.207218 0.654451 0.204322 0.659863 0.202820 0.666840 0.203137 0.673084 0.204809 0.681758 0.208389 0.685482 0.213350 0.685743 0.217306 0.682453 0.220308 0.676998 0.221090 0.668414 0.219341 0.661470 0.216679 0.657444 0.213561 0.653599 0.210576 0.652676
3 0.881821 0.362733 0.868416 0.243161 0.904420 0.232294 0.888323 0.087876 0.912194 0.079346 0.934494 0.271585 0.912873 0.280291 0.921828 0.347466
3 0.123571 0.646144 0.108832 0.530333 0.144973 0.515794 0.127358 0.370229 0.151586 0.360481 0.166217 0.470912 0.177436 0.555591 0.154049 0.563933 0.162168 0.629295
3 0.374905 0.548980 0.359330 0.431355 0.396663 0.417412 0.380014 0.269930 0.405364 0.259502 0.430164 0.457867 0.407943 0.467889 0.416063 0.533251
3 0.633647 0.454029 0.619092 0.334919 0.656610 0.317677 0.638235 0.170889 0.665311 0.159768 0.690501 0.361200 0.665590 0.369080 0.674544 0.436255
3 0.805961 0.322301 0.782941 0.329153 0.760763 0.131461 0.785787 0.122905 0.803511 0.269824 0.839606 0.255309 0.854474 0.371734 0.813445 0.387819
3 0.047129 0.608486 0.025822 0.613272 0.005493 0.423519 0.028894 0.415453 0.043350 0.555481 0.079801 0.543800 0.093402 0.664040 0.056295 0.676814
3 0.294010 0.512310 0.270351 0.519682 0.249597 0.321833 0.274578 0.313710 0.290518 0.460099 0.327579 0.446271 0.342392 0.563792 0.301636 0.578033
3 0.559205 0.480653 0.551025 0.413626 0.527366 0.420997 0.505591 0.224634 0.532299 0.215817 0.549703 0.359467 0.588045 0.346199 0.601132 0.464414
1 0.259895 0.633474 0.256593 0.640031 0.254541 0.649192 0.255739 0.658027 0.259131 0.665027 0.263702 0.667862 0.268485 0.666722 0.271738 0.662243 0.273952 0.657104 0.275175 0.649816 0.274477 0.642450 0.272220 0.637278 0.269103 0.633434 0.265211 0.631893
1 0.462248 0.556599 0.458946 0.563157 0.456894 0.572317 0.458092 0.581153 0.461484 0.588153 0.466055 0.590987 0.470838 0.589848 0.474091 0.585368 0.476304 0.580230 0.477528 0.572941 0.476829 0.565575 0.474573 0.560403 0.471455 0.556559 0.467564 0.555019
1 0.516845 0.535928 0.513543 0.542486 0.511491 0.551646 0.512689 0.560482 0.516081 0.567482 0.520652 0.570316 0.525435 0.569177 0.528688 0.564697 0.530902 0.559559 0.532125 0.552270 0.531427 0.544904 0.529170 0.539732 0.526053 0.535888 0.522161 0.534348
1 0.719320 0.458840 0.716018 0.465398 0.713966 0.474558 0.715164 0.483393 0.718556 0.490394 0.723127 0.493228 0.727910 0.492089 0.731163 0.487609 0.733376 0.482471 0.734600 0.475182 0.733901 0.467816 0.731645 0.462644 0.728527 0.458800 0.724636 0.457259
