1 0.800025 0.483207 0.796339 0.489084 0.793737 0.497792 0.794385 0.506806 0.797327 0.514423 0.801697 0.518128 0.806521 0.517924 0.810030 0.514102 0.812546 0.509424 0.814209 0.502417 0.813968 0.494960 0.812042 0.489380 0.809179 0.484954 0.805406 0.482667
2 0.041672 0.430184 0.039690 0.436495 0.040572 0.443970 0.042746 0.449298 0.045672 0.450963 0.049400 0.449710 0.051947 0.445435 0.051999 0.437402 0.050676 0.432153 0.047050 0.428372
2 0.806035 0.207302 0.804053 0.213613 0.804935 0.221088 0.807109 0.226415 0.810036 0.228081 0.813763 0.226827 0.816311 0.222553 0.816362 0.214520 0.815039 0.209271 0.811414 0.205490
2 0.291640 0.354446 0.289657 0.360757 0.290540 0.368232 0.292713 0.373559 0.295640 0.375225 0.299368 0.373971 0.301915 0.369696 0.301966 0.361663 0.300644 0.356415 0.297018 0.352634
2 0.550869 0.278719 0.548886 0.285030 0.549769 0.292504 0.551942 0.297832 0.554869 0.299498 0.558596 0.298244 0.561144 0.293969 0.561195 0.285936 0.559873 0.280688 0.556247 0.276907
1 0.230824 0.649084 0.227614 0.653902 0.225692 0.660545 0.225623 0.666814 0.226752 0.675760 0.230083 0.680157 0.234998 0.681379 0.239133 0.678877 0.242452 0.674037 0.243756 0.665656 0.242445 0.658415 0.240045 0.653895 0.237182 0.649469 0.234272 0.647972
3 0.910769 0.418648 0.898995 0.300446 0.933922 0.288013 0.922556 0.140077 0.947470 0.134034 0.964605 0.330753 0.942755 0.337146 0.948642 0.406708
3 0.145301 0.637466 0.133931 0.516138 0.170340 0.504586 0.158141 0.361467 0.182787 0.353645 0.201858 0.548705 0.179605 0.554630 0.186782 0.623980
3 0.400530 0.563130 0.388599 0.442549 0.426549 0.429048 0.415287 0.285230 0.439993 0.274761 0.459068 0.473807 0.435821 0.481933 0.441479 0.550247
3 0.659362 0.486251 0.646854 0.369360 0.685010 0.356422 0.669938 0.207752 0.695869 0.200330 0.717513 0.400925 0.694782 0.405956 0.700821 0.474342
3 0.833440 0.369778 0.812235 0.374332 0.794825 0.176285 0.819462 0.170715 0.833298 0.317907 0.868884 0.307246 0.880164 0.426863 0.841224 0.438375
3 0.069931 0.586928 0.047132 0.593891 0.033855 0.400772 0.057207 0.393919 0.067224 0.538009 0.104382 0.525599 0.114614 0.646617 0.076328 0.656134
3 0.319508 0.513783 0.297417 0.520532 0.279914 0.322672 0.306862 0.314232 0.318227 0.460853 0.357004 0.452552 0.367957 0.571035 0.326361 0.584255
3 0.587603 0.509695 0.579309 0.441591 0.556206 0.446907 0.537917 0.248858 0.562621 0.241130 0.577448 0.387527 0.615657 0.376048 0.627415 0.497640
1 0.284551 0.632271 0.280866 0.638148 0.278263 0.646856 0.278912 0.655871 0.281853 0.663487 0.286223 0.667192 0.291047 0.666988 0.294556 0.663166 0.297072 0.658489 0.298736 0.651481 0.298494 0.644024 0.296569 0.638445 0.293706 0.634018 0.289932 0.631731
1 0.487978 0.571872 0.484292 0.577749 0.481690 0.586457 0.482338 0.595472 0.485280 0.603088 0.489650 0.606793 0.494474 0.606589 0.497983 0.602767 0.500499 0.598090 0.502162 0.591082 0.501921 0.583625 0.499995 0.578046 0.497132 0.573619 0.493359 0.571332
1 0.541755 0.559275 0.538070 0.565152 0.535467 0.573860 0.536116 0.582875 0.539057 0.590491 0.543427 0.594196 0.548251 0.593992 0.551760 0.590170 0.554276 0.585493 0.555940 0.578485 0.555698 0.571028 0.553773 0.565449 0.550910 0.561023 0.547136 0.558736
1 0.745400 0.500789 0.741715 0.506667 0.739112 0.515374 0.739761 0.524389 0.742702 0.532006 0.747072 0.535711 0.751896 0.535506 0.755405 0.531685 0.757921 0.527007 0.759585 0.519999 0.759343 0.512542 0.757418 0.506963 0.754555 0.502537 0.750781 0.500250
