1 0.803161 0.458293 0.799127 0.453192 0.795988 0.445062 0.796061 0.435975 0.798500 0.427817 0.802607 0.423259 0.807413 0.422495 0.811142 0.425588 0.813939 0.429732 0.816037 0.436361 0.816270 0.443819 0.814711 0.449749 0.812147 0.454721 0.808542 0.457750
2 0.054010 0.661280 0.051639 0.655407 0.052042 0.647803 0.053864 0.642073 0.056666 0.639831 0.060449 0.640330 0.063252 0.644066 0.063812 0.652038 0.062831 0.657518 0.059468 0.662002
2 0.827636 0.727688 0.825266 0.721815 0.825669 0.714211 0.827490 0.708481 0.830293 0.706239 0.834076 0.706738 0.836879 0.710474 0.837439 0.718446 0.836458 0.723926 0.833095 0.728410
2 0.308184 0.688180 0.305814 0.682307 0.306217 0.674703 0.308038 0.668973 0.310841 0.666731 0.314624 0.667229 0.317426 0.670966 0.317987 0.678937 0.317006 0.684418 0.313643 0.688902
2 0.569567 0.709668 0.567197 0.703795 0.567599 0.696191 0.569421 0.690462 0.572223 0.688220 0.576007 0.688718 0.578809 0.692454 0.579369 0.700426 0.578389 0.705906 0.575026 0.710390
1 0.227069 0.405846 0.223573 0.401702 0.221242 0.395487 0.220776 0.389272 0.221331 0.380157 0.224360 0.375120 0.229167 0.372920 0.233434 0.374577 0.237039 0.378721 0.238867 0.386786 0.238023 0.394244 0.235925 0.399216 0.233362 0.404188 0.230565 0.406260
3 0.918292 0.498460 0.914093 0.618268 0.949586 0.623618 0.947679 0.772889 0.972817 0.773898 0.977361 0.574999 0.955245 0.573028 0.956680 0.502729
3 0.142829 0.436312 0.139229 0.559145 0.176139 0.563323 0.173099 0.707974 0.198084 0.710804 0.204656 0.513165 0.182170 0.511740 0.184901 0.441393
3 0.402142 0.457220 0.397938 0.579424 0.436503 0.585228 0.434438 0.730387 0.459650 0.735834 0.465974 0.534234 0.442360 0.530822 0.443647 0.461809
3 0.665196 0.478160 0.660185 0.596813 0.698919 0.602018 0.693376 0.752762 0.719612 0.754936 0.728390 0.551281 0.705485 0.550841 0.707147 0.481680
3 0.844557 0.562525 0.823198 0.562253 0.818465 0.762527 0.843299 0.763121 0.847707 0.614093 0.883742 0.617550 0.887361 0.496435 0.847939 0.492805
3 0.071146 0.499870 0.048051 0.497523 0.047112 0.692072 0.070750 0.694199 0.071561 0.549020 0.109269 0.553899 0.111757 0.431601 0.073111 0.429823
3 0.324768 0.520728 0.302389 0.518452 0.297553 0.718559 0.324864 0.721541 0.326854 0.573577 0.365910 0.574049 0.369275 0.454125 0.327106 0.449331
3 0.592408 0.472800 0.588488 0.542132 0.565195 0.541483 0.559589 0.741935 0.584626 0.744660 0.590069 0.596224 0.628763 0.599968 0.632730 0.476794
1 0.280523 0.411778 0.276489 0.406677 0.273350 0.398547 0.273423 0.389460 0.275862 0.381302 0.279969 0.376744 0.284775 0.375980 0.288504 0.379073 0.291301 0.383217 0.293398 0.389846 0.293632 0.397304 0.292073 0.403234 0.289509 0.408206 0.285904 0.411235
1 0.486484 0.430998 0.482449 0.425897 0.479311 0.417767 0.479383 0.408680 0.481822 0.400522 0.485929 0.395964 0.490735 0.395200 0.494465 0.398293 0.497261 0.402436 0.499359 0.409066 0.499592 0.416524 0.498033 0.422453 0.495469 0.427426 0.491865 0.430455
1 0.543707 0.432730 0.539672 0.427629 0.536534 0.419499 0.536606 0.410412 0.539046 0.402254 0.543153 0.397696 0.547959 0.396932 0.551688 0.400025 0.554485 0.404169 0.556582 0.410798 0.556815 0.418256 0.555256 0.424186 0.552693 0.429158 0.549088 0.432187
1 0.748766 0.451777 0.744732 0.446676 0.741593 0.438546 0.741666 0.429458 0.744105 0.421300 0.748212 0.416743 0.753018 0.415978 0.756747 0.419072 0.759544 0.423215 0.761642 0.429845 0.761875 0.437303 0.760316 0.443232 0.757752 0.448204 0.754147 0.451234
