1 0.232251 0.561031 0.236285 0.566132 0.239424 0.574262 0.239351 0.583349 0.236912 0.591507 0.232805 0.596065 0.227999 0.596829 0.224270 0.593735 0.221473 0.589592 0.219376 0.582963 0.219143 0.575505 0.220702 0.569575 0.223265 0.564603 0.226870 0.561574
2 0.977558 0.338826 0.979928 0.344699 0.979526 0.352303 0.977704 0.358032 0.974902 0.360274 0.971119 0.359776 0.968316 0.356039 0.967756 0.348068 0.968737 0.342588 0.972099 0.338104
2 0.203045 0.288832 0.205415 0.294704 0.205012 0.302309 0.203191 0.308038 0.200388 0.310280 0.196605 0.309782 0.193803 0.306045 0.193242 0.298074 0.194223 0.292593 0.197586 0.288109
2 0.726062 0.320642 0.728432 0.326514 0.728029 0.334119 0.726208 0.339848 0.723405 0.342090 0.719622 0.341592 0.716819 0.337855 0.716259 0.329884 0.717240 0.324403 0.720603 0.319919
2 0.464124 0.302633 0.466495 0.308506 0.466092 0.316110 0.464271 0.321839 0.461468 0.324081 0.457685 0.323583 0.454882 0.319847 0.454322 0.311875 0.455303 0.306395 0.458666 0.301911
1 0.807060 0.598082 0.810556 0.602225 0.812886 0.608440 0.813352 0.614655 0.812798 0.623771 0.809768 0.628807 0.804962 0.631008 0.800694 0.629350 0.797090 0.625207 0.795261 0.617141 0.796105 0.609683 0.798203 0.604711 0.800767 0.599739 0.803564 0.597667
3 0.114056 0.522381 0.115830 0.400497 0.079954 0.394584 0.079502 0.250557 0.056340 0.248454 0.054318 0.446799 0.073538 0.451004 0.071961 0.518988
3 0.891152 0.567492 0.892926 0.445609 0.857050 0.443506 0.860884 0.295668 0.834864 0.293565 0.828556 0.491910 0.850634 0.496115 0.849057 0.564099
3 0.632741 0.550390 0.634514 0.428507 0.595781 0.426404 0.599615 0.276026 0.573595 0.272653 0.568716 0.474809 0.592222 0.479014 0.590645 0.546998
3 0.369855 0.536453 0.371629 0.414570 0.332896 0.412468 0.336729 0.262089 0.310710 0.258717 0.305831 0.460872 0.329337 0.465077 0.327760 0.533061
3 0.185349 0.524940 0.187655 0.455800 0.208599 0.455551 0.211004 0.258225 0.186714 0.257598 0.183532 0.403655 0.147114 0.403655 0.146472 0.523042 0.164899 0.524736
3 0.960644 0.571566 0.962073 0.502982 0.984220 0.501712 0.984220 0.308661 0.962073 0.307391 0.961358 0.449639 0.923494 0.449639 0.922065 0.569026 0.938025 0.570077
3 0.707163 0.555359 0.708592 0.486775 0.732583 0.484685 0.735349 0.286717 0.709975 0.285446 0.707877 0.433432 0.670013 0.433432 0.667201 0.552819 0.684544 0.553870
3 0.444876 0.539992 0.446305 0.471409 0.470296 0.469319 0.473062 0.271350 0.447688 0.270080 0.445590 0.418066 0.407726 0.418066 0.404914 0.537452 0.422257 0.538503
1 0.753810 0.593041 0.757845 0.598141 0.760983 0.606271 0.760911 0.615359 0.758472 0.623517 0.754365 0.628075 0.749558 0.628839 0.745829 0.625745 0.743033 0.621602 0.740935 0.614973 0.740702 0.607514 0.742261 0.601585 0.744825 0.596613 0.748429 0.593584
1 0.547080 0.582015 0.551115 0.587116 0.554253 0.595246 0.554181 0.604333 0.551742 0.612491 0.547635 0.617049 0.542829 0.617813 0.539099 0.614720 0.536303 0.610576 0.534205 0.603947 0.533972 0.596489 0.535531 0.590559 0.538095 0.585587 0.541699 0.582558
1 0.491997 0.575732 0.496031 0.580832 0.499170 0.588962 0.499097 0.598050 0.496658 0.606208 0.492551 0.610766 0.487745 0.611530 0.484016 0.608436 0.481219 0.604293 0.479122 0.597664 0.478889 0.590205 0.480448 0.584276 0.483011 0.579304 0.486616 0.576275
1 0.285567 0.564173 0.289602 0.569273 0.292740 0.577403 0.292668 0.586491 0.290228 0.594649 0.286121 0.599206 0.281315 0.599971 0.277586 0.596877 0.274789 0.592734 0.272692 0.586104 0.272459 0.578646 0.274018 0.572717 0.276582 0.567745 0.280186 0.564716
