1 0.763699 0.443886 0.760472 0.450561 0.758525 0.459794 0.759824 0.468584 0.763294 0.475460 0.767897 0.478129 0.772666 0.476817 0.775867 0.472221 0.778022 0.467004 0.779162 0.459673 0.778380 0.452334 0.776065 0.447244 0.772904 0.443514 0.768995 0.442113
2 0.006150 0.482830 0.004643 0.489544 0.006062 0.496753 0.008605 0.501536 0.011628 0.502515 0.015233 0.500414 0.017449 0.495590 0.016915 0.487613 0.015222 0.482712 0.011351 0.479797
2 0.763451 0.169168 0.761944 0.175882 0.763363 0.183091 0.765906 0.187874 0.768930 0.188853 0.772535 0.186753 0.774750 0.181928 0.774216 0.173951 0.772523 0.169050 0.768652 0.166135
2 0.251971 0.376917 0.250464 0.383630 0.251883 0.390839 0.254426 0.395622 0.257449 0.396601 0.261054 0.394501 0.263269 0.389676 0.262736 0.381699 0.261043 0.376799 0.257172 0.373883
2 0.508118 0.267927 0.506612 0.274640 0.508031 0.281849 0.510573 0.286632 0.513597 0.287611 0.517202 0.285511 0.519417 0.280686 0.518883 0.272709 0.517190 0.267809 0.513320 0.264893
1 0.203504 0.678422 0.200670 0.683938 0.199248 0.690967 0.199636 0.697199 0.201407 0.705810 0.205029 0.709404 0.209991 0.709487 0.213910 0.706054 0.216849 0.700492 0.217533 0.691882 0.215705 0.685003 0.212997 0.681073 0.209836 0.677342 0.206841 0.676526
3 0.875507 0.360443 0.859897 0.244547 0.895213 0.227105 0.876921 0.086780 0.901894 0.077816 0.924566 0.265178 0.904072 0.277134 0.912754 0.344747
3 0.117946 0.674838 0.101595 0.559268 0.138358 0.540919 0.116872 0.398074 0.143327 0.384262 0.171071 0.581978 0.149475 0.590223 0.157974 0.656519
3 0.369369 0.568861 0.352835 0.451974 0.391257 0.435692 0.371093 0.291046 0.397002 0.278963 0.424439 0.473747 0.401457 0.482603 0.410139 0.550217
3 0.625021 0.465793 0.610717 0.342330 0.648023 0.329335 0.628234 0.181728 0.654511 0.172281 0.681390 0.368709 0.657666 0.377891 0.665974 0.448466
3 0.804419 0.388889 0.795797 0.321456 0.774692 0.330491 0.749385 0.138346 0.775285 0.127697 0.792008 0.269405 0.830132 0.256818 0.844674 0.373409 0.825350 0.382262
3 0.052003 0.703868 0.041343 0.637905 0.019674 0.646136 0.000000 0.458745 0.014899 0.448048 0.034824 0.585821 0.071578 0.569642 0.088732 0.687880 0.073757 0.692758
3 0.295738 0.602198 0.286378 0.534265 0.265214 0.542827 0.240585 0.346924 0.263745 0.336819 0.283749 0.481867 0.322168 0.466352 0.336776 0.584313 0.316935 0.592731
3 0.552252 0.493026 0.543075 0.426411 0.519505 0.434634 0.495800 0.239723 0.522108 0.229631 0.539705 0.374339 0.578308 0.360143 0.592732 0.476786 0.572708 0.483886
1 0.254291 0.655068 0.251064 0.661743 0.249117 0.670976 0.250416 0.679766 0.253886 0.686642 0.258489 0.689311 0.263258 0.688000 0.266459 0.683403 0.268614 0.678186 0.269754 0.670855 0.268972 0.663516 0.266657 0.658426 0.263496 0.654696 0.259587 0.653296
1 0.457154 0.571189 0.453928 0.577864 0.451980 0.587097 0.453279 0.595887 0.456750 0.602763 0.461353 0.605432 0.466121 0.604121 0.469323 0.599524 0.471477 0.594307 0.472617 0.586976 0.471835 0.579637 0.469520 0.574548 0.466359 0.570817 0.462451 0.569417
1 0.509906 0.548376 0.506680 0.555051 0.504732 0.564284 0.506031 0.573074 0.509502 0.579951 0.514105 0.582620 0.518873 0.581308 0.522075 0.576712 0.524229 0.571495 0.525369 0.564163 0.524587 0.556824 0.522272 0.551735 0.519111 0.548004 0.515203 0.546604
1 0.711885 0.465790 0.708658 0.472466 0.706711 0.481698 0.708010 0.490489 0.711481 0.497365 0.716084 0.500034 0.720852 0.498722 0.724054 0.494126 0.726208 0.488909 0.727348 0.481578 0.726566 0.474239 0.724251 0.469149 0.721090 0.465418 0.717182 0.464018
