2 0.040015 0.174671 0.037258 0.179983 0.037133 0.187617 0.038545 0.193700 0.041172 0.196536 0.044961 0.196867 0.048000 0.193769 0.049106 0.185980 0.048511 0.180327 0.045483 0.175144
2 0.806830 0.363116 0.804072 0.368428 0.803948 0.376063 0.805360 0.382146 0.807987 0.384982 0.811776 0.385312 0.814815 0.382215 0.815921 0.374426 0.815326 0.368773 0.812297 0.363590
2 0.290279 0.229860 0.287521 0.235172 0.287396 0.242807 0.288809 0.248890 0.291436 0.251726 0.295225 0.252056 0.298264 0.248959 0.299370 0.241169 0.298774 0.235517 0.295746 0.230334
2 0.550758 0.293295 0.548001 0.298607 0.547876 0.306242 0.549289 0.312325 0.551915 0.315161 0.555704 0.315491 0.558743 0.312394 0.559849 0.304605 0.559254 0.298952 0.556226 0.293769
1 0.181417 0.475861 0.177662 0.479211 0.174920 0.484871 0.174029 0.490938 0.173951 0.500105 0.176610 0.505764 0.181228 0.508995 0.185578 0.508281 0.189441 0.504955 0.191812 0.497348 0.191489 0.489763 0.189750 0.484371 0.187548 0.478877 0.184916 0.476212
3 0.873376 0.613811 0.882916 0.495534 0.919030 0.504578 0.932008 0.363199 0.957277 0.372237 0.939173 0.562751 0.916721 0.557832 0.911227 0.622932
3 0.105156 0.419860 0.113345 0.302888 0.149388 0.309289 0.159200 0.164458 0.184423 0.168700 0.172256 0.367239 0.149493 0.361719 0.145268 0.430557
3 0.360207 0.484537 0.368967 0.363952 0.407261 0.372077 0.418482 0.224530 0.443564 0.229112 0.429198 0.430590 0.405983 0.425805 0.401029 0.494310
3 0.620294 0.550944 0.629951 0.429385 0.668315 0.438942 0.681389 0.290292 0.706407 0.295615 0.689389 0.496718 0.665736 0.490817 0.660771 0.560038
3 0.806462 0.528094 0.785241 0.521883 0.803093 0.326815 0.827313 0.334428 0.815050 0.477440 0.851106 0.488609 0.841629 0.606010 0.801705 0.597647
3 0.037662 0.333742 0.018940 0.328931 0.034844 0.138022 0.060376 0.145181 0.047073 0.286285 0.083643 0.295152 0.074541 0.412461 0.033275 0.403552
3 0.291138 0.396794 0.267790 0.390084 0.284785 0.193438 0.310361 0.200363 0.296767 0.347660 0.335261 0.354964 0.326217 0.475607 0.285020 0.465958
3 0.545996 0.531915 0.551654 0.462485 0.527996 0.455068 0.545555 0.256699 0.570660 0.265030 0.558123 0.411028 0.596325 0.420834 0.586402 0.540702
1 0.234979 0.487827 0.230623 0.492010 0.226948 0.499394 0.226393 0.508429 0.228251 0.517057 0.232013 0.522476 0.236730 0.524282 0.240644 0.522025 0.243706 0.518522 0.246245 0.512400 0.246990 0.505049 0.245852 0.498825 0.243651 0.493331 0.240282 0.489539
1 0.438923 0.541983 0.434567 0.546166 0.430892 0.553550 0.430337 0.562585 0.432195 0.571213 0.435957 0.576631 0.440674 0.578438 0.444588 0.576180 0.447650 0.572678 0.450189 0.566556 0.450934 0.559205 0.449796 0.552980 0.447594 0.547487 0.444226 0.543695
1 0.495128 0.556962 0.490772 0.561145 0.487096 0.568529 0.486541 0.577564 0.488400 0.586192 0.492161 0.591611 0.496878 0.593417 0.500793 0.591160 0.503854 0.587657 0.506393 0.581535 0.507139 0.574184 0.506000 0.567959 0.503799 0.562466 0.500431 0.558674
1 0.699415 0.608285 0.695059 0.612468 0.691384 0.619853 0.690829 0.628887 0.692687 0.637515 0.696449 0.642934 0.701166 0.644740 0.705080 0.642483 0.708142 0.638980 0.710681 0.632858 0.711426 0.625507 0.710288 0.619283 0.708087 0.613789 0.704718 0.609997
1 0.752402 0.619783 0.748046 0.623966 0.744371 0.631350 0.743816 0.640385 0.745674 0.649013 0.749436 0.654432 0.754153 0.656238 0.758067 0.653980 0.761128 0.650478 0.763667 0.644356 0.764413 0.637005 0.763275 0.630780 0.761073 0.625287 0.757705 0.621495
