1 0.773002 0.476481 0.769372 0.482466 0.766850 0.491248 0.767583 0.500243 0.770594 0.507772 0.774998 0.511348 0.779820 0.511002 0.783293 0.507078 0.785765 0.502327 0.787363 0.495271 0.787052 0.487822 0.785075 0.482300 0.782171 0.477959 0.778377 0.475783
2 0.036990 0.453317 0.035066 0.459685 0.036018 0.467133 0.038241 0.472396 0.041183 0.473976 0.044898 0.472613 0.047406 0.468263 0.047382 0.460230 0.046011 0.455021 0.042350 0.451347
2 0.780609 0.207156 0.778685 0.213524 0.779637 0.220972 0.781860 0.226235 0.784802 0.227814 0.788517 0.226451 0.791025 0.222102 0.791001 0.214069 0.789630 0.208860 0.785969 0.205186
2 0.279466 0.369758 0.277543 0.376126 0.278495 0.383574 0.280717 0.388837 0.283659 0.390416 0.287375 0.389053 0.289882 0.384704 0.289858 0.376671 0.288488 0.371461 0.284827 0.367788
2 0.530904 0.285454 0.528980 0.291822 0.529932 0.299270 0.532155 0.304533 0.535097 0.306112 0.538812 0.304749 0.541319 0.300400 0.541296 0.292367 0.539925 0.287158 0.536264 0.283484
1 0.222238 0.657212 0.219073 0.662124 0.217214 0.668822 0.217203 0.675092 0.218415 0.684004 0.221786 0.688302 0.226712 0.689380 0.230823 0.686756 0.234096 0.681820 0.235323 0.673402 0.233944 0.666200 0.231502 0.661752 0.228599 0.657410 0.225675 0.655998
3 0.887336 0.410574 0.874464 0.292734 0.909270 0.279276 0.897507 0.138787 0.920621 0.133228 0.940347 0.321107 0.918559 0.328142 0.925092 0.397522
3 0.144080 0.655611 0.131583 0.534634 0.166647 0.523924 0.149696 0.384417 0.173641 0.373576 0.198004 0.565616 0.177609 0.571778 0.183181 0.641429
3 0.386944 0.571599 0.373893 0.451385 0.411713 0.436771 0.396940 0.292343 0.421518 0.283270 0.444643 0.480567 0.421475 0.489376 0.427768 0.557514
3 0.638888 0.487408 0.627634 0.370359 0.664571 0.357611 0.648618 0.211240 0.673698 0.202424 0.696237 0.400384 0.673556 0.406082 0.680231 0.474281
3 0.808953 0.364001 0.787793 0.369177 0.769579 0.179561 0.793144 0.171877 0.808329 0.312142 0.843811 0.300436 0.856202 0.419704 0.817375 0.432360
3 0.065588 0.603353 0.040998 0.610603 0.024245 0.419916 0.051070 0.410745 0.062426 0.554520 0.099463 0.541020 0.110819 0.661721 0.072627 0.672362
3 0.308433 0.526888 0.285782 0.531991 0.268651 0.339853 0.293718 0.331038 0.307227 0.475497 0.344338 0.463172 0.356215 0.578918 0.315198 0.593255
3 0.565378 0.513744 0.558715 0.444311 0.535741 0.451345 0.518992 0.256901 0.543382 0.249560 0.555258 0.391620 0.596279 0.378342 0.606242 0.500249
1 0.272930 0.641338 0.269300 0.647322 0.266779 0.656105 0.267511 0.665100 0.270523 0.672629 0.274927 0.676205 0.279748 0.675859 0.283221 0.671935 0.285694 0.667184 0.287292 0.660128 0.286981 0.652679 0.285004 0.647157 0.282100 0.642816 0.278306 0.640640
1 0.471646 0.574230 0.468016 0.580215 0.465495 0.588998 0.466227 0.597992 0.469239 0.605521 0.473642 0.609098 0.478464 0.608751 0.481937 0.604827 0.484409 0.600076 0.486007 0.593020 0.485696 0.585571 0.483719 0.580050 0.480816 0.575708 0.477021 0.573532
1 0.525223 0.557228 0.521593 0.563213 0.519071 0.571996 0.519804 0.580990 0.522816 0.588519 0.527219 0.592095 0.532041 0.591749 0.535514 0.587825 0.537986 0.583074 0.539584 0.576018 0.539273 0.568569 0.537296 0.563048 0.534393 0.558706 0.530598 0.556530
1 0.723097 0.495342 0.719467 0.501327 0.716946 0.510110 0.717678 0.519105 0.720690 0.526634 0.725094 0.530210 0.729915 0.529864 0.733388 0.525939 0.735860 0.521188 0.737458 0.514133 0.737147 0.506684 0.735171 0.501162 0.732267 0.496820 0.728472 0.494645
