1 0.789910 0.559829 0.785876 0.564930 0.782737 0.573060 0.782810 0.582148 0.785249 0.590306 0.789356 0.594863 0.794162 0.595628 0.797891 0.592534 0.800688 0.588391 0.802785 0.581761 0.803019 0.574303 0.801460 0.568374 0.798896 0.563402 0.795291 0.560373
2 0.042383 0.335016 0.040013 0.340889 0.040415 0.348493 0.042237 0.354223 0.045039 0.356465 0.048822 0.355966 0.051625 0.352230 0.052185 0.344258 0.051205 0.338778 0.047842 0.334294
2 0.818363 0.288900 0.815993 0.294773 0.816396 0.302377 0.818217 0.308106 0.821020 0.310348 0.824803 0.309850 0.827606 0.306114 0.828166 0.298142 0.827185 0.292662 0.823822 0.288178
2 0.295366 0.316798 0.292996 0.322671 0.293398 0.330275 0.295220 0.336004 0.298022 0.338246 0.301806 0.337748 0.304608 0.334011 0.305169 0.326040 0.304188 0.320560 0.300825 0.316076
2 0.558075 0.300093 0.555705 0.305966 0.556107 0.313570 0.557929 0.319300 0.560731 0.321542 0.564515 0.321043 0.567317 0.317307 0.567878 0.309335 0.566897 0.303855 0.563534 0.299371
1 0.212901 0.595542 0.209405 0.599685 0.207074 0.605900 0.206608 0.612115 0.207162 0.621231 0.210192 0.626267 0.214998 0.628468 0.219266 0.626810 0.222871 0.622667 0.224699 0.614601 0.223855 0.607143 0.221757 0.602171 0.219194 0.597199 0.216397 0.595128
3 0.905904 0.521179 0.904130 0.399296 0.940006 0.393383 0.940459 0.249355 0.963621 0.247253 0.965642 0.445598 0.946422 0.449803 0.947999 0.517787
3 0.128809 0.566188 0.127035 0.444304 0.162910 0.442202 0.159077 0.294364 0.185096 0.292261 0.191404 0.490606 0.169327 0.494811 0.170904 0.562795
3 0.388668 0.550390 0.386894 0.428507 0.425627 0.426404 0.421793 0.276026 0.447813 0.272653 0.452692 0.474809 0.429186 0.479014 0.430763 0.546998
3 0.653001 0.535149 0.651227 0.413266 0.689961 0.411163 0.686127 0.260785 0.712146 0.257413 0.717025 0.459568 0.693519 0.463773 0.695096 0.531757
3 0.836060 0.522400 0.833753 0.453260 0.812809 0.453012 0.810404 0.255686 0.834694 0.255058 0.837876 0.401116 0.874294 0.401116 0.874937 0.520502 0.856509 0.522196
3 0.058583 0.568992 0.057154 0.500408 0.035007 0.499138 0.035007 0.306087 0.057154 0.304817 0.057868 0.447065 0.095732 0.447065 0.097161 0.566452 0.081201 0.567503
3 0.314264 0.554089 0.312836 0.485505 0.288844 0.483415 0.286078 0.285447 0.311452 0.284177 0.313550 0.432162 0.351414 0.432162 0.354226 0.551549 0.336883 0.552600
3 0.578733 0.537453 0.577304 0.468869 0.553313 0.466779 0.550547 0.268810 0.575921 0.267540 0.578019 0.415526 0.615883 0.415526 0.618695 0.534913 0.601352 0.535963
1 0.267598 0.591771 0.263563 0.596872 0.260425 0.605002 0.260497 0.614089 0.262937 0.622247 0.267044 0.626805 0.271850 0.627569 0.275579 0.624475 0.278376 0.620332 0.280473 0.613703 0.280706 0.606245 0.279147 0.600315 0.276584 0.595343 0.272979 0.592314
1 0.473614 0.580745 0.469579 0.585846 0.466440 0.593976 0.466513 0.603063 0.468952 0.611221 0.473059 0.615779 0.477865 0.616543 0.481594 0.613450 0.484391 0.609306 0.486489 0.602677 0.486722 0.595219 0.485163 0.589289 0.482599 0.584317 0.478994 0.581288
1 0.529431 0.577070 0.525396 0.582171 0.522258 0.590301 0.522330 0.599388 0.524769 0.607546 0.528876 0.612104 0.533682 0.612868 0.537411 0.609775 0.540208 0.605631 0.542306 0.599002 0.542539 0.591544 0.540980 0.585614 0.538416 0.580642 0.534812 0.577613
1 0.736555 0.564207 0.732521 0.569308 0.729382 0.577438 0.729455 0.586525 0.731894 0.594683 0.736001 0.599241 0.740807 0.600005 0.744536 0.596911 0.747333 0.592768 0.749431 0.586139 0.749664 0.578681 0.748105 0.572751 0.745541 0.567779 0.741936 0.564750
