1 0.7647382069482405 0.5638591944846782 0.760703663742204 0.5689600291450272 0.7575651582071248 0.5770900118708977 0.7576376008005546 0.586177456067463 0.7600769121098796 0.594335415614007 0.7641838979093458 0.5988931261226262 0.7689900779345661 0.5996574073441753 0.7727191138052545 0.5965638658622714 0.7755158907082711 0.5924204926726174 0.7776134733855333 0.5857910955691711 0.7778465381274515 0.5783330238277938 0.7762875275274549 0.5724035145295142 0.7737238153663566 0.5674314667019295 0.7701191803474413 0.5644023186364078
2 0.026985548819352233 0.27943331549024913 0.02461535623900593 0.2853062140506327 0.0250178944065073 0.2929102531771832 0.026839483701584416 0.2986396964300754 0.029641928770933836 0.30088165248555493 0.033425229614555546 0.3003834400287817 0.036227674683904976 0.2966468466029825 0.03678816369777487 0.2886754472946108 0.035807307923502556 0.2831951102701053 0.03244437384028326 0.2787111981591462
2 0.8013053737402965 0.2966130179033613 0.7989351811599503 0.30248591646374495 0.7993377193274518 0.31008995559029545 0.8011593086225288 0.3158193988431876 0.8039617536918782 0.31806135489866716 0.8077450545354999 0.31756314244189393 0.8105474996048494 0.31382654901609475 0.8111079886187192 0.30585514970772304 0.8101271328444468 0.3003748126832175 0.8067641987612276 0.29589090057225836
2 0.27972004171426745 0.2807183407823413 0.27734984913392113 0.28659123934272496 0.27775238730142254 0.29419527846927546 0.27957397659649963 0.29992472172216755 0.28237642166584903 0.3021666777776471 0.28615972250947075 0.3016684653208739 0.2889621675788202 0.2979318718950747 0.2895226565926901 0.28996047258670304 0.28854180081841774 0.2844801355621975 0.2851788667351985 0.27999622345123837
2 0.5418480244432008 0.28684057979110217 0.5394778318628546 0.29271347835148576 0.5398803700303559 0.3003175174780363 0.541701959325433 0.3060469607309284 0.5445044043947823 0.30828891678640796 0.5482877052384041 0.30779070432963473 0.5510901503077537 0.30405411090383555 0.5516506393216235 0.29608271159546384 0.5506697835473511 0.2906023745709583 0.5473068494641319 0.2861184624599992
1 0.1891322099999004 0.5508039708292854 0.18563623887112984 0.5549473440189395 0.1833055914519495 0.5611624038034205 0.18283946196811346 0.5673774635879014 0.18339377100700804 0.5764928846051403 0.1864236126519425 0.581529325849107 0.19122979267716278 0.583729799276698 0.1954974006251172 0.5820724500008363 0.19910203564403234 0.5779290768111826 0.20093033228266177 0.5698634875016938 0.2000862528700482 0.5624054157603166 0.19798867019278582 0.5574333679327319 0.19542495803168744 0.552461320105147 0.19262818112867097 0.5503896335103202
3 0.8840128004162854 0.5331145480263956 0.8857769562419889 0.4112312495353858 0.9222421931692321 0.41227186707507646 0.9244639184124734 0.26758025258626095 0.948805229006538 0.2686225151982185 0.9466989027182836 0.4648710041851826 0.9234842429698362 0.46364247647990664 0.9231840446151028 0.533915336138445
3 0.10997364070159905 0.5116519875417634 0.10996881252478843 0.3929135494996677 0.1470237107862033 0.39290752529532047 0.14790725224037696 0.2440211184690194 0.17274757780437228 0.2440150942646722 0.17331404754948707 0.3574637494420414 0.17374841930769944 0.4444567305168549 0.1499021580171408 0.44342049210924456 0.14971012239234402 0.5103562020212036
3 0.3672411925104379 0.5174404978405459 0.3666467029994559 0.39660548616584085 0.4047902775649729 0.39764774877779824 0.4068531416874891 0.2472694862730319 0.4328727899198273 0.24704167763760437 0.4324448012698462 0.45024524081563755 0.4095283551626652 0.4513055760406366 0.4093363195378686 0.5182412859525956
3 0.6297891958573782 0.5263102396469348 0.630025116982685 0.4025660769849697 0.6687583528823731 0.40418520748992326 0.6697500570664833 0.25442723304214193 0.6954452171090114 0.2548197124636995 0.6946683164269765 0.45806669580572146 0.6714866971754341 0.45598217058180635 0.6704886747565927 0.52687531829733
3 0.8135062313652494 0.4602840819536402 0.7912498236001952 0.4591796771661234 0.7931052141490753 0.26200247160839196 0.8182253201079738 0.262851402681601 0.8172798671183371 0.40813969710265174 0.8542874148389914 0.41062084933059206 0.8525960312493581 0.5324886988127209 0.8130243637516772 0.5308451192815502
3 0.03869241204452934 0.441472983906102 0.015955883334082203 0.440202912658717 0.018314528670767834 0.24715208305619896 0.04576834805458619 0.2500751590740329 0.04294479512621182 0.3923231387811515 0.07903981018636254 0.39441971241376095 0.07693067233464222 0.5138064096679498 0.039153365888006664 0.5117124026894745
3 0.2928212899445727 0.4479636057562412 0.26883018688059956 0.4458738742032129 0.2731397693591104 0.24476022231792122 0.29851404918885655 0.2466350115194503 0.2958943503579123 0.3956689001823765 0.3337583494205773 0.39671718699868125 0.33362204966880143 0.5171521710691747 0.29210292111970715 0.5150581640906995
3 0.553876691172612 0.5254404927785692 0.5545657570538722 0.4537552051348548 0.5312724780540073 0.45228576163881146 0.534053825832121 0.2509798204558544 0.5601503535682193 0.2516140335434133 0.5586018146756813 0.4004122127446852 0.5972962243746347 0.40188849832030976 0.5953909406203448 0.5266654987896984
1 0.24311508477740007 0.5492327266217988 0.2390805415713636 0.5543335612821478 0.23594203603628447 0.5624635440080183 0.23601447862971434 0.5715509882045836 0.2384537899390393 0.5797089477511277 0.24256077573850543 0.584266658259747 0.24736695576372564 0.5850309394812959 0.2510959916344142 0.5819373979993919 0.2538927685374307 0.577794024809738 0.255990351214693 0.5711646277062917 0.2562234159566111 0.5637065559649145 0.2546644053566145 0.5577770466666349 0.2521006931955162 0.5528049988390501 0.24849605817660098 0.5497758507735284
1 0.4492552717223465 0.5585229332135647 0.4452207285163101 0.5636237678739137 0.4420822229812309 0.5717537505997843 0.4421546655746608 0.5808411947963495 0.4445939768839857 0.5889991543428936 0.44870096268345194 0.5935568648515128 0.45350714270867215 0.5943211460730617 0.4572361785793607 0.5912276045911579 0.46003295548237716 0.5870842314015039 0.46213053815963945 0.5804548342980576 0.4623636029015576 0.5729967625566803 0.46080459230156096 0.5670672532584008 0.45824088014046266 0.562095205430816 0.45463624512154743 0.5590660573652944
1 0.5050723307577083 0.5593658520890984 0.5010377875516719 0.5644666867494473 0.4978992820165927 0.572596669475318 0.4979717246100226 0.5816841136718831 0.5004110359193475 0.5898420732184273 0.5045180217188138 0.5943997837270465 0.5093242017440339 0.5951640649485954 0.5130532376147225 0.5920705234666915 0.5158500145177389 0.5879271502770376 0.5179475971950013 0.5812977531735912 0.5181806619369194 0.573839681432214 0.5166216513369227 0.5679101721339344 0.5140579391758245 0.5629381243063496 0.5104533041569093 0.559908976240828
1 0.7123547187843516 0.5622269637740795 0.7083201755783152 0.5673277984344285 0.7051816700432361 0.575457781160299 0.7052541126366658 0.5845452253568643 0.7076934239459908 0.5927031849034083 0.711800409745457 0.5972608954120276 0.7166065897706773 0.5980251766335766 0.7203356256413658 0.5949316351516726 0.7231324025443823 0.5907882619620186 0.7252299852216446 0.5841588648585724 0.7254630499635627 0.5767007931171951 0.7239040393635661 0.5707712838189155 0.7213403272024678 0.5657992359913308 0.7177356921835525 0.5627700879258091
