1 0.209864 0.560386 0.213899 0.565487 0.217037 0.573617 0.216965 0.582705 0.214525 0.590863 0.210418 0.595420 0.205612 0.596185 0.201883 0.593091 0.199086 0.588948 0.196989 0.582318 0.196756 0.574860 0.198315 0.568931 0.200878 0.563959 0.204483 0.560930
2 0.958424 0.334855 0.960794 0.340728 0.960392 0.348332 0.958570 0.354062 0.955768 0.356304 0.951984 0.355805 0.949182 0.352069 0.948622 0.344097 0.949602 0.338617 0.952965 0.334133
2 0.180657 0.289057 0.183027 0.294930 0.182624 0.302534 0.180803 0.308264 0.178000 0.310506 0.174217 0.310008 0.171415 0.306271 0.170854 0.298300 0.171835 0.292819 0.175198 0.288335
2 0.704280 0.316955 0.706650 0.322828 0.706248 0.330432 0.704426 0.336161 0.701624 0.338403 0.697840 0.337905 0.695038 0.334169 0.694477 0.326197 0.695458 0.320717 0.698821 0.316233
2 0.440589 0.301045 0.442959 0.306918 0.442557 0.314522 0.440735 0.320251 0.437933 0.322493 0.434149 0.321995 0.431347 0.318258 0.430786 0.310287 0.431767 0.304807 0.435130 0.300323
1 0.787788 0.594829 0.791284 0.598972 0.793615 0.605188 0.794081 0.611403 0.793527 0.620518 0.790497 0.625554 0.785691 0.627755 0.781423 0.626098 0.777818 0.621954 0.775990 0.613889 0.776834 0.606431 0.778932 0.601459 0.781496 0.596486 0.784292 0.594415
3 0.093870 0.523362 0.095644 0.401479 0.059768 0.395566 0.059316 0.251538 0.036154 0.249436 0.034132 0.447781 0.053352 0.451986 0.051775 0.519970
3 0.871284 0.566188 0.873058 0.444304 0.837182 0.442202 0.841016 0.294364 0.814996 0.292261 0.808689 0.490606 0.830766 0.494811 0.829189 0.562795
3 0.611246 0.548802 0.613020 0.426919 0.574286 0.424816 0.578120 0.274438 0.552101 0.271065 0.547222 0.473220 0.570728 0.477426 0.569151 0.545410
3 0.348073 0.533561 0.349847 0.411678 0.311114 0.409575 0.314948 0.259197 0.288928 0.255824 0.284049 0.457980 0.307555 0.462185 0.305978 0.530169
3 0.164429 0.524940 0.166735 0.455800 0.187680 0.455551 0.190085 0.258225 0.165795 0.257598 0.162613 0.403655 0.126195 0.403655 0.125552 0.523042 0.143980 0.524736
3 0.940616 0.570262 0.942045 0.501678 0.964192 0.500408 0.964192 0.307357 0.942045 0.306087 0.941331 0.448335 0.903467 0.448335 0.902038 0.567722 0.917998 0.568773
3 0.685381 0.552182 0.686810 0.483599 0.710801 0.481509 0.713568 0.283540 0.688194 0.282270 0.686096 0.430256 0.648232 0.430256 0.645420 0.549642 0.662763 0.550693
3 0.421627 0.536816 0.423056 0.468232 0.447047 0.466142 0.449814 0.268174 0.424439 0.266903 0.422342 0.414889 0.384478 0.414889 0.381666 0.534276 0.399009 0.535327
1 0.733805 0.591414 0.737840 0.596515 0.740978 0.604645 0.740906 0.613733 0.738467 0.621891 0.734360 0.626448 0.729554 0.627213 0.725824 0.624119 0.723028 0.619976 0.720930 0.613346 0.720697 0.605888 0.722256 0.599959 0.724820 0.594987 0.728424 0.591957
1 0.525246 0.578762 0.529280 0.583863 0.532419 0.591993 0.532347 0.601081 0.529907 0.609239 0.525800 0.613796 0.520994 0.614561 0.517265 0.611467 0.514468 0.607324 0.512371 0.600694 0.512138 0.593236 0.513697 0.587307 0.516260 0.582335 0.519865 0.579306
1 0.470344 0.576714 0.474378 0.581814 0.477517 0.589944 0.477444 0.599032 0.475005 0.607190 0.470898 0.611747 0.466092 0.612512 0.462363 0.609418 0.459566 0.605275 0.457468 0.598645 0.457235 0.591187 0.458794 0.585258 0.461358 0.580286 0.464963 0.577257
1 0.264647 0.563850 0.268682 0.568951 0.271821 0.577081 0.271748 0.586169 0.269309 0.594327 0.265202 0.598884 0.260396 0.599649 0.256667 0.596555 0.253870 0.592412 0.251772 0.585782 0.251539 0.578324 0.253098 0.572395 0.255662 0.567423 0.259267 0.564393
