1 0.774703 0.416653 0.770669 0.411552 0.767530 0.403422 0.767603 0.394335 0.770042 0.386177 0.774149 0.381619 0.778955 0.380855 0.782684 0.383948 0.785481 0.388092 0.787579 0.394721 0.787812 0.402179 0.786253 0.408109 0.783689 0.413081 0.780084 0.416110
2 0.029020 0.664142 0.026650 0.658269 0.027052 0.650665 0.028874 0.644935 0.031676 0.642693 0.035460 0.643191 0.038262 0.646928 0.038822 0.654899 0.037842 0.660380 0.034479 0.664864
2 0.805039 0.688562 0.802669 0.682689 0.803071 0.675085 0.804893 0.669356 0.807695 0.667114 0.811478 0.667612 0.814281 0.671349 0.814841 0.679320 0.813860 0.684800 0.810498 0.689284
2 0.281201 0.678095 0.278831 0.672222 0.279234 0.664618 0.281055 0.658889 0.283858 0.656647 0.287641 0.657145 0.290443 0.660882 0.291004 0.668853 0.290023 0.674333 0.286660 0.678817
2 0.545087 0.684320 0.542717 0.678448 0.543119 0.670843 0.544941 0.665114 0.547744 0.662872 0.551527 0.663370 0.554329 0.667107 0.554890 0.675078 0.553909 0.680559 0.550546 0.685043
1 0.197104 0.399591 0.193608 0.395448 0.191278 0.389233 0.190812 0.383018 0.191366 0.373902 0.194396 0.368866 0.199202 0.366665 0.203470 0.368323 0.207074 0.372466 0.208903 0.380532 0.208058 0.387990 0.205961 0.392962 0.203397 0.397934 0.200600 0.400005
3 0.888841 0.455536 0.890151 0.578225 0.926616 0.579542 0.925209 0.722683 0.949551 0.724060 0.950619 0.528617 0.929359 0.527799 0.928849 0.456348
3 0.114477 0.436932 0.113629 0.556420 0.149841 0.557924 0.146512 0.706061 0.172195 0.708314 0.176988 0.508622 0.153563 0.505913 0.155477 0.437479
3 0.372442 0.443749 0.371005 0.565333 0.409570 0.568036 0.408262 0.716916 0.433018 0.718642 0.435521 0.607924 0.437646 0.513940 0.414729 0.513629 0.414537 0.442948
3 0.636054 0.450665 0.634532 0.571800 0.673266 0.573902 0.671453 0.724280 0.697556 0.725257 0.701342 0.521156 0.675645 0.520244 0.677307 0.450463
3 0.818788 0.522794 0.795484 0.525139 0.794758 0.725046 0.820680 0.724383 0.822910 0.574939 0.859918 0.574939 0.859971 0.455552 0.817957 0.455955
3 0.041642 0.503986 0.022276 0.502260 0.021264 0.696809 0.046190 0.696882 0.045894 0.553136 0.083253 0.555534 0.083672 0.433900 0.042103 0.433747
3 0.296482 0.513354 0.273755 0.511699 0.273429 0.710565 0.298382 0.711687 0.299133 0.564151 0.337840 0.566099 0.338547 0.441170 0.297449 0.441766
3 0.559644 0.447710 0.559563 0.517043 0.535572 0.517635 0.536595 0.719947 0.561632 0.719570 0.562888 0.571135 0.601931 0.570537 0.601711 0.448604
1 0.251087 0.402934 0.247053 0.397833 0.243914 0.389703 0.243987 0.380616 0.246426 0.372458 0.250533 0.367900 0.255339 0.367136 0.259068 0.370229 0.261865 0.374373 0.263963 0.381002 0.264196 0.388460 0.262637 0.394390 0.260073 0.399362 0.256468 0.402391
1 0.458224 0.407817 0.454189 0.402716 0.451051 0.394586 0.451123 0.385498 0.453563 0.377340 0.457670 0.372783 0.462476 0.372018 0.466205 0.375112 0.469002 0.379255 0.471099 0.385885 0.471332 0.393343 0.469773 0.399272 0.467210 0.404244 0.463605 0.407273
1 0.513045 0.412288 0.509010 0.407188 0.505872 0.399058 0.505944 0.389970 0.508383 0.381812 0.512490 0.377255 0.517296 0.376490 0.521025 0.379584 0.523822 0.383727 0.525920 0.390357 0.526153 0.397815 0.524594 0.403744 0.522030 0.408716 0.518426 0.411745
1 0.718334 0.416514 0.714299 0.411413 0.711161 0.403283 0.711233 0.394196 0.713673 0.386038 0.717780 0.381480 0.722586 0.380716 0.726315 0.383809 0.729112 0.387952 0.731209 0.394582 0.731442 0.402040 0.729883 0.407969 0.727319 0.412942 0.723715 0.415971
