1 0.772422 0.539390 0.768388 0.544491 0.765249 0.552621 0.765322 0.561709 0.767761 0.569867 0.771868 0.574424 0.776674 0.575189 0.780403 0.572095 0.783200 0.567952 0.785298 0.561322 0.785531 0.553864 0.783972 0.547935 0.781408 0.542963 0.777803 0.539934
2 0.044264 0.347348 0.041894 0.353221 0.042297 0.360825 0.044118 0.366555 0.046921 0.368797 0.050704 0.368299 0.053507 0.364562 0.054067 0.356591 0.053086 0.351110 0.049723 0.346626
2 0.799541 0.274071 0.797171 0.279944 0.797574 0.287548 0.799395 0.293277 0.802198 0.295519 0.805981 0.295021 0.808783 0.291284 0.809344 0.283313 0.808363 0.277833 0.805000 0.273349
2 0.290782 0.320190 0.288411 0.326063 0.288814 0.333667 0.290635 0.339396 0.293438 0.341638 0.297221 0.341140 0.300024 0.337403 0.300584 0.329432 0.299603 0.323952 0.296240 0.319468
2 0.546238 0.294352 0.543868 0.300225 0.544271 0.307829 0.546092 0.313558 0.548895 0.315800 0.552678 0.315302 0.555481 0.311565 0.556041 0.303594 0.555060 0.298114 0.551697 0.293630
1 0.213140 0.592088 0.209644 0.596232 0.207314 0.602447 0.206848 0.608662 0.207402 0.617777 0.210432 0.622814 0.215238 0.625014 0.219505 0.623357 0.223110 0.619213 0.224938 0.611148 0.224094 0.603690 0.221997 0.598718 0.219433 0.593746 0.216636 0.591674
3 0.890589 0.500300 0.886389 0.380491 0.921882 0.375142 0.920429 0.233128 0.943753 0.232926 0.949658 0.423761 0.927542 0.425732 0.928977 0.496031
3 0.135754 0.572546 0.132154 0.449713 0.167703 0.447148 0.161034 0.304916 0.185566 0.299667 0.195767 0.495693 0.175095 0.497118 0.175557 0.567465
3 0.382688 0.545029 0.378484 0.422824 0.417048 0.417020 0.412897 0.270410 0.437928 0.267059 0.446520 0.468014 0.422906 0.471427 0.424193 0.540439
3 0.638639 0.519418 0.635986 0.400765 0.673540 0.396609 0.668360 0.247800 0.693871 0.244820 0.701832 0.446297 0.678927 0.446738 0.680589 0.515899
3 0.816248 0.436112 0.794889 0.436384 0.790610 0.244174 0.814536 0.241967 0.819398 0.384544 0.855433 0.381087 0.859052 0.502202 0.819630 0.505833
3 0.061717 0.502696 0.036807 0.504236 0.034054 0.311300 0.061321 0.308367 0.062132 0.453546 0.099840 0.448667 0.102328 0.570965 0.063682 0.572743
3 0.308084 0.482657 0.285253 0.482513 0.282230 0.288051 0.307728 0.285069 0.310624 0.431420 0.348319 0.427723 0.351684 0.545227 0.309969 0.550022
3 0.563831 0.528647 0.562271 0.458266 0.538978 0.459963 0.536502 0.263301 0.561221 0.261625 0.562672 0.405222 0.604315 0.401479 0.605333 0.524652
1 0.264561 0.587991 0.260527 0.593092 0.257388 0.601222 0.257460 0.610310 0.259900 0.618468 0.264007 0.623025 0.268813 0.623790 0.272542 0.620696 0.275339 0.616553 0.277436 0.609923 0.277669 0.602465 0.276110 0.596536 0.273547 0.591564 0.269942 0.588535
1 0.466488 0.567094 0.462454 0.572195 0.459315 0.580325 0.459388 0.589413 0.461827 0.597571 0.465934 0.602128 0.470740 0.602893 0.474469 0.599799 0.477266 0.595656 0.479363 0.589026 0.479597 0.581568 0.478038 0.575639 0.475474 0.570667 0.471869 0.567637
1 0.520852 0.562542 0.516817 0.567643 0.513679 0.575773 0.513751 0.584860 0.516190 0.593018 0.520297 0.597576 0.525104 0.598340 0.528833 0.595247 0.531629 0.591103 0.533727 0.584474 0.533960 0.577016 0.532401 0.571086 0.529837 0.566114 0.526233 0.563085
1 0.721565 0.546630 0.717531 0.551731 0.714392 0.559861 0.714465 0.568948 0.716904 0.577106 0.721011 0.581664 0.725817 0.582428 0.729546 0.579335 0.732343 0.575191 0.734440 0.568562 0.734674 0.561104 0.733115 0.555174 0.730551 0.550202 0.726946 0.547173
