1 0.7999418259871505 0.5530181099687222 0.795907282781114 0.5581189446290711 0.7927687772460348 0.5662489273549417 0.7928412198394647 0.575336371551507 0.7952805311487896 0.583494331098051 0.7993875169482558 0.5880520416066702 0.8041936969734761 0.5888163228282192 0.8079227328441645 0.5857227813463153 0.8107195097471811 0.5815794081566614 0.8128170924244433 0.574950011053215 0.8130501571663615 0.5674919393118377 0.8114911465663649 0.5615624300135582 0.8089274344052666 0.5565903821859735 0.8053227993863513 0.5535612341204518
2 0.05209327068366102 0.3428085470664338 0.04972307810331472 0.3486814456268174 0.0501256162708161 0.3562854847533679 0.051947205565893204 0.36201492800626006 0.054749650635242626 0.3642568840617396 0.05853295147886435 0.3637586716049664 0.061335396548213766 0.3600220781791672 0.06189588556208367 0.3520506788707955 0.060915029787811346 0.34657034184629 0.057552095704592056 0.3420864297353309
2 0.8241868852375903 0.28008004611889903 0.8218166926572441 0.2859529446792826 0.8222192308247455 0.2935569838058331 0.8240408201198225 0.29928642705872527 0.8268432651891718 0.3015283831142048 0.8306265660327936 0.3010301706574316 0.8334290111021432 0.2972935772316324 0.833989500116013 0.2893221779232607 0.8330086443417406 0.2838418408987552 0.8296457102585214 0.2793579287877961
2 0.30220508508048216 0.3135919990160733 0.29983489250013584 0.3194648975764569 0.3002374306676372 0.32706893670300735 0.30205901996271434 0.3327983799558995 0.30486146503206374 0.33504033601137906 0.30864476587568546 0.33454212355460583 0.31144721094503486 0.33080553012880665 0.31200769995890476 0.32283413082043494 0.31102684418463244 0.31735379379592943 0.30766391010141314 0.3128698816849704
2 0.5684169847953189 0.2971458815878912 0.5660467922149727 0.30301878014827477 0.5664493303824741 0.3106228192748253 0.5682709196775512 0.3163522625277175 0.5710733647469005 0.31859421858319703 0.5748566655905223 0.3180960061264238 0.5776591106598717 0.3143594127006246 0.5782195996737416 0.30638801339225286 0.5772387438994692 0.30090767636774735 0.57387580981625 0.29642376425678824
1 0.22691568460381797 0.5996053197990007 0.2234197134750474 0.6037486929886546 0.22108906605586706 0.6099637527731356 0.22062293657203103 0.6161788125576166 0.2211772456109256 0.6252942335748554 0.22420708725586005 0.6303306748188221 0.22901326728108035 0.6325311482464131 0.23328087522903476 0.6308737989705514 0.2368855102479499 0.6267304257808977 0.23871380688657934 0.6186648364714089 0.23786972747396576 0.6112067647300318 0.2357721447967034 0.606234716902447 0.233208432635605 0.6012626690748623 0.23041165573258854 0.5991909824800353
3 0.9156091243073046 0.5110796867235107 0.9114098577520743 0.3912709741449633 0.9469027705488594 0.38592115252695053 0.9449960383568496 0.23665034000682791 0.9701340088229701 0.23564147659722745 0.9746780814724717 0.43454074357396266 0.9525621144786708 0.43651155061135455 0.9539972171656217 0.5068105734235473
3 0.1419089905313923 0.5722734898312968 0.13830926333267515 0.4494401683093227 0.17521930474513447 0.4452626031783675 0.17217903862059378 0.30061126493282353 0.19716422103354472 0.2977812237339767 0.20373657800913503 0.49542065681703756 0.1812502305413338 0.49684567063397417 0.183980653530139 0.5671924483146777
3 0.3994587423917562 0.550957001216187 0.39525469955352155 0.42875265178399596 0.4338196145755704 0.4229482256085218 0.43175461593627373 0.27778979084666827 0.4569673175610074 0.2723421544683282 0.4632911268651921 0.47394237676243844 0.439676856693903 0.47735510257186164 0.4409642080850154 0.5463674861130368
3 0.6630500676330852 0.5264730323786114 0.6580390781872454 0.4078199358160429 0.6967723140869337 0.40261589769416106 0.691229622301618 0.25187166523577353 0.7174654792825231 0.24969765094986357 0.7262438263765554 0.4533523180742779 0.7033386907325897 0.4537925727290591 0.70500033781156 0.5229536179171435
3 0.8426404026484132 0.44428891291693445 0.8212819070481135 0.4445609923396195 0.8165489425323584 0.2442865219304702 0.8413821125289216 0.2436928850936541 0.8457906263030968 0.39272072014325465 0.8818258498932932 0.38926356767940307 0.8854442149422772 0.5103788411655177 0.8460230275681063 0.5140091822894772
3 0.07022655303109654 0.5069440335259922 0.047130878350246624 0.5092904491375968 0.04619207156140823 0.3147415201340765 0.06983036280775544 0.31261524388128525 0.07064090376018407 0.4577941884010417 0.10834885222198463 0.45291531160270365 0.11083680545953657 0.5752128661793703 0.07219131773272693 0.5769911630116995
3 0.32131808823402286 0.4829519387906106 0.29893991857169966 0.48522774379707306 0.29410332345390006 0.28512066489931503 0.3214149081637999 0.28213839112788397 0.32340457069890294 0.43010217914912746 0.36246016270668596 0.429630552739052 0.36582525355222606 0.5495541103926833 0.32365630552125757 0.5543485060304107
3 0.5917943648902649 0.5353771055114002 0.5878751459303443 0.46604420845210986 0.5645818669304794 0.4666931524140536 0.5589760958489602 0.2662415024145184 0.5840126573985609 0.2635167519301198 0.5894555892374397 0.41195216636143894 0.628149998936393 0.40820862419415077 0.63211702139288 0.5313822837796167
1 0.28090188032603886 0.5942101349429977 0.2768673371200024 0.5993109696033465 0.2737288315849232 0.6074409523292172 0.2738012741783531 0.6165283965257824 0.27624058548767805 0.6246863560723266 0.2803475712871442 0.6292440665809457 0.2851537513123644 0.6300083478024946 0.288882787183053 0.6269148063205908 0.2916795640860695 0.6227714331309369 0.2937771467633318 0.6161420360274904 0.29401021150524986 0.6086839642861132 0.2924512009052533 0.6027544549878336 0.28988748874415493 0.597782407160249 0.28628285372523976 0.5947532590947273
1 0.4850271637878628 0.5771788408730583 0.4809926205818264 0.5822796755334071 0.4778541150467472 0.5904096582592778 0.4779265576401771 0.5994971024558429 0.48036586894950206 0.6076550620023871 0.48447285474896823 0.6122127725110063 0.48927903477418844 0.6129770537325552 0.493008070644877 0.6098835122506514 0.49580484754789345 0.6057401390609974 0.49790243022515573 0.599110741957551 0.4981354949670739 0.5916526702161737 0.49657648436707724 0.5857231609178942 0.494012772205979 0.5807511130903095 0.4904081371870637 0.5777219650247879
1 0.5423271338506575 0.5727210261288203 0.5382925906446211 0.5778218607891692 0.5351540851095419 0.5859518435150397 0.5352265277029717 0.5950392877116049 0.5376658390122967 0.603197247258149 0.5417728248117629 0.6077549577667682 0.5465790048369832 0.6085192389883172 0.5503080407076717 0.6054256975064134 0.5531048176106882 0.6012823243167594 0.5552024002879504 0.594652927213313 0.5554354650298685 0.5871948554719357 0.5538764544298719 0.5812653461736562 0.5513127422687737 0.5762932983460715 0.5477081072498584 0.5732641502805498
1 0.746849906833379 0.5540832639027287 0.7428153636273426 0.5591840985630776 0.7396768580922634 0.5673140812889481 0.7397493006856932 0.5764015254855134 0.7421886119950182 0.5845594850320575 0.7462955977944844 0.5891171955406768 0.7511017778197047 0.5898814767622257 0.7548308136903931 0.5867879352803217 0.7576275905934097 0.5826445620906678 0.7597251732706719 0.5760151649872215 0.7599582380125901 0.5685570932458442 0.7583992274125935 0.5626275839475646 0.7558355152514952 0.5576555361199799 0.7522308802325799 0.5546263880544582
