1 0.799175 0.456521 0.795141 0.451420 0.792002 0.443290 0.792075 0.434203 0.794514 0.426045 0.798621 0.421487 0.803427 0.420723 0.807156 0.423817 0.809953 0.427960 0.812051 0.434589 0.812284 0.442047 0.810725 0.447977 0.808161 0.452949 0.804556 0.455978
2 0.052860 0.657191 0.050490 0.651319 0.050892 0.643715 0.052714 0.637985 0.055516 0.635743 0.059300 0.636241 0.062102 0.639978 0.062662 0.647949 0.061682 0.653430 0.058319 0.657914
2 0.826487 0.726734 0.824116 0.720861 0.824519 0.713257 0.826340 0.707527 0.829143 0.705285 0.832926 0.705784 0.835729 0.709520 0.836289 0.717492 0.835308 0.722972 0.831945 0.727456
2 0.306038 0.682320 0.303668 0.676447 0.304070 0.668843 0.305892 0.663113 0.308694 0.660871 0.312478 0.661370 0.315280 0.665106 0.315840 0.673078 0.314860 0.678558 0.311497 0.683042
2 0.567650 0.705580 0.565280 0.699707 0.565683 0.692103 0.567504 0.686373 0.570307 0.684131 0.574090 0.684630 0.576893 0.688366 0.577453 0.696338 0.576472 0.701818 0.573109 0.706302
1 0.225383 0.404483 0.221887 0.400340 0.219556 0.394125 0.219090 0.387910 0.219644 0.378794 0.222674 0.373758 0.227480 0.371557 0.231748 0.373215 0.235352 0.377358 0.237181 0.385423 0.236337 0.392882 0.234239 0.397854 0.231675 0.402826 0.228879 0.404897
3 0.916376 0.497097 0.912176 0.616906 0.947669 0.622255 0.945763 0.771526 0.970901 0.772535 0.975445 0.573636 0.953329 0.571665 0.954764 0.501366
3 0.144209 0.431815 0.140609 0.554648 0.177519 0.558826 0.174479 0.703477 0.199464 0.706307 0.206036 0.508668 0.183550 0.507243 0.186280 0.436896
3 0.400992 0.451769 0.396788 0.573973 0.435353 0.579777 0.433288 0.724936 0.458500 0.730383 0.464824 0.528783 0.441210 0.525370 0.442497 0.456358
3 0.662284 0.480341 0.657273 0.598994 0.696006 0.604198 0.690463 0.754942 0.716699 0.757116 0.725477 0.553462 0.702572 0.553021 0.704234 0.483860
3 0.842640 0.562525 0.821282 0.562253 0.816549 0.762527 0.841382 0.763121 0.845791 0.614093 0.881826 0.617550 0.885444 0.496435 0.846023 0.492805
3 0.070993 0.497144 0.047897 0.494798 0.046959 0.689347 0.070597 0.691473 0.071407 0.546294 0.109115 0.551173 0.111603 0.428875 0.072958 0.427097
3 0.324384 0.519774 0.302006 0.517498 0.297170 0.717605 0.324481 0.720587 0.326471 0.572623 0.365526 0.573095 0.368891 0.453171 0.326723 0.448377
3 0.591028 0.470074 0.587109 0.539407 0.563815 0.538758 0.558210 0.739210 0.583246 0.741934 0.588689 0.593499 0.627383 0.597242 0.631350 0.474069
1 0.280600 0.410415 0.276565 0.405314 0.273427 0.397184 0.273499 0.388097 0.275939 0.379939 0.280046 0.375381 0.284852 0.374617 0.288581 0.377710 0.291378 0.381854 0.293475 0.388483 0.293708 0.395941 0.292149 0.401871 0.289585 0.406843 0.285981 0.409872
1 0.486560 0.428272 0.482526 0.423171 0.479387 0.415041 0.479460 0.405954 0.481899 0.397796 0.486006 0.393238 0.490812 0.392474 0.494541 0.395568 0.497338 0.399711 0.499436 0.406340 0.499669 0.413798 0.498110 0.419728 0.495546 0.424700 0.491941 0.427729
1 0.540794 0.432730 0.536759 0.427629 0.533621 0.419499 0.533693 0.410412 0.536133 0.402254 0.540240 0.397696 0.545046 0.396932 0.548775 0.400025 0.551572 0.404169 0.553669 0.410798 0.553902 0.418256 0.552343 0.424186 0.549780 0.429158 0.546175 0.432187
1 0.746083 0.450005 0.742049 0.444904 0.738910 0.436774 0.738983 0.427687 0.741422 0.419529 0.745529 0.414971 0.750335 0.414207 0.754064 0.417300 0.756861 0.421444 0.758959 0.428073 0.759192 0.435531 0.757633 0.441461 0.755069 0.446433 0.751464 0.449462
