1 0.204658 0.544841 0.208692 0.549942 0.211831 0.558072 0.211758 0.567160 0.209319 0.575318 0.205212 0.579875 0.200406 0.580640 0.196677 0.577546 0.193880 0.573403 0.191782 0.566773 0.191549 0.559315 0.193108 0.553386 0.195672 0.548414 0.199277 0.545385
2 0.950973 0.338720 0.953343 0.344593 0.952941 0.352197 0.951119 0.357927 0.948317 0.360169 0.944533 0.359670 0.941731 0.355934 0.941170 0.347962 0.942151 0.342482 0.945514 0.337998
2 0.177346 0.270541 0.179716 0.276414 0.179314 0.284018 0.177492 0.289747 0.174690 0.291989 0.170907 0.291491 0.168104 0.287754 0.167544 0.279783 0.168524 0.274302 0.171887 0.269819
2 0.697795 0.313592 0.700165 0.319465 0.699763 0.327069 0.697941 0.332798 0.695139 0.335040 0.691355 0.334542 0.688553 0.330806 0.687992 0.322834 0.688973 0.317354 0.692336 0.312870
2 0.435416 0.290332 0.437786 0.296205 0.437383 0.303809 0.435562 0.309538 0.432759 0.311780 0.428976 0.311282 0.426174 0.307546 0.425613 0.299574 0.426594 0.294094 0.429957 0.289610
1 0.779217 0.592791 0.782713 0.596935 0.785043 0.603150 0.785510 0.609365 0.784955 0.618480 0.781925 0.623517 0.777119 0.625717 0.772852 0.624060 0.769247 0.619917 0.767419 0.611851 0.768263 0.604393 0.770360 0.599421 0.772924 0.594449 0.775721 0.592377
3 0.086691 0.501540 0.090890 0.381732 0.055397 0.376382 0.057304 0.227111 0.032166 0.226102 0.027622 0.425001 0.049738 0.426972 0.048302 0.497271
3 0.861157 0.565460 0.864757 0.442626 0.827847 0.438449 0.830887 0.293797 0.805902 0.290967 0.799330 0.488607 0.821816 0.490032 0.819086 0.560379
3 0.602841 0.542780 0.607045 0.420576 0.568480 0.414772 0.570545 0.269613 0.545332 0.264166 0.539009 0.465766 0.562623 0.469178 0.561335 0.538191
3 0.340783 0.518296 0.345794 0.399643 0.307060 0.394439 0.312603 0.243695 0.286367 0.241521 0.277589 0.445176 0.300494 0.445616 0.298832 0.514777
3 0.160426 0.437475 0.181784 0.437747 0.186517 0.237473 0.161684 0.236879 0.157276 0.385907 0.121240 0.382450 0.117622 0.503565 0.157043 0.507195
3 0.932840 0.500130 0.955935 0.502477 0.956874 0.307928 0.933236 0.305801 0.932425 0.450980 0.894717 0.446101 0.892229 0.568399 0.930875 0.570177
3 0.680215 0.477501 0.702593 0.479777 0.707430 0.279670 0.680118 0.276687 0.678129 0.424651 0.639073 0.424179 0.635708 0.544103 0.677877 0.548897
3 0.413572 0.527200 0.417491 0.457868 0.440784 0.458517 0.446390 0.258065 0.421353 0.255340 0.415910 0.403776 0.377216 0.400032 0.373249 0.523206
1 0.724766 0.588222 0.728801 0.593323 0.731939 0.601453 0.731867 0.610540 0.729427 0.618698 0.725320 0.623256 0.720514 0.624020 0.716785 0.620927 0.713988 0.616783 0.711891 0.610154 0.711658 0.602696 0.713217 0.596766 0.715780 0.591794 0.719385 0.588765
1 0.516506 0.569002 0.520540 0.574103 0.523679 0.582233 0.523607 0.591320 0.521167 0.599478 0.517060 0.604036 0.512254 0.604800 0.508525 0.601707 0.505728 0.597564 0.503631 0.590934 0.503398 0.583476 0.504957 0.577547 0.507520 0.572574 0.511125 0.569545
1 0.462272 0.567270 0.466307 0.572371 0.469445 0.580501 0.469373 0.589588 0.466934 0.597746 0.462827 0.602304 0.458020 0.603068 0.454291 0.599975 0.451495 0.595831 0.449397 0.589202 0.449164 0.581744 0.450723 0.575814 0.453287 0.570842 0.456891 0.567813
1 0.256216 0.549995 0.260251 0.555096 0.263389 0.563226 0.263317 0.572313 0.260878 0.580471 0.256771 0.585029 0.251964 0.585793 0.248235 0.582700 0.245439 0.578556 0.243341 0.571927 0.243108 0.564469 0.244667 0.558539 0.247231 0.553567 0.250835 0.550538
