1 0.8031613768717263 0.5417070952207944 0.7991268336656898 0.5468079298811434 0.7959883281306106 0.554937912607014 0.7960607707240405 0.5640253568035791 0.7985000820333654 0.5721833163501233 0.8026070678328316 0.5767410268587425 0.8074132478580519 0.5775053080802914 0.8111422837287404 0.5744117665983876 0.8139390606317569 0.5702683934087336 0.8160366433090193 0.5636389963052872 0.8162697080509373 0.55618092456391 0.8147106974509407 0.5502514152656304 0.8121469852898424 0.5452793674380456 0.8085423502709271 0.542250219372524
2 0.0540096700197181 0.3387202284828455 0.0516394774393718 0.34459312704322914 0.052042015606873174 0.35219716616977964 0.05386360490195028 0.35792660942267174 0.0566660499712997 0.3601685654781513 0.06044935081492143 0.35967035302137806 0.06325179588427084 0.3559337595955789 0.06381228489814075 0.34796236028720723 0.06283142912386842 0.34248202326270166 0.05946849504064913 0.33799811115174255
2 0.8276364040424932 0.27231224081008115 0.825266211462147 0.27818513937046474 0.8256687496296483 0.28578917849701524 0.8274903389247253 0.2915186217499074 0.8302927839940747 0.29376057780538695 0.8340760848376965 0.2932623653486137 0.836878529907046 0.28952577192281453 0.8374390189209159 0.2815543726144428 0.8364581631466435 0.2760740355899373 0.8330952290634243 0.2715901234789782
2 0.30818425100898017 0.3118203942965183 0.30581405842863385 0.31769329285690195 0.30621659659613526 0.3252973319834524 0.30803818589121235 0.33102677523634455 0.31084063096056175 0.3332687312918241 0.31462393180418347 0.3327705188350509 0.3174263768735329 0.3290339254092517 0.3179868658874028 0.32106252610088 0.31700601011313045 0.3155821890763745 0.3136430760299112 0.3110982769654154
2 0.5695668243969532 0.29033201728191055 0.567196631816607 0.29620491584229414 0.5675991699841084 0.3038089549688447 0.5694207592791855 0.30953839822173684 0.5722232043485348 0.3117803542772164 0.5760065051921566 0.31128214182044317 0.578808950261506 0.307545548394644 0.5793694392753759 0.2995741490862722 0.5783885835011034 0.29409381206176666 0.5750256494178843 0.2896098999508076
1 0.2270689965507026 0.5941542283542163 0.22357302542193203 0.5982976015438701 0.22124237800275168 0.6045126613283511 0.22077624851891564 0.6107277211128321 0.22133055755781023 0.619843142130071 0.22436039920274467 0.6248795833740377 0.22916657922796496 0.6270800568016287 0.23343418717591938 0.625422707525767 0.2370388221948345 0.6212793343361132 0.23886711883346393 0.6132137450266245 0.23802303942085035 0.6057556732852473 0.235925456743588 0.6007836254576625 0.23336174458248962 0.5958115776300779 0.23056496767947315 0.5937398910352509
3 0.9182920833777846 0.5015402766951378 0.9140928168225543 0.38173156411659037 0.9495857296193394 0.37638174249857753 0.9476789974273296 0.22711092997845497 0.9728169678934501 0.22610206656885454 0.9773610405429517 0.42500133354558967 0.9552450735491508 0.4269721405829816 0.9566801762361017 0.49727116339517435
3 0.14282886221269972 0.5636880208057612 0.13922913501398257 0.44085469928378723 0.17613917642644186 0.43667713415283205 0.17309891030190117 0.29202579590728805 0.1980840927148521 0.28919575470844117 0.20465644969044242 0.48683518779150203 0.18217010222264118 0.4882602016084387 0.1849005252114464 0.5586069792891422
3 0.40214170146223616 0.5427803640490103 0.3979376586240015 0.42057601461681926 0.43650257364605033 0.41477158844134515 0.4344375750067537 0.26961315367949157 0.45965027663148733 0.2641655173011515 0.465974085935672 0.4657657395952618 0.44235981576438294 0.46917846540468494 0.44364716715549535 0.53819084894586
3 0.665196434889469 0.5218396046505447 0.6601854454436292 0.4031865080879762 0.6989186813433176 0.3979824699660944 0.6933759895580018 0.24723823750770685 0.719611846538907 0.24506422322179688 0.7283901936329393 0.4487188903462112 0.7054850579889735 0.4491591450009924 0.7071467050679439 0.5183201901890768
3 0.8445568019844704 0.43747504861095377 0.8231983063841707 0.43774712803363885 0.8184653418684156 0.23747265762448952 0.8432985118649787 0.2368790207876734 0.8477070256391539 0.385906855837274 0.8837422492293503 0.3824497033734224 0.8873606142783343 0.5035649768595369 0.8479394269041635 0.5071953179834966
3 0.07114642471240394 0.5001301692200115 0.048050750031554026 0.5024765848316162 0.04711194324271562 0.30792765582809595 0.07075023448906284 0.3058013795753046 0.07156077544149148 0.4509803240950611 0.10926872390329204 0.4461014472967231 0.11175667714084396 0.5683990018733897 0.07311118941403433 0.5701772987057189
3 0.3247676070389256 0.4792724520653811 0.30238943737660234 0.48154825707184357 0.29755284225880274 0.2814411781740856 0.32486442696870266 0.27845890440265453 0.3268540895038056 0.42642269242389796 0.3659096815115887 0.4259510660138225 0.3692747723571288 0.5458746236674538 0.3271058243261603 0.5506690193051813
3 0.5924076126778033 0.5272004683442235 0.5884883937178826 0.4578675712849332 0.5651951147180178 0.458516515246877 0.5595893436364986 0.25806486524734173 0.5846259051860992 0.25534011476294316 0.590068837024978 0.4037755291942623 0.6287632467239314 0.4000319870269741 0.6327302691804183 0.5232056466124401
1 0.28052319981723395 0.5882221109909019 0.2764886566111975 0.5933229456512508 0.2733501510761183 0.6014529283771215 0.2734225936695482 0.6105403725736867 0.27586190497887314 0.6186983321202308 0.2799688907783393 0.6232560426288499 0.2847750708035595 0.6240203238503989 0.2885041066742481 0.6209267823684951 0.2913008835772646 0.6167834091788411 0.29339846625452687 0.6101540120753947 0.29363153099644496 0.6026959403340174 0.2920725203964484 0.5967664310357379 0.2895088082353501 0.5917943832081533 0.28590417321643485 0.5887652351426316
1 0.48648362728326616 0.5690022037058815 0.48244908407722975 0.5741030383662303 0.47931057854215053 0.5822330210921011 0.47938302113558046 0.5913204652886662 0.4818223324449054 0.5994784248352104 0.4859293182443716 0.6040361353438295 0.4907354982695918 0.6048004165653784 0.49446453414028035 0.6017068750834746 0.4972613110432968 0.5975635018938207 0.4993588937205591 0.5909341047903742 0.4995919584624772 0.583476033048997 0.4980329478624806 0.5775465237507175 0.49546923570138235 0.5725744759231328 0.4918646006824671 0.5695453278576111
1 0.5437069413726185 0.5672699346840357 0.5396723981665822 0.5723707693443847 0.536533892631503 0.5805007520702553 0.5366063352249328 0.5895881962668205 0.5390456465342578 0.5977461558133647 0.543152632333724 0.6023038663219837 0.5479588123589442 0.6030681475435327 0.5516878482296328 0.5999746060616289 0.5544846251326492 0.5958312328719749 0.5565822078099115 0.5892018357685285 0.5568152725518296 0.5817437640271513 0.555256261951833 0.5758142547288717 0.5526925497907347 0.5708422069012871 0.5490879147718195 0.5678130588357654
1 0.748766306169436 0.5482233405995853 0.7447317629633996 0.5533241752599344 0.7415932574283204 0.5614541579858049 0.7416657000217503 0.5705416021823702 0.7441050113310752 0.5786995617289142 0.7482119971305414 0.5832572722375334 0.7530181771557616 0.5840215534590825 0.7567472130264501 0.5809280119771785 0.7595439899294667 0.5767846387875245 0.7616415726067289 0.5701552416840783 0.761874637348647 0.562697169942701 0.7603156267486504 0.5567676606444213 0.7577519145875522 0.5517956128168366 0.7541472795686368 0.548766464751315
