1 0.794193 0.543479 0.790158 0.548580 0.787020 0.556710 0.787092 0.565797 0.789531 0.573955 0.793638 0.578513 0.798444 0.579277 0.802174 0.576183 0.804970 0.572040 0.807068 0.565411 0.807301 0.557953 0.805742 0.552023 0.803178 0.547051 0.799574 0.544022
2 0.046079 0.337672 0.043709 0.343545 0.044111 0.351149 0.045933 0.356878 0.048735 0.359120 0.052518 0.358622 0.055321 0.354885 0.055881 0.346914 0.054900 0.341434 0.051538 0.336950
2 0.821209 0.273685 0.818839 0.279558 0.819241 0.287162 0.821063 0.292892 0.823865 0.295134 0.827649 0.294636 0.830451 0.290899 0.831012 0.282928 0.830031 0.277447 0.826668 0.272963
2 0.299846 0.313592 0.297476 0.319465 0.297879 0.327069 0.299700 0.332798 0.302503 0.335040 0.306286 0.334542 0.309089 0.330806 0.309649 0.322834 0.308668 0.317354 0.305305 0.312870
2 0.562733 0.292104 0.560362 0.297977 0.560765 0.305581 0.562587 0.311310 0.565389 0.313552 0.569172 0.313054 0.571975 0.309317 0.572535 0.301346 0.571554 0.295865 0.568191 0.291382
1 0.220052 0.592781 0.216556 0.596924 0.214225 0.603139 0.213759 0.609354 0.214314 0.618470 0.217343 0.623506 0.222150 0.625707 0.226417 0.624049 0.230022 0.619906 0.231850 0.611840 0.231006 0.604382 0.228908 0.599410 0.226345 0.594438 0.223548 0.592367
3 0.912512 0.505615 0.908313 0.385806 0.943806 0.380456 0.941899 0.231186 0.967037 0.230177 0.971581 0.429076 0.949465 0.431047 0.950900 0.501346
3 0.135754 0.565460 0.132154 0.442626 0.169064 0.438449 0.166024 0.293797 0.191009 0.290967 0.197581 0.488607 0.175095 0.490032 0.177825 0.560379
3 0.395739 0.542780 0.391535 0.420576 0.430099 0.414772 0.426855 0.263323 0.453247 0.259972 0.459571 0.465766 0.435957 0.469178 0.437244 0.538191
3 0.657125 0.521840 0.654472 0.403187 0.692026 0.399031 0.690021 0.246190 0.715078 0.244016 0.720318 0.448719 0.697413 0.449159 0.699075 0.518320
3 0.839475 0.441018 0.818116 0.441290 0.813383 0.241016 0.838216 0.240422 0.842625 0.389450 0.878660 0.385993 0.882278 0.507108 0.842857 0.510739
3 0.063174 0.500130 0.040079 0.502477 0.039140 0.307928 0.062778 0.305801 0.063589 0.450980 0.101297 0.446101 0.103784 0.568399 0.065139 0.570177
3 0.317692 0.481044 0.295314 0.483320 0.290477 0.283213 0.317789 0.280231 0.319779 0.428194 0.358834 0.427723 0.362199 0.547646 0.320030 0.552441
3 0.582907 0.527200 0.581346 0.456819 0.558053 0.458517 0.554216 0.257017 0.579843 0.255340 0.581748 0.403776 0.623390 0.400032 0.624409 0.523206
1 0.273913 0.588945 0.269879 0.594046 0.266740 0.602176 0.266812 0.611264 0.269252 0.619422 0.273359 0.623979 0.278165 0.624744 0.281894 0.621650 0.284691 0.617507 0.286788 0.610877 0.287021 0.603419 0.285462 0.597490 0.282899 0.592518 0.279294 0.589489
1 0.481053 0.570774 0.477018 0.575875 0.473880 0.584005 0.473952 0.593092 0.476392 0.601250 0.480499 0.605808 0.485305 0.606572 0.489034 0.603478 0.491831 0.599335 0.493928 0.592706 0.494161 0.585248 0.492602 0.579318 0.490038 0.574346 0.486434 0.571317
1 0.535876 0.566222 0.531842 0.571322 0.528703 0.579452 0.528776 0.588540 0.531215 0.596698 0.535322 0.601256 0.540128 0.602020 0.543857 0.598926 0.546654 0.594783 0.548752 0.588154 0.548985 0.580695 0.547426 0.574766 0.544862 0.569794 0.541257 0.566765
1 0.740346 0.548947 0.736311 0.554047 0.733173 0.562177 0.733245 0.571265 0.735685 0.579423 0.739792 0.583981 0.744598 0.584745 0.748327 0.581651 0.751124 0.577508 0.753221 0.570879 0.753454 0.563420 0.751895 0.557491 0.749332 0.552519 0.745727 0.549490
