1 0.275386 0.535109 0.279420 0.540209 0.282559 0.548339 0.282486 0.557427 0.280047 0.565585 0.275940 0.570142 0.271134 0.570907 0.267405 0.567813 0.264608 0.563670 0.262510 0.557040 0.262277 0.549582 0.263836 0.543653 0.266400 0.538681 0.270005 0.535652
2 0.950467 0.307492 0.952837 0.313365 0.952434 0.320969 0.950613 0.326698 0.947810 0.328940 0.944027 0.328442 0.941225 0.324706 0.940664 0.316734 0.941645 0.311254 0.945008 0.306770
2 0.194500 0.267932 0.196870 0.273805 0.196467 0.281409 0.194646 0.287138 0.191843 0.289380 0.188060 0.288882 0.185257 0.285145 0.184697 0.277174 0.185678 0.271694 0.189041 0.267210
2 0.702449 0.290228 0.704819 0.296101 0.704417 0.303705 0.702595 0.309434 0.699793 0.311676 0.696009 0.311178 0.693207 0.307441 0.692646 0.299470 0.693627 0.293990 0.696990 0.289506
2 0.447094 0.277257 0.449464 0.283130 0.449061 0.290734 0.447240 0.296463 0.444437 0.298705 0.440654 0.298207 0.437852 0.294470 0.437291 0.286499 0.438272 0.281018 0.441635 0.276535
1 0.783589 0.559495 0.787085 0.563638 0.789416 0.569853 0.789882 0.576068 0.789328 0.585184 0.786298 0.590220 0.781492 0.592420 0.777224 0.590763 0.773620 0.586620 0.771791 0.578554 0.772635 0.571096 0.774733 0.566124 0.777297 0.561152 0.780093 0.559080
3 0.106939 0.496212 0.111139 0.376403 0.075646 0.371053 0.077099 0.229040 0.053775 0.228837 0.047870 0.419673 0.069986 0.421644 0.068551 0.491943
3 0.864828 0.529410 0.866622 0.409787 0.831073 0.406152 0.834131 0.266060 0.807793 0.262951 0.803009 0.457908 0.825487 0.461473 0.825025 0.528609
3 0.612446 0.519100 0.616650 0.396896 0.578086 0.391091 0.579289 0.249723 0.554847 0.246372 0.549204 0.444182 0.573408 0.447595 0.570941 0.514510
3 0.356853 0.506258 0.359505 0.387605 0.321951 0.383449 0.324065 0.234640 0.297021 0.233023 0.293659 0.433137 0.316564 0.433578 0.314902 0.502739
3 0.180654 0.428242 0.202013 0.428514 0.203992 0.236303 0.177767 0.234097 0.177504 0.376674 0.141469 0.373217 0.137850 0.494332 0.178805 0.492511
3 0.935949 0.467066 0.954840 0.466466 0.957593 0.276740 0.932734 0.274877 0.931321 0.414706 0.896623 0.411967 0.894737 0.531055 0.933984 0.532833
3 0.688300 0.451303 0.711132 0.451160 0.712348 0.256697 0.686249 0.256925 0.685760 0.400066 0.648065 0.396369 0.644700 0.513873 0.686416 0.518668
3 0.430236 0.507528 0.430617 0.438195 0.453910 0.439892 0.456386 0.246376 0.431078 0.244699 0.429036 0.389345 0.390932 0.384553 0.389323 0.503533
1 0.731402 0.558373 0.735437 0.563474 0.738575 0.571604 0.738503 0.580692 0.736063 0.588850 0.731956 0.593407 0.727150 0.594172 0.723421 0.591078 0.720624 0.586935 0.718527 0.580305 0.718294 0.572847 0.719853 0.566918 0.722416 0.561946 0.726021 0.558916
1 0.529162 0.547572 0.533196 0.552673 0.536335 0.560803 0.536263 0.569890 0.533823 0.578048 0.529716 0.582606 0.524910 0.583370 0.521181 0.580277 0.518384 0.576133 0.516287 0.569504 0.516054 0.562046 0.517613 0.556116 0.520176 0.551144 0.523781 0.548115
1 0.476817 0.545189 0.480851 0.550290 0.483990 0.558420 0.483918 0.567507 0.481478 0.575665 0.477371 0.580223 0.472565 0.580987 0.468836 0.577894 0.466039 0.573750 0.463942 0.567121 0.463709 0.559663 0.465268 0.553733 0.467831 0.548761 0.471436 0.545732
1 0.224026 0.533746 0.228061 0.538847 0.231199 0.546977 0.231127 0.556064 0.228687 0.564222 0.224580 0.568780 0.219774 0.569544 0.216045 0.566450 0.213248 0.562307 0.211151 0.555678 0.210918 0.548220 0.212477 0.542290 0.215040 0.537318 0.218645 0.534289
