1 0.795182 0.506837 0.791358 0.512426 0.788547 0.520926 0.788976 0.529983 0.791730 0.537818 0.796006 0.541854 0.800831 0.542020 0.804429 0.538471 0.807056 0.533990 0.808888 0.527116 0.808827 0.519648 0.807039 0.513926 0.804286 0.509285 0.800572 0.506711
2 0.040809 0.394441 0.038675 0.400593 0.039376 0.408129 0.041418 0.413618 0.044302 0.415507 0.048056 0.414540 0.050705 0.410464 0.050951 0.402443 0.049757 0.397098 0.046226 0.393042
2 0.811532 0.234348 0.809398 0.240501 0.810098 0.248036 0.812141 0.253525 0.815024 0.255414 0.818779 0.254447 0.821427 0.250371 0.821673 0.242350 0.820480 0.237005 0.816949 0.232949
2 0.293011 0.338904 0.290877 0.345057 0.291577 0.352593 0.293620 0.358082 0.296503 0.359970 0.300258 0.359003 0.302907 0.354928 0.303152 0.346906 0.301959 0.341561 0.298428 0.337506
2 0.554410 0.284821 0.552277 0.290974 0.552977 0.298509 0.555019 0.303998 0.557903 0.305887 0.561657 0.304920 0.564306 0.300844 0.564552 0.292823 0.563358 0.287478 0.559827 0.283423
1 0.224382 0.627321 0.221057 0.631888 0.218976 0.638378 0.218756 0.644635 0.219667 0.653660 0.222887 0.658307 0.227768 0.659906 0.231960 0.657722 0.235393 0.653142 0.236900 0.644869 0.235765 0.637534 0.233477 0.632834 0.230724 0.628193 0.227853 0.626473
3 0.911725 0.454372 0.902828 0.335377 0.938024 0.325633 0.930257 0.176963 0.955294 0.172835 0.967642 0.370684 0.945658 0.375397 0.949852 0.445346
3 0.139216 0.610535 0.130798 0.488449 0.167454 0.479698 0.158737 0.335777 0.183550 0.329851 0.197872 0.526192 0.175497 0.530406 0.180985 0.600242
3 0.397674 0.555624 0.388679 0.434240 0.426921 0.423661 0.417734 0.272985 0.443930 0.266365 0.458325 0.470870 0.434902 0.477207 0.438898 0.545891
3 0.657599 0.502273 0.650291 0.384239 0.687590 0.375430 0.679584 0.223211 0.704494 0.217931 0.717765 0.421483 0.694933 0.424767 0.699308 0.493553
3 0.836328 0.399003 0.815032 0.401927 0.802441 0.202730 0.827190 0.199054 0.837444 0.347170 0.873255 0.339246 0.881624 0.459616 0.842442 0.468133
3 0.064246 0.554379 0.041299 0.559588 0.032718 0.365631 0.056215 0.360574 0.062728 0.505298 0.100153 0.495748 0.107440 0.617438 0.068959 0.624011
3 0.317393 0.503731 0.295159 0.508780 0.282471 0.309763 0.309599 0.303396 0.317397 0.450751 0.356339 0.445430 0.364408 0.564643 0.322531 0.574663
3 0.583773 0.516838 0.579451 0.446822 0.556281 0.451408 0.544536 0.250877 0.570034 0.246022 0.577767 0.393858 0.619161 0.384952 0.625017 0.507699
1 0.277960 0.616806 0.274136 0.622395 0.271325 0.630895 0.271754 0.639951 0.274508 0.647786 0.278784 0.651823 0.283609 0.651988 0.287207 0.648439 0.289834 0.643959 0.291666 0.637085 0.291605 0.629616 0.289817 0.623895 0.287064 0.619253 0.283350 0.616679
1 0.483880 0.572954 0.480056 0.578543 0.477245 0.587043 0.477674 0.596099 0.480428 0.603935 0.484704 0.607971 0.489528 0.608137 0.493127 0.604588 0.495754 0.600107 0.497586 0.593233 0.497525 0.585765 0.495737 0.580043 0.492984 0.575402 0.489269 0.572827
1 0.538391 0.561604 0.534566 0.567194 0.531755 0.575694 0.532184 0.584750 0.534938 0.592585 0.539214 0.596622 0.544039 0.596787 0.547637 0.593238 0.550264 0.588757 0.552096 0.581884 0.552036 0.574415 0.550248 0.568694 0.547495 0.564052 0.543780 0.561478
1 0.741682 0.518979 0.737858 0.524568 0.735046 0.533068 0.735476 0.542124 0.738230 0.549959 0.742506 0.553996 0.747330 0.554161 0.750929 0.550612 0.753556 0.546132 0.755388 0.539258 0.755327 0.531789 0.753539 0.526068 0.750786 0.521426 0.747071 0.518852
