1 0.800169 0.497128 0.796399 0.502832 0.793669 0.511416 0.794185 0.520458 0.797014 0.528209 0.801328 0.532115 0.806153 0.532135 0.809717 0.528477 0.812301 0.523918 0.814067 0.516989 0.813935 0.509524 0.812092 0.503857 0.809295 0.499300 0.805556 0.496838
2 0.044564 0.407633 0.042489 0.413849 0.043262 0.421363 0.045356 0.426789 0.048258 0.428590 0.052002 0.427510 0.054612 0.423355 0.054781 0.415327 0.053536 0.410019 0.049967 0.406071
2 0.813905 0.224183 0.811830 0.230400 0.812603 0.237913 0.814697 0.243340 0.817599 0.245140 0.821344 0.244060 0.823953 0.239905 0.824122 0.231877 0.822877 0.226569 0.819308 0.222621
2 0.297371 0.344285 0.295297 0.350502 0.296070 0.358015 0.298164 0.363442 0.301066 0.365243 0.304810 0.364162 0.307420 0.360007 0.307589 0.351979 0.306344 0.346671 0.302774 0.342723
2 0.558211 0.280516 0.556136 0.286733 0.556909 0.294246 0.559003 0.299673 0.561905 0.301474 0.565649 0.300393 0.568259 0.296238 0.568428 0.288210 0.567183 0.282902 0.563614 0.278954
1 0.231512 0.632961 0.228231 0.637628 0.226213 0.644179 0.226052 0.650443 0.227050 0.659438 0.230314 0.663988 0.235210 0.665438 0.239380 0.663128 0.242769 0.658444 0.244196 0.650127 0.242991 0.642827 0.240658 0.638198 0.237862 0.633640 0.234974 0.632008
3 0.917098 0.439223 0.907063 0.320515 0.942160 0.309706 0.932969 0.161293 0.957963 0.156407 0.972205 0.353854 0.950269 0.359231 0.955133 0.429043
3 0.147276 0.620368 0.137690 0.498554 0.174257 0.488694 0.164162 0.345058 0.188915 0.338382 0.205116 0.534260 0.182785 0.539151 0.188941 0.608811
3 0.403509 0.557895 0.393352 0.436802 0.431487 0.425065 0.420858 0.274690 0.446986 0.267277 0.463338 0.471317 0.439980 0.478363 0.444633 0.546916
3 0.663381 0.493047 0.654943 0.375252 0.692152 0.365314 0.682689 0.213361 0.707545 0.207327 0.722765 0.410447 0.699968 0.414422 0.705001 0.483065
3 0.839109 0.384688 0.817845 0.388256 0.803347 0.189469 0.828057 0.185044 0.839728 0.332828 0.875459 0.323821 0.884979 0.443920 0.845884 0.453623
3 0.068802 0.566951 0.045908 0.572854 0.035470 0.379185 0.058915 0.373418 0.066814 0.517923 0.104141 0.507241 0.112593 0.628693 0.074181 0.636430
3 0.323239 0.504807 0.301056 0.510529 0.286463 0.311925 0.313526 0.304737 0.322736 0.451835 0.361621 0.445336 0.370831 0.564287 0.329055 0.575573
3 0.587894 0.513683 0.582901 0.443809 0.559779 0.449096 0.546752 0.249903 0.571561 0.243323 0.584234 0.390357 0.622600 0.380654 0.630806 0.503023
1 0.284982 0.620825 0.281212 0.626529 0.278482 0.635113 0.278998 0.644155 0.281827 0.651905 0.286141 0.655812 0.290966 0.655831 0.294530 0.652174 0.297114 0.647614 0.298880 0.640686 0.298748 0.633220 0.296905 0.627554 0.294108 0.622996 0.290369 0.620535
1 0.490452 0.570744 0.486681 0.576448 0.483952 0.585032 0.484468 0.594074 0.487296 0.601824 0.491611 0.605731 0.496436 0.605750 0.500000 0.602093 0.502584 0.597533 0.504349 0.590605 0.504217 0.583139 0.502375 0.577473 0.499578 0.572915 0.495839 0.570454
1 0.544932 0.559510 0.541162 0.565214 0.538432 0.573798 0.538948 0.582840 0.541777 0.590591 0.546091 0.594497 0.550916 0.594516 0.554480 0.590859 0.557064 0.586299 0.558830 0.579371 0.558698 0.571905 0.556855 0.566239 0.554058 0.561681 0.550319 0.559220
1 0.748778 0.510580 0.745008 0.516285 0.742279 0.524869 0.742795 0.533911 0.745623 0.541661 0.749937 0.545568 0.754763 0.545587 0.758327 0.541929 0.760910 0.537370 0.762676 0.530442 0.762544 0.522976 0.760701 0.517310 0.757904 0.512752 0.754165 0.510291
