1 0.7724223315213711 0.5393903813567611 0.7683877883153346 0.54449121601711 0.7652492827802554 0.5526211987429805 0.7653217253736853 0.5617086429395458 0.7677610366830102 0.5698666024860899 0.7718680224824764 0.5744243129947091 0.7766742025076967 0.575188594216258 0.7804032383783851 0.5720950527343542 0.7832000152814017 0.5679516795447003 0.7852975979586639 0.5613222824412538 0.7855306627005821 0.5538642106998766 0.7839716521005855 0.5479347014015971 0.7814079399394872 0.5429626535740123 0.7778033049205719 0.5399335055084906
2 0.04426438250843149 0.3473484353555075 0.04189418992808519 0.3532213339158911 0.042296728095586565 0.3608253730424416 0.04411831739066367 0.36655481629533376 0.046920762460013095 0.3687967723508133 0.05070406330363482 0.3682985598940401 0.053506508372984235 0.3645619664682409 0.05406699738685414 0.3565905671598692 0.053086141612581815 0.3511102301353637 0.049723207529362524 0.3466263180244046
2 0.7995413093974342 0.2740709435380509 0.797171116817088 0.2799438420984345 0.7975736549845894 0.287547881224985 0.7993952442796665 0.29327732447787713 0.8021976893490158 0.2955192805333567 0.8059809901926376 0.29502106807658346 0.808783435261987 0.2912844746507843 0.8093439242758569 0.28331307534241257 0.8083630685015845 0.27783273831790706 0.8050001344183653 0.27334882620694795
2 0.29078153069501544 0.32018975496300045 0.2884113381146691 0.32606265352338404 0.2888138762821705 0.33366669264993454 0.2906354655772476 0.3393961359028267 0.293437910646597 0.34163809195830624 0.29722121149021874 0.341139879501533 0.30002365655956814 0.33740328607573383 0.30058414557343804 0.3294318867673621 0.29960328979916573 0.3239515497428566 0.2962403557159464 0.3194676376318975
2 0.5462384612602075 0.29435179403520223 0.5438682686798613 0.3002246925955858 0.5442708068473627 0.30782873172213643 0.5460923961424398 0.3135581749750285 0.5488948412117891 0.3158001310305081 0.5526781420554109 0.3153019185737349 0.5554805871247603 0.31156532514793567 0.5560410761386302 0.3035939258395639 0.5550602203643578 0.2981135888150584 0.5516972862811386 0.2936296767040993
1 0.2131402886662907 0.5920882969516219 0.20964431753752014 0.5962316701412759 0.2073136701183398 0.6024467299257569 0.20684754063450372 0.6086617897102379 0.20740184967339834 0.6177772107274767 0.21043169131833278 0.6228136519714433 0.21523787134355307 0.6250141253990344 0.2195054792915075 0.6233567761231726 0.2231101143104226 0.6192134029335189 0.22493841094905204 0.6111478136240303 0.22409433153643846 0.603689741882653 0.22199674885917609 0.5987176940550683 0.21943303669807773 0.5937456462274835 0.21663625979506126 0.5916739596326566
3 0.8905886145757437 0.5003001533914493 0.8863893480205134 0.3804914408129019 0.9218822608172985 0.37514161919488914 0.9204291142669591 0.23312817694149154 0.943752742166398 0.2329256880059716 0.9496575717409108 0.4237612102419013 0.9275416047471099 0.42573201727929316 0.9289767074340608 0.49603104009148596
3 0.13575351586397702 0.5725460444035361 0.13215378866525987 0.449712722881562 0.16770307315270827 0.4471479066987679 0.16103412189480512 0.30491569187546563 0.1855657186660857 0.2996665272543771 0.19576676077503852 0.4956932113892769 0.1750947558739185 0.49711822520621346 0.17555725065437217 0.567465002886917
3 0.38268754936668914 0.5450285360827469 0.37848350652845447 0.4228241866505559 0.4170484215505033 0.41701976047508166 0.4128969289595231 0.2704098516598832 0.4379281963275887 0.2670587889141526 0.446519933840125 0.4680139116289983 0.42290566366883586 0.4714266374384215 0.42419301505994833 0.5404390209795966
3 0.6386386780597233 0.5194180621048807 0.6359863339505691 0.4007649655423123 0.6735402471819145 0.39660921423673523 0.6683604239099354 0.24780028051614103 0.6938705438641678 0.24481989175615046 0.7018324368031936 0.44629734780054725 0.6789273011592278 0.44673760245532845 0.6805889482381983 0.5158986476434129
3 0.8162477509922352 0.4361122757497577 0.7948892553919356 0.43638435517244273 0.7906098765178506 0.24417362950409896 0.8145358752310733 0.2419672437191217 0.8193979746469188 0.3845440829760779 0.8554331982371152 0.3810869305122263 0.8590515632860992 0.5022022039983409 0.8196303759119283 0.5058325451223005
3 0.06171728639336152 0.5026960527965357 0.03680726914583036 0.5042360939340599 0.03405411979031072 0.31129991387870076 0.06132109617002041 0.3083672631518289 0.06213163712244905 0.45354620767158527 0.09983958558424963 0.4486673308732472 0.10232753882180155 0.5709648854499139 0.0636820510949919 0.5727431822822431
3 0.3080844096283425 0.4826568057330973 0.285252654324349 0.4825134873173181 0.28223040177323055 0.28805102973812413 0.30772764391644924 0.28506875596669307 0.31062447773489277 0.4314197950397754 0.34831931281766493 0.4277226707333776 0.351684403663205 0.5452271049647672 0.30996904127390684 0.5500215006024947
3 0.563831445101189 0.5286471041507239 0.562270871477954 0.458265920275129 0.5389775924780893 0.4599631510533775 0.5365015623240952 0.26330146108202096 0.5612206139245265 0.26162499741392703 0.5626719921167065 0.4052221650007628 0.6043147084865168 0.40147862283347463 0.6053334242721466 0.5246522824189406
1 0.26456106750121405 0.5879914878913151 0.2605265242951776 0.5930923225516639 0.2573880187600985 0.6012223052775346 0.25746046135352835 0.6103097494740998 0.2598997726628533 0.618467709020644 0.26400675846231947 0.623025419529263 0.2688129384875397 0.623789700750812 0.27254197435822825 0.6206961592689082 0.2753387512612447 0.6165527860792542 0.27743633393850703 0.6099233889758078 0.2776693986804251 0.6024653172344305 0.27611038808042854 0.596535807936151 0.2735466759193302 0.5915637601085664 0.269942040900415 0.5885346120430447
1 0.46648821144151403 0.567094321700207 0.4624536682354776 0.5721951563605558 0.4593151627003984 0.5803251390864266 0.4593876052938283 0.5894125832829917 0.4618269166031533 0.5975705428295359 0.46593390240261945 0.602128253338155 0.47074008242783966 0.6028925345597039 0.4744691182985282 0.5997989930778002 0.4772658952015447 0.5956556198881462 0.479363477878807 0.5890262227846997 0.4795965426207251 0.5815681510433225 0.47803753202072846 0.575638641745043 0.4754738198596302 0.5706665939174583 0.471869184840715 0.5676374458519367
1 0.520851668060135 0.5625421611425017 0.5168171248540986 0.5676429958028506 0.5136786193190194 0.5757729785287211 0.5137510619124493 0.5848604227252863 0.5161903732217743 0.5930183822718305 0.5202973590212404 0.5975760927804497 0.5251035390464607 0.5983403740019986 0.5288325749171492 0.5952468325200947 0.5316293518201657 0.5911034593304408 0.533726934497428 0.5844740622269944 0.5339599992393461 0.5770159904856171 0.5324009886393495 0.5710864811873376 0.5298372764782512 0.5661144333597529 0.526232641459336 0.5630852852942312
1 0.7215652288241091 0.5466299446388022 0.7175306856180727 0.5517307792991513 0.7143921800829935 0.5598607620250218 0.7144646226764233 0.568948206221587 0.7169039339857483 0.5771061657681311 0.7210109197852145 0.5816638762767503 0.7258170998104347 0.5824281574982993 0.7295461356811233 0.5793346160163954 0.7323429125841397 0.5751912428267414 0.7344404952614021 0.5685618457232952 0.7346735600033202 0.5611037739819179 0.7331145494033235 0.5551742646836382 0.7305508372422252 0.5502022168560535 0.72694620222331 0.5471730687905318
