1 0.7223147256860517 0.5514618072337469 0.7182801824800152 0.5565626418940959 0.7151416769449361 0.5646926246199665 0.7152141195383659 0.5737800688165318 0.7176534308476908 0.5819380283630758 0.7217604166471571 0.586495738871695 0.7265665966723773 0.587260020093244 0.7302956325430658 0.5841664786113401 0.7330924094460823 0.5800231054216861 0.7351899921233447 0.5733937083182398 0.7354230568652628 0.5659356365768625 0.7338640462652661 0.560006127278583 0.7313003341041678 0.5550340794509983 0.7276956990852526 0.5520049313854766
2 0.04471796815010182 0.348154809829588 0.04234777556975551 0.35402770838997166 0.042750313737256886 0.36163174751652216 0.044571903032334 0.36736119076941426 0.047374348101683415 0.3696031468248938 0.05115764894530514 0.3691049343681206 0.053960094014654555 0.3653683409423214 0.054520583028524465 0.35739694163394975 0.053539727254252135 0.3519166046094442 0.05017679317103285 0.3474326924984851
2 0.7983846660111751 0.2830539551793082 0.7960144734308288 0.28892685373969185 0.7964170115983302 0.29653089286624235 0.7982386008934073 0.3022603361191345 0.8010410459627566 0.304502292174614 0.8048243468063784 0.3040040797178408 0.8076267918757278 0.3002674862920416 0.8081872808895977 0.29229608698366993 0.8072064251153254 0.28681574995916437 0.8038434910321061 0.2823318378482053
2 0.291094504787768 0.3283663921301772 0.2887243122074217 0.3342392906905608 0.28912685037492303 0.3418433298171113 0.2909484396700001 0.34757277307000345 0.29375088473934957 0.349814729125483 0.2975341855829713 0.3493165166687098 0.3003366306523207 0.3455799232429106 0.3008971196661906 0.3376085239345389 0.2999162638919183 0.3321281869100334 0.296553329808699 0.32764427479907426
2 0.5460660987163729 0.3014720806413334 0.5436959061360267 0.307344979201717 0.544098444303528 0.3149490183282676 0.5459200335986051 0.32067846158115976 0.5487224786679544 0.3229204176366393 0.5525057795115762 0.3224222051798661 0.5553082245809258 0.31868561175406684 0.5558687135947956 0.3107142124456951 0.5548878578205232 0.30523387542118957 0.551524923737304 0.30074996331023046
1 0.21411096193946516 0.6017405994063662 0.2106149908106946 0.60588397259602 0.20828434339151425 0.612099032380501 0.2078182139076782 0.618314092164982 0.2083725229465728 0.6274295131822208 0.21140236459150724 0.6324659544261876 0.21620854461672753 0.6346664278537786 0.22047615256468195 0.6330090785779169 0.22408078758359706 0.628865705388263 0.2259090842222265 0.6208001160787744 0.22506500480961292 0.6133420443373971 0.22296742213235057 0.6083699965098124 0.2204037099712522 0.6033979486822276 0.21760693306823573 0.6013262620874008
3 0.8869281784474642 0.5057512448362338 0.8827289118922339 0.3859425322576865 0.918221824689019 0.38059271063967365 0.9167686781386796 0.23857926838627605 0.9400923060381186 0.2383767794507561 0.9459971356126313 0.4292123016866858 0.9238811686188303 0.43118310872407767 0.9253162713057813 0.5014821315362705
3 0.13276393289972802 0.578542244992799 0.12916420570101086 0.45570892347082503 0.16471349018845927 0.45314410728803095 0.15804453893055612 0.31091189246472867 0.18257613570183673 0.3056627278436401 0.1927771778107895 0.50168941197854 0.1721051729096695 0.5031144257954765 0.17256766769012316 0.5734612034761801
3 0.3837353321989474 0.5521488226888781 0.37953128936071273 0.4299444732566871 0.41809620438276157 0.4241400470812129 0.4139447117917814 0.2775301382660144 0.438975979159847 0.2741790755202838 0.44756771667238326 0.47513419823512953 0.4239534465010941 0.47854692404455274 0.4252407978922066 0.5475593075857278
3 0.639314520665812 0.5266996236058281 0.6366621765566578 0.4080465270432596 0.6742160897880032 0.40389077573768256 0.6690362665160241 0.2550818420170883 0.6945463864702565 0.2521014532570977 0.7025082794092823 0.4535789093014946 0.6796031437653166 0.4540191639562758 0.6812647908442869 0.5231802091443601
3 0.8162795019871523 0.4418697894946928 0.7949210063868526 0.44214186891737783 0.7906416275127677 0.24993114324903407 0.8145676262259903 0.2477247574640568 0.8194297256418358 0.390301596721013 0.8554649492320321 0.38684444425716136 0.8590833142810161 0.507959717743276 0.8196621269068453 0.5115900588672355
3 0.06268251663883594 0.5132805241433173 0.03777249939130479 0.5148205652808414 0.03501935003578514 0.3218843852254822 0.062286326415494836 0.31895173449861036 0.06309686736792347 0.46413067901836685 0.10080481582972406 0.4592518022200288 0.10329276906727598 0.5815493567966954 0.06464728134046634 0.5833276536290246
3 0.3091639434555178 0.4884143194780325 0.2863321881515243 0.4882710010622533 0.28330993560040585 0.2938085434830593 0.30880717774362454 0.2908262697116282 0.3117040115620681 0.4371773087847106 0.3493988466448403 0.43348018447831277 0.3527639374903804 0.5509846187097025 0.31104857510108214 0.5557790143474299
3 0.5655187836882023 0.5362512154413035 0.5639582100649673 0.4658700315657086 0.5406649310651026 0.46756726234395707 0.5381889009111086 0.2709055723726005 0.5629079525115399 0.26922910870450656 0.5643593307037198 0.4128262762913424 0.6060020470735301 0.4090827341240542 0.6070207628591601 0.53225639370952
1 0.26706486024323417 0.5924426749882398 0.2630303170371977 0.5975435096485886 0.2598918115021186 0.6056734923744592 0.25996425409554846 0.6147609365710244 0.2624035654048734 0.6229188961175686 0.26651055120433953 0.6274766066261876 0.2713167312295598 0.6282408878477367 0.27504576710024836 0.6251473463658328 0.2778425440032648 0.621003973176179 0.2799401266805271 0.6143745760727325 0.28017319142244523 0.6069165043313552 0.27861418082244865 0.6009869950330757 0.2760504686613503 0.596014947205491 0.27244583364243513 0.5929857991399693
1 0.467771858807441 0.5761902257678356 0.4637373156014046 0.5812910604281845 0.46059881006632536 0.5894210431540552 0.4606712526597553 0.5985084873506203 0.46311056396908024 0.6066664468971645 0.4672175497685464 0.6112241574057836 0.4720237297937666 0.6119884386273325 0.4757527656644552 0.6088948971454288 0.4785495425674716 0.6047515239557748 0.4806471252447339 0.5981221268523284 0.48088018998665205 0.5906640551109511 0.4793211793866554 0.5847345458126716 0.4767574672255572 0.5797624979850869 0.4731528322066419 0.5767333499195653
1 0.5224165385238976 0.5697188939618185 0.5183819953178611 0.5748197286221675 0.5152434897827819 0.582949711348038 0.5153159323762118 0.5920371555446031 0.5177552436855367 0.6001951150911473 0.5218622294850029 0.6047528255997665 0.5266684095102232 0.6055171068213154 0.5303974453809117 0.6024235653394117 0.5331942222839282 0.5982801921497577 0.5352918049611904 0.5916507950463112 0.5355248697031086 0.5841927233049341 0.533965859103112 0.5782632140066545 0.5314021469420137 0.5732911661790697 0.5277975119230984 0.570262018113548
1 0.7752073473612267 0.5460107157889624 0.7711728041551902 0.5511115504493114 0.768034298620111 0.559241533175182 0.7681067412135408 0.5683289773717471 0.7705460525228658 0.5764869369182913 0.774653038322332 0.5810446474269105 0.7794592183475523 0.5818089286484595 0.7831882542182407 0.5787153871665556 0.7859850311212573 0.5745720139769016 0.7880826137985195 0.5679426168734553 0.7883156785404377 0.560484545132078 0.7867566679404411 0.5545550358337984 0.7841929557793428 0.5495829880062137 0.7805883207604275 0.5465538399406921
