1 0.796130 0.527194 0.792213 0.532575 0.789258 0.540921 0.789534 0.549996 0.792154 0.557975 0.796359 0.562239 0.801179 0.562663 0.804836 0.559309 0.807538 0.554971 0.809485 0.548199 0.809552 0.540730 0.807861 0.534916 0.805189 0.530129 0.801519 0.527356
2 0.045779 0.370695 0.043542 0.376731 0.044114 0.384300 0.046062 0.389897 0.048913 0.391939 0.052682 0.391174 0.055399 0.387242 0.055781 0.379238 0.054678 0.373831 0.051218 0.369588
2 0.817272 0.247936 0.815035 0.253972 0.815607 0.261541 0.817555 0.267138 0.820405 0.269180 0.824175 0.268415 0.826891 0.264483 0.827273 0.256479 0.826171 0.251072 0.822710 0.246829
2 0.297064 0.329886 0.294827 0.335921 0.295400 0.343491 0.297348 0.349087 0.300198 0.351129 0.303967 0.350364 0.306684 0.346433 0.307066 0.338428 0.305963 0.333021 0.302503 0.328778
2 0.558740 0.289162 0.556503 0.295198 0.557075 0.302768 0.559023 0.308364 0.561874 0.310406 0.565643 0.309641 0.568360 0.305710 0.568742 0.297705 0.567639 0.292298 0.564179 0.288055
1 0.222919 0.618421 0.219519 0.622808 0.217329 0.629183 0.217002 0.635426 0.217759 0.644495 0.220899 0.649314 0.225751 0.651173 0.229978 0.649215 0.233487 0.644821 0.235134 0.636632 0.234124 0.629240 0.231917 0.624420 0.229244 0.619633 0.226403 0.617760
3 0.913018 0.472351 0.906145 0.352934 0.940994 0.349313 0.936249 0.196063 0.961345 0.193280 0.970330 0.391701 0.948275 0.395232 0.951280 0.465375
3 0.138281 0.593174 0.131939 0.470692 0.168727 0.463911 0.162457 0.319589 0.187359 0.314997 0.198342 0.512016 0.175905 0.515028 0.180205 0.585126
3 0.397065 0.552187 0.390133 0.430376 0.428538 0.421853 0.420215 0.274021 0.445922 0.268850 0.459126 0.470726 0.435606 0.475803 0.438435 0.544670
3 0.658439 0.512359 0.652997 0.387702 0.690429 0.380897 0.683949 0.233639 0.709503 0.228608 0.719902 0.432738 0.697072 0.436890 0.700278 0.505880
3 0.837909 0.413544 0.816573 0.415324 0.807440 0.218684 0.832240 0.216337 0.839905 0.361794 0.875834 0.355795 0.880977 0.476642 0.840514 0.484184
3 0.064606 0.533000 0.041581 0.536976 0.036296 0.342647 0.059868 0.338853 0.063922 0.483860 0.101491 0.476322 0.106709 0.598347 0.068134 0.602853
3 0.316525 0.492548 0.294216 0.496403 0.284912 0.296795 0.312135 0.291887 0.317429 0.439593 0.356444 0.436364 0.362486 0.555955 0.320457 0.563724
3 0.585200 0.521200 0.579735 0.452199 0.556475 0.454492 0.548162 0.254470 0.574343 0.251991 0.580106 0.398038 0.618686 0.391565 0.625402 0.514361
1 0.275797 0.604137 0.271880 0.609519 0.268925 0.617864 0.269201 0.626940 0.271820 0.634919 0.276026 0.639183 0.280846 0.639607 0.284502 0.636253 0.287204 0.631915 0.289152 0.625143 0.289218 0.617674 0.287528 0.611859 0.284855 0.607072 0.281186 0.604300
1 0.482563 0.574899 0.478646 0.580281 0.475691 0.588626 0.475967 0.597701 0.478586 0.605680 0.482792 0.609944 0.487611 0.610369 0.491268 0.607014 0.493970 0.602677 0.495918 0.595904 0.495984 0.588436 0.494294 0.582621 0.491621 0.577834 0.487952 0.575062
1 0.539253 0.566854 0.535335 0.572236 0.532381 0.580581 0.532656 0.589656 0.535276 0.597635 0.539482 0.601899 0.544301 0.602323 0.547958 0.598969 0.550660 0.594631 0.552608 0.587859 0.552674 0.580390 0.550984 0.574576 0.548311 0.569789 0.544641 0.567016
1 0.744708 0.532740 0.740791 0.538121 0.737837 0.546467 0.738112 0.555542 0.740732 0.563521 0.744937 0.567785 0.749757 0.568209 0.753414 0.564855 0.756116 0.560517 0.758064 0.553745 0.758130 0.546276 0.756439 0.540462 0.753767 0.535674 0.750097 0.532902
