1 0.800023 0.483101 0.796338 0.488980 0.793737 0.497688 0.794386 0.506703 0.797328 0.514319 0.801699 0.518022 0.806523 0.517816 0.810031 0.513993 0.812547 0.509315 0.814210 0.502306 0.813967 0.494849 0.812041 0.489271 0.809178 0.484846 0.805404 0.482560
2 0.041664 0.430345 0.039683 0.436657 0.040566 0.444131 0.042740 0.449458 0.045667 0.451123 0.049394 0.449868 0.051941 0.445592 0.051992 0.437559 0.050669 0.432311 0.047042 0.428531
2 0.806003 0.207195 0.804021 0.213506 0.804904 0.220981 0.807078 0.226308 0.810005 0.227972 0.813733 0.226717 0.816280 0.222442 0.816330 0.214409 0.815007 0.209161 0.811381 0.205381
2 0.291624 0.354519 0.289642 0.360831 0.290525 0.368305 0.292699 0.373632 0.295626 0.375297 0.299354 0.374042 0.301901 0.369766 0.301951 0.361733 0.300628 0.356485 0.297002 0.352705
2 0.550844 0.278701 0.548862 0.285012 0.549746 0.292487 0.551920 0.297814 0.554847 0.299478 0.558574 0.298223 0.561121 0.293948 0.561171 0.285915 0.559848 0.280667 0.556222 0.276887
1 0.230841 0.649179 0.227631 0.653998 0.225710 0.660641 0.225642 0.666910 0.226772 0.675856 0.230103 0.680251 0.235018 0.681472 0.239153 0.678968 0.242471 0.674127 0.243775 0.665746 0.242462 0.658505 0.240062 0.653987 0.237199 0.649561 0.234288 0.648065
3 0.910760 0.418504 0.898973 0.300306 0.933898 0.287861 0.922516 0.139929 0.947429 0.133877 0.964586 0.330590 0.942737 0.336990 0.948631 0.406551
3 0.145316 0.637590 0.133932 0.516267 0.170341 0.504701 0.158126 0.361587 0.182771 0.353756 0.201863 0.548810 0.179611 0.554743 0.186796 0.624090
3 0.400537 0.563165 0.388592 0.442588 0.426541 0.429074 0.415263 0.285260 0.439968 0.274782 0.459065 0.473821 0.435819 0.481956 0.441485 0.550267
3 0.659360 0.486195 0.646840 0.369309 0.684994 0.356357 0.669906 0.207692 0.695835 0.200262 0.717502 0.400849 0.694771 0.405887 0.700818 0.474272
3 0.833425 0.369661 0.812221 0.374222 0.794789 0.176181 0.819425 0.170603 0.833278 0.317791 0.868862 0.307117 0.880156 0.426729 0.841218 0.438256
3 0.069941 0.587079 0.047142 0.594050 0.033844 0.400935 0.057196 0.394074 0.067228 0.538161 0.104385 0.525738 0.114630 0.646753 0.076345 0.656283
3 0.319509 0.513847 0.297419 0.520603 0.279894 0.322750 0.306842 0.314300 0.318223 0.460916 0.356999 0.452602 0.367964 0.571082 0.326370 0.584316
3 0.587604 0.509664 0.579303 0.441563 0.556200 0.446887 0.537889 0.248845 0.562592 0.241108 0.577435 0.387500 0.615644 0.376007 0.627414 0.497595
1 0.284566 0.632346 0.280881 0.638225 0.278280 0.646933 0.278929 0.655948 0.281871 0.663564 0.286242 0.667267 0.291066 0.667061 0.294574 0.663238 0.297090 0.658560 0.298753 0.651552 0.298510 0.644094 0.296584 0.638516 0.293721 0.634091 0.289947 0.631805
1 0.487986 0.571876 0.484301 0.577755 0.481699 0.586463 0.482349 0.595478 0.485291 0.603093 0.489662 0.606797 0.494486 0.606591 0.497994 0.602768 0.500510 0.598089 0.502172 0.591081 0.501930 0.583624 0.500004 0.578046 0.497141 0.573620 0.493367 0.571335
1 0.541762 0.559260 0.538077 0.565139 0.535476 0.573847 0.536125 0.582862 0.539067 0.590478 0.543438 0.594181 0.548262 0.593975 0.551770 0.590152 0.554286 0.585474 0.555949 0.578465 0.555706 0.571008 0.553780 0.565430 0.550917 0.561005 0.547143 0.558719
1 0.745400 0.500703 0.741716 0.506582 0.739114 0.515290 0.739763 0.524305 0.742706 0.531921 0.747076 0.535624 0.751900 0.535418 0.755409 0.531595 0.757924 0.526916 0.759587 0.519908 0.759344 0.512451 0.757418 0.506873 0.754555 0.502447 0.750781 0.500162
