1 0.722315 0.551462 0.718280 0.556563 0.715142 0.564693 0.715214 0.573780 0.717653 0.581938 0.721760 0.586496 0.726567 0.587260 0.730296 0.584166 0.733092 0.580023 0.735190 0.573394 0.735423 0.565936 0.733864 0.560006 0.731300 0.555034 0.727696 0.552005
2 0.044718 0.348155 0.042348 0.354028 0.042750 0.361632 0.044572 0.367361 0.047374 0.369603 0.051158 0.369105 0.053960 0.365368 0.054521 0.357397 0.053540 0.351917 0.050177 0.347433
2 0.798385 0.283054 0.796014 0.288927 0.796417 0.296531 0.798239 0.302260 0.801041 0.304502 0.804824 0.304004 0.807627 0.300267 0.808187 0.292296 0.807206 0.286816 0.803843 0.282332
2 0.291095 0.328366 0.288724 0.334239 0.289127 0.341843 0.290948 0.347573 0.293751 0.349815 0.297534 0.349317 0.300337 0.345580 0.300897 0.337609 0.299916 0.332128 0.296553 0.327644
2 0.546066 0.301472 0.543696 0.307345 0.544098 0.314949 0.545920 0.320678 0.548722 0.322920 0.552506 0.322422 0.555308 0.318686 0.555869 0.310714 0.554888 0.305234 0.551525 0.300750
1 0.214111 0.601741 0.210615 0.605884 0.208284 0.612099 0.207818 0.618314 0.208373 0.627430 0.211402 0.632466 0.216209 0.634666 0.220476 0.633009 0.224081 0.628866 0.225909 0.620800 0.225065 0.613342 0.222967 0.608370 0.220404 0.603398 0.217607 0.601326
3 0.886928 0.505751 0.882729 0.385943 0.918222 0.380593 0.916769 0.238579 0.940092 0.238377 0.945997 0.429212 0.923881 0.431183 0.925316 0.501482
3 0.132764 0.578542 0.129164 0.455709 0.164713 0.453144 0.158045 0.310912 0.182576 0.305663 0.192777 0.501689 0.172105 0.503114 0.172568 0.573461
3 0.383735 0.552149 0.379531 0.429944 0.418096 0.424140 0.413945 0.277530 0.438976 0.274179 0.447568 0.475134 0.423953 0.478547 0.425241 0.547559
3 0.639315 0.526700 0.636662 0.408047 0.674216 0.403891 0.669036 0.255082 0.694546 0.252101 0.702508 0.453579 0.679603 0.454019 0.681265 0.523180
3 0.816280 0.441870 0.794921 0.442142 0.790642 0.249931 0.814568 0.247725 0.819430 0.390302 0.855465 0.386844 0.859083 0.507960 0.819662 0.511590
3 0.062683 0.513281 0.037772 0.514821 0.035019 0.321884 0.062286 0.318952 0.063097 0.464131 0.100805 0.459252 0.103293 0.581549 0.064647 0.583328
3 0.309164 0.488414 0.286332 0.488271 0.283310 0.293809 0.308807 0.290826 0.311704 0.437177 0.349399 0.433480 0.352764 0.550985 0.311049 0.555779
3 0.565519 0.536251 0.563958 0.465870 0.540665 0.467567 0.538189 0.270906 0.562908 0.269229 0.564359 0.412826 0.606002 0.409083 0.607021 0.532256
1 0.267065 0.592443 0.263030 0.597544 0.259892 0.605673 0.259964 0.614761 0.262404 0.622919 0.266511 0.627477 0.271317 0.628241 0.275046 0.625147 0.277843 0.621004 0.279940 0.614375 0.280173 0.606917 0.278614 0.600987 0.276050 0.596015 0.272446 0.592986
1 0.467772 0.576190 0.463737 0.581291 0.460599 0.589421 0.460671 0.598508 0.463111 0.606666 0.467218 0.611224 0.472024 0.611988 0.475753 0.608895 0.478550 0.604752 0.480647 0.598122 0.480880 0.590664 0.479321 0.584735 0.476757 0.579762 0.473153 0.576733
1 0.522417 0.569719 0.518382 0.574820 0.515243 0.582950 0.515316 0.592037 0.517755 0.600195 0.521862 0.604753 0.526668 0.605517 0.530397 0.602424 0.533194 0.598280 0.535292 0.591651 0.535525 0.584193 0.533966 0.578263 0.531402 0.573291 0.527798 0.570262
1 0.775207 0.546011 0.771173 0.551112 0.768034 0.559242 0.768107 0.568329 0.770546 0.576487 0.774653 0.581045 0.779459 0.581809 0.783188 0.578715 0.785985 0.574572 0.788083 0.567943 0.788316 0.560485 0.786757 0.554555 0.784193 0.549583 0.780588 0.546554
