1 0.200825 0.543479 0.204859 0.548580 0.207998 0.556710 0.207925 0.565797 0.205486 0.573955 0.201379 0.578513 0.196573 0.579277 0.192844 0.576183 0.190047 0.572040 0.187949 0.565411 0.187716 0.557953 0.189275 0.552023 0.191839 0.547051 0.195444 0.544022
2 0.949204 0.337672 0.951574 0.343545 0.951172 0.351149 0.949350 0.356878 0.946548 0.359120 0.942764 0.358622 0.939962 0.354885 0.939401 0.346914 0.940382 0.341434 0.943745 0.336950
2 0.173808 0.273685 0.176178 0.279558 0.175776 0.287162 0.173954 0.292892 0.171152 0.295134 0.167369 0.294636 0.164566 0.290899 0.164006 0.282928 0.164987 0.277447 0.168349 0.272963
2 0.694257 0.313592 0.696627 0.319465 0.696225 0.327069 0.694403 0.332798 0.691601 0.335040 0.687817 0.334542 0.685015 0.330806 0.684454 0.322834 0.685435 0.317354 0.688798 0.312870
2 0.431288 0.290332 0.433658 0.296205 0.433256 0.303809 0.431434 0.309538 0.428632 0.311780 0.424849 0.311282 0.422046 0.307546 0.421486 0.299574 0.422466 0.294094 0.425829 0.289610
1 0.773969 0.591009 0.777465 0.595153 0.779795 0.601368 0.780262 0.607583 0.779707 0.616698 0.776677 0.621735 0.771871 0.623935 0.767604 0.622278 0.763999 0.618134 0.762171 0.610069 0.763015 0.602611 0.765112 0.597639 0.767676 0.592667 0.770473 0.590595
3 0.081509 0.503843 0.085708 0.384035 0.050215 0.378685 0.052122 0.229414 0.026984 0.228405 0.022440 0.427304 0.044556 0.429275 0.043121 0.499574
3 0.857271 0.565460 0.860871 0.442626 0.823960 0.438449 0.827001 0.293797 0.802016 0.290967 0.795443 0.488607 0.817930 0.490032 0.815199 0.560379
3 0.598954 0.542780 0.603159 0.420576 0.564594 0.414772 0.567838 0.263323 0.541446 0.259972 0.535122 0.465766 0.558736 0.469178 0.557449 0.538191
3 0.336896 0.518296 0.339549 0.399643 0.301995 0.395488 0.303999 0.242647 0.278943 0.240473 0.273703 0.445176 0.296608 0.445616 0.294946 0.514777
3 0.156539 0.437475 0.177898 0.437747 0.182631 0.237473 0.157798 0.236879 0.153389 0.385907 0.117354 0.382450 0.113736 0.503565 0.153157 0.507195
3 0.932840 0.500130 0.955935 0.502477 0.956874 0.307928 0.933236 0.305801 0.932425 0.450980 0.894717 0.446101 0.892229 0.568399 0.930875 0.570177
3 0.676329 0.477501 0.698707 0.479777 0.703543 0.279670 0.676232 0.276687 0.674242 0.424651 0.635186 0.424179 0.631821 0.544103 0.673990 0.548897
3 0.413107 0.527200 0.414667 0.456819 0.437961 0.458517 0.441208 0.258065 0.416171 0.255340 0.410728 0.403776 0.372034 0.400032 0.369836 0.523206
1 0.720108 0.587174 0.724142 0.592275 0.727281 0.600405 0.727208 0.609492 0.724769 0.617650 0.720662 0.622208 0.715856 0.622972 0.712127 0.619878 0.709330 0.615735 0.707232 0.609106 0.706999 0.601648 0.708558 0.595718 0.711122 0.590746 0.714727 0.587717
1 0.512968 0.569002 0.517003 0.574103 0.520141 0.582233 0.520069 0.591320 0.517629 0.599478 0.513522 0.604036 0.508716 0.604800 0.504987 0.601707 0.502190 0.597564 0.500093 0.590934 0.499860 0.583476 0.501419 0.577547 0.503982 0.572574 0.507587 0.569545
1 0.458145 0.566222 0.462179 0.571322 0.465318 0.579452 0.465245 0.588540 0.462806 0.596698 0.458699 0.601256 0.453893 0.602020 0.450164 0.598926 0.447367 0.594783 0.445269 0.588154 0.445036 0.580695 0.446595 0.574766 0.449159 0.569794 0.452764 0.566765
1 0.252678 0.548947 0.256713 0.554047 0.259851 0.562177 0.259779 0.571265 0.257340 0.579423 0.253233 0.583981 0.248426 0.584745 0.244697 0.581651 0.241901 0.577508 0.239803 0.570879 0.239570 0.563420 0.241129 0.557491 0.243693 0.552519 0.247297 0.549490
