1 0.796458 0.416306 0.793218 0.422960 0.791252 0.432180 0.792532 0.440978 0.795989 0.447877 0.800586 0.450577 0.805357 0.449296 0.808568 0.444721 0.810734 0.439518 0.811889 0.432194 0.811122 0.424850 0.808817 0.419745 0.805664 0.415994 0.801759 0.414568
2 0.040371 0.533142 0.038850 0.539846 0.040254 0.547064 0.042787 0.551864 0.045808 0.552862 0.049418 0.550785 0.051643 0.545975 0.051125 0.537995 0.049443 0.533083 0.045578 0.530142
2 0.782917 0.141246 0.781396 0.147950 0.782800 0.155168 0.785333 0.159968 0.788354 0.160966 0.791964 0.158890 0.794189 0.154080 0.793672 0.146099 0.791989 0.141187 0.788124 0.138247
2 0.283002 0.402154 0.281482 0.408858 0.282885 0.416076 0.285418 0.420876 0.288440 0.421874 0.292049 0.419798 0.294274 0.414988 0.293757 0.407007 0.292074 0.402095 0.288210 0.399154
2 0.534822 0.269108 0.533301 0.275812 0.534705 0.283030 0.537238 0.287830 0.540259 0.288828 0.543869 0.286752 0.546094 0.281942 0.545577 0.273961 0.543894 0.269049 0.540029 0.266108
1 0.243498 0.708044 0.240653 0.713541 0.239217 0.720560 0.239592 0.726795 0.241344 0.735418 0.244959 0.739036 0.249921 0.739150 0.253847 0.735744 0.256797 0.730201 0.257499 0.721595 0.255686 0.714704 0.252986 0.710757 0.249833 0.707005 0.246839 0.706170
3 0.901761 0.327515 0.881724 0.212881 0.915495 0.192743 0.893761 0.048520 0.918050 0.036958 0.948956 0.228288 0.927732 0.239513 0.938489 0.307208
3 0.157832 0.715626 0.137974 0.597801 0.173278 0.578205 0.151058 0.438947 0.174956 0.425680 0.207665 0.614932 0.186008 0.625782 0.198030 0.692979
3 0.405781 0.584854 0.385421 0.467895 0.422116 0.446022 0.400776 0.305860 0.424546 0.289954 0.457541 0.483160 0.435053 0.496416 0.445495 0.562924
3 0.657126 0.450754 0.636455 0.337585 0.673393 0.316224 0.647931 0.172100 0.673131 0.158944 0.708784 0.353112 0.686589 0.363181 0.697415 0.429676
3 0.821590 0.296311 0.800875 0.305566 0.769602 0.112979 0.793650 0.101949 0.817782 0.244883 0.852332 0.226355 0.871979 0.342503 0.834162 0.362624
3 0.079486 0.682329 0.057360 0.694330 0.030536 0.505709 0.053219 0.493693 0.073343 0.634402 0.109329 0.613789 0.128035 0.731561 0.090725 0.749557
3 0.321913 0.554001 0.300474 0.565633 0.269123 0.373252 0.295261 0.358858 0.316901 0.501776 0.354783 0.484878 0.374025 0.599975 0.333694 0.622383
3 0.587593 0.490045 0.574551 0.424334 0.552007 0.434769 0.519862 0.242378 0.543824 0.229192 0.568882 0.371115 0.605978 0.351189 0.626237 0.469190
1 0.295610 0.679360 0.292370 0.686014 0.290403 0.695234 0.291684 0.704032 0.295141 0.710931 0.299738 0.713631 0.304509 0.712350 0.307720 0.707775 0.309886 0.702572 0.311040 0.695248 0.310274 0.687904 0.307969 0.682799 0.304816 0.679048 0.300911 0.677622
1 0.493154 0.573988 0.489913 0.580642 0.487947 0.589862 0.489228 0.598661 0.492684 0.605560 0.497281 0.608259 0.502053 0.606978 0.505264 0.602403 0.507429 0.597200 0.508584 0.589877 0.507817 0.582532 0.505513 0.577428 0.502360 0.573676 0.498454 0.572251
1 0.545615 0.549476 0.542374 0.556130 0.540408 0.565350 0.541688 0.574148 0.545145 0.581047 0.549742 0.583747 0.554514 0.582466 0.557724 0.577891 0.559890 0.572688 0.561045 0.565364 0.560278 0.558020 0.557973 0.552915 0.554820 0.549164 0.550915 0.547738
1 0.743510 0.445953 0.740270 0.452608 0.738303 0.461827 0.739584 0.470626 0.743040 0.477525 0.747638 0.480224 0.752409 0.478944 0.755620 0.474369 0.757785 0.469166 0.758940 0.461842 0.758173 0.454498 0.755869 0.449393 0.752716 0.445642 0.748810 0.444216
