1 0.798586 0.445198 0.795146 0.451528 0.792900 0.460543 0.793908 0.469453 0.797148 0.476677 0.801655 0.479819 0.806459 0.479003 0.809806 0.474746 0.812128 0.469761 0.813506 0.462560 0.812965 0.455153 0.810821 0.449832 0.807788 0.445780 0.803932 0.443978
2 0.040038 0.488491 0.038314 0.495037 0.039494 0.502381 0.041876 0.507419 0.044862 0.508709 0.048530 0.506986 0.050899 0.502399 0.050628 0.494380 0.049098 0.489313 0.045330 0.486001
2 0.793510 0.169235 0.791786 0.175781 0.792966 0.183124 0.795348 0.188163 0.798334 0.189453 0.802002 0.187730 0.804371 0.183143 0.804100 0.175124 0.802570 0.170056 0.798802 0.166745
2 0.286330 0.381243 0.284606 0.387789 0.285786 0.395133 0.288168 0.400171 0.291154 0.401461 0.294822 0.399738 0.297191 0.395151 0.296920 0.387132 0.295390 0.382064 0.291622 0.378753
2 0.541859 0.272831 0.540135 0.279377 0.541315 0.286721 0.543697 0.291759 0.546683 0.293050 0.550351 0.291326 0.552720 0.286739 0.552449 0.278721 0.550919 0.273653 0.547151 0.270342
1 0.237493 0.682843 0.234484 0.688056 0.232834 0.694926 0.233016 0.701187 0.234502 0.709967 0.238000 0.713931 0.242951 0.714527 0.246976 0.711506 0.250092 0.706258 0.251057 0.697733 0.249458 0.690676 0.246883 0.686473 0.243850 0.682421 0.240887 0.681296
3 0.906458 0.366759 0.889971 0.250351 0.924310 0.233520 0.907036 0.087403 0.931644 0.078215 0.956629 0.272259 0.935092 0.281407 0.943755 0.350046
3 0.151721 0.682101 0.135511 0.562525 0.171364 0.546384 0.153453 0.405177 0.177722 0.394249 0.204572 0.586393 0.182614 0.595126 0.192555 0.663389
3 0.403317 0.575585 0.386577 0.456824 0.423889 0.438544 0.406885 0.296521 0.431108 0.282946 0.458121 0.479065 0.435260 0.490119 0.443645 0.557541
3 0.658404 0.466075 0.641238 0.351068 0.678777 0.333324 0.657778 0.186943 0.683344 0.176252 0.712983 0.373591 0.690512 0.381491 0.699280 0.448938
3 0.827364 0.327821 0.806396 0.335052 0.781083 0.139718 0.805434 0.131037 0.825141 0.276100 0.860209 0.260953 0.876260 0.378834 0.837882 0.395256
3 0.074515 0.641251 0.052053 0.651088 0.031061 0.460145 0.054079 0.450347 0.069852 0.592800 0.106417 0.575709 0.121479 0.695121 0.083673 0.709469
3 0.320521 0.536640 0.298757 0.546173 0.273359 0.351037 0.299900 0.339201 0.317120 0.484006 0.355464 0.470809 0.371144 0.587601 0.330184 0.606063
3 0.587769 0.498560 0.576763 0.431681 0.553932 0.439913 0.527743 0.244689 0.552073 0.233848 0.572737 0.377991 0.610389 0.361695 0.626995 0.481486
1 0.290408 0.659259 0.286968 0.665588 0.284722 0.674604 0.285730 0.683513 0.288970 0.690738 0.293477 0.693879 0.298281 0.693063 0.301627 0.688807 0.303949 0.683822 0.305327 0.676621 0.304787 0.669213 0.302643 0.663893 0.299610 0.659841 0.295754 0.658038
1 0.490892 0.573213 0.487452 0.579543 0.485206 0.588559 0.486215 0.597468 0.489454 0.604693 0.493962 0.607834 0.498765 0.607018 0.502112 0.602761 0.504434 0.597776 0.505812 0.590576 0.505271 0.583168 0.503127 0.577847 0.500094 0.573795 0.496238 0.571993
1 0.544028 0.553828 0.540588 0.560158 0.538341 0.569173 0.539350 0.578083 0.542589 0.585307 0.547097 0.588449 0.551900 0.587633 0.555247 0.583376 0.557569 0.578391 0.558947 0.571190 0.558407 0.563783 0.556262 0.558462 0.553229 0.554410 0.549373 0.552608
1 0.744806 0.469664 0.741366 0.475994 0.739120 0.485009 0.740129 0.493919 0.743368 0.501143 0.747876 0.504284 0.752679 0.503469 0.756026 0.499212 0.758348 0.494227 0.759726 0.487026 0.759185 0.479618 0.757041 0.474298 0.754008 0.470246 0.750152 0.468443
