1 0.7246144048893202 0.5351085328993933 0.7205798616832837 0.5402093675597421 0.7174413561482045 0.5483393502856128 0.7175137987416343 0.557426794482178 0.7199531100509593 0.5655847540287221 0.7240600958504255 0.5701424645373413 0.7288662758756458 0.5709067457588902 0.7325953117463342 0.5678132042769863 0.7353920886493508 0.5636698310873325 0.737489671326613 0.557040433983886 0.7377227360685312 0.5495823622425088 0.7361637254685346 0.5436528529442293 0.7336000133074363 0.5386808051166445 0.729995378288521 0.5356516570511228
2 0.049533287653323786 0.30749211180238034 0.04716309507297749 0.31336501036276393 0.04756563324047886 0.3209690494893145 0.04938722253555597 0.3266984927422066 0.05218966760490539 0.32894044879768614 0.055972968448527116 0.3284422363409129 0.05877541351787653 0.3247056429151137 0.059335902531746434 0.316734243606742 0.05835504675747411 0.3112539065822365 0.05499211267425483 0.3067699944712774
2 0.8055003779928862 0.26793195263807 0.80313018541254 0.2738048511984536 0.8035327235800414 0.2814088903250041 0.8053543128751184 0.28713833357789625 0.8081567579444677 0.2893802896333758 0.8119400587880895 0.2888820771766026 0.814742503857439 0.2851454837508034 0.8153029928713089 0.2771740844424317 0.8143221370970365 0.2716937474179262 0.8109592030138173 0.26720983530696707
2 0.2975509243081781 0.2902277669429527 0.29518073172783177 0.2961006655033363 0.2955832698953332 0.3037047046298868 0.29740485919041026 0.30943414788277895 0.3002073042597597 0.3116761039382585 0.30399060510338144 0.3111778914814853 0.30679305017273084 0.3074412980556861 0.30735353918660074 0.2994698987473144 0.3063726834123284 0.2939895617228089 0.3030097493291091 0.2895056496118497
2 0.5529061701927612 0.2772566551846945 0.550535977612415 0.28312955374507814 0.5509385157799164 0.2907335928716287 0.5527601050749934 0.29646303612452085 0.5555625501443427 0.2987049921800004 0.5593458509879645 0.2982067797232272 0.562148296057314 0.29447018629742794 0.5627087850711839 0.28649878698905623 0.5617279292969115 0.28101844996455067 0.5583649952136923 0.27653453785359156
1 0.21641064114273362 0.559494640709286 0.21291467001396305 0.56363801389894 0.2105840225947827 0.5698530736834209 0.21011789311094667 0.5760681334679019 0.21067220214984125 0.5851835544851407 0.2137020437947757 0.5902199957291074 0.218508223819996 0.5924204691566984 0.2227758317679504 0.5907631198808367 0.22638046678686552 0.5866197466911829 0.22820876342549495 0.5785541573816942 0.2273646840128814 0.571096085640317 0.22526710133561903 0.5661240378127324 0.22270338917452065 0.5611519899851476 0.21990661227150418 0.5590803033903207
3 0.8930606563228468 0.49621183480786085 0.8888613897676165 0.3764031222293135 0.9243543025644017 0.3710533006113007 0.9229011560140623 0.2290398583579031 0.9462247839135013 0.2288373694223832 0.952129613488014 0.41967289165831284 0.930013646494213 0.4216436986957047 0.931448749181164 0.49194272150789753
3 0.135171592651339 0.5294102079379344 0.13337761026633008 0.4097870994181083 0.16892689475377845 0.40615221223459824 0.1658694331232918 0.2660601394127279 0.19220677470828063 0.2629511167930713 0.19699058237610875 0.4579077299272552 0.1745128326612805 0.46147288574562384 0.17497532744173414 0.5286094504241794
3 0.3875536006685373 0.5190999527747748 0.3833495578303026 0.3968956033425837 0.4219144728523514 0.39109117716710956 0.4207112869322283 0.24972270243343458 0.4451528929661224 0.24637163968770406 0.45079632380780166 0.44418190195363566 0.4265923923023412 0.4475946277630588 0.4290590663617964 0.5145104376716244
3 0.6431473193379262 0.5062580306878861 0.6404949752287721 0.38760493412531766 0.6780488884601175 0.3834491828197406 0.6759353041258297 0.23464024909914635 0.7029785435489075 0.2330226332003519 0.7063410780813966 0.43313731638355263 0.6834359424374309 0.43357757103833383 0.6850975895164012 0.5027386162264182
3 0.8193457409248436 0.42824206088273153 0.7979872453245439 0.42851414030541657 0.7960075456537276 0.23630341463707275 0.8222332235702184 0.23409702885209557 0.822495964579527 0.37667386810905173 0.8585311881697234 0.3732167156452001 0.8621495532187075 0.4943319891313147 0.821195246375691 0.4925112388104897
3 0.0640509913111615 0.46706599823012046 0.045160123442657824 0.46646589736621263 0.042406974087138165 0.27673993031300137 0.06726629071523689 0.2748773505868455 0.06867874660556826 0.41470594010302214 0.10337712037785511 0.411967205306116 0.1052631586775043 0.5310545468806347 0.0660157560127919 0.5328328437129639
3 0.3116997689668947 0.45130296245149515 0.2888680136629012 0.45115964403571596 0.287651505925491 0.256697186456522 0.3137506630066124 0.2569251256872389 0.31423983707344505 0.4000659517581732 0.3519346721562172 0.39636882745177543 0.3552997630017573 0.5138732616831652 0.31358440061245907 0.5186676573208926
3 0.5697643452942365 0.5075281566745543 0.5693830943393443 0.43819525961526407 0.5460898153394796 0.4398924903935126 0.5436137851854856 0.24637566087107018 0.5689224981200884 0.24469919720297623 0.5709635376464396 0.3893446516061168 0.6090682860112215 0.3845528226225239 0.6106766631310229 0.5035333349427709
1 0.2685979797120798 0.5583733534583364 0.26456343650604336 0.5634741881186853 0.26142493097096425 0.571604170844556 0.2614973735643941 0.5806916150411211 0.263936684873719 0.5888495745876653 0.2680436706731852 0.5934072850962844 0.2728498506984054 0.5941715663178333 0.276578886569094 0.5910780248359295 0.27937566347211046 0.5869346516462756 0.28147324614937275 0.5803052545428291 0.28170631089129083 0.572847182801452 0.28014730029129425 0.5669176735031725 0.27758358813019596 0.5619456256755877 0.27397895311128073 0.558916477610066
1 0.47083809774513236 0.5475719956827168 0.4668035545390959 0.5526728303430657 0.4636650490040167 0.5608028130689363 0.4637374915974466 0.5698902572655015 0.46617680290677155 0.5780482168120457 0.47028378870623777 0.5826059273206647 0.475089968731458 0.5833702085422137 0.47881900460214655 0.5802766670603099 0.481615781505163 0.5761332938706559 0.4837133641824253 0.5695038967672095 0.4839464289243434 0.5620458250258323 0.4823874183243468 0.5561163157275528 0.4798237061632485 0.5511442678999681 0.47621907114433326 0.5481151198344464
1 0.5231830982583204 0.5451889824602881 0.519148555052284 0.5502898171206371 0.5160100495172047 0.5584197998465076 0.5160824921106346 0.5675072440430727 0.5185218034199596 0.5756652035896169 0.5226287892194258 0.5802229140982361 0.5274349692446461 0.580987195319785 0.5311640051153346 0.5778936538378813 0.5339607820183511 0.5737502806482273 0.5360583646956133 0.5671208835447809 0.5362914294375315 0.5596628118034037 0.5347324188375349 0.5537333025051241 0.5321687066764366 0.5487612546775393 0.5285640716575213 0.5457321066120177
1 0.7759739070956495 0.5337457600381972 0.771939363889613 0.5388465946985461 0.7688008583545338 0.5469765774244167 0.7688733009479637 0.5560640216209819 0.7713126122572886 0.5642219811675261 0.7754195980567549 0.5687796916761453 0.7802257780819751 0.5695439728976942 0.7839548139526635 0.5664504314157903 0.7867515908556801 0.5623070582261364 0.7888491735329424 0.55567766112269 0.7890822382748606 0.5482195893813128 0.7875232276748639 0.5422900800830331 0.7849595155137656 0.5373180322554485 0.7813548804948504 0.5342888841899268
