1 0.720959 0.570767 0.716741 0.575372 0.713301 0.583108 0.713029 0.592183 0.715153 0.600615 0.719078 0.605654 0.723844 0.606993 0.727682 0.604353 0.730629 0.600555 0.732974 0.594192 0.733489 0.586778 0.732158 0.580676 0.729789 0.575408 0.726308 0.571953
2 0.051512 0.293935 0.048924 0.299511 0.049038 0.307146 0.050638 0.313080 0.053349 0.315653 0.057142 0.315609 0.060080 0.312217 0.060942 0.304331 0.060171 0.298746 0.056986 0.293869
2 0.807824 0.309975 0.805237 0.315550 0.805350 0.323185 0.806950 0.329120 0.809661 0.331693 0.813455 0.331649 0.816392 0.328257 0.817254 0.320371 0.816483 0.314785 0.813298 0.309908
2 0.297624 0.295470 0.295036 0.301045 0.295149 0.308680 0.296749 0.314615 0.299461 0.317188 0.303254 0.317144 0.306192 0.313752 0.307053 0.305866 0.306283 0.300280 0.303097 0.295404
2 0.555381 0.298111 0.552794 0.303686 0.552907 0.311321 0.554507 0.317256 0.557218 0.319829 0.561012 0.319785 0.563949 0.316393 0.564811 0.308507 0.564040 0.302921 0.560855 0.298044
1 0.210552 0.556276 0.206907 0.559991 0.204346 0.565913 0.203645 0.572058 0.203852 0.581219 0.206684 0.586607 0.211396 0.589379 0.215717 0.588237 0.219470 0.584535 0.221600 0.576707 0.221041 0.569164 0.219137 0.563952 0.216767 0.558684 0.214056 0.556282
3 0.888331 0.546948 0.888685 0.426909 0.924300 0.425825 0.928235 0.283960 0.951513 0.286553 0.950168 0.477663 0.928028 0.476978 0.926794 0.547289
3 0.130983 0.524833 0.132049 0.401848 0.167615 0.403549 0.166355 0.260841 0.191029 0.258544 0.193774 0.455348 0.173095 0.454292 0.170889 0.524534
3 0.383149 0.528670 0.383588 0.406240 0.422286 0.405071 0.423703 0.258297 0.448805 0.257953 0.449756 0.459481 0.426067 0.460056 0.424734 0.529065
3 0.637582 0.533726 0.639435 0.415025 0.677061 0.415379 0.677536 0.266288 0.703101 0.266372 0.703405 0.468345 0.680535 0.466039 0.679570 0.535242
3 0.818023 0.473109 0.796702 0.470821 0.799722 0.278535 0.823677 0.279201 0.823121 0.422036 0.859206 0.422906 0.858223 0.544179 0.818754 0.543076
3 0.064352 0.450053 0.039440 0.448604 0.044010 0.255777 0.071326 0.256119 0.066629 0.401064 0.104436 0.400716 0.102281 0.523033 0.063656 0.520176
3 0.308818 0.457227 0.286043 0.454348 0.290402 0.259966 0.315955 0.260046 0.313295 0.406411 0.351044 0.407240 0.349946 0.524881 0.308144 0.524665
3 0.565886 0.534687 0.566998 0.464279 0.543694 0.463181 0.548681 0.266670 0.573407 0.267960 0.569410 0.411404 0.611100 0.412660 0.607445 0.535675
1 0.263635 0.556065 0.259416 0.560671 0.255976 0.568406 0.255704 0.577482 0.257828 0.585914 0.261753 0.590953 0.266519 0.592292 0.270357 0.589652 0.273305 0.585853 0.275649 0.579491 0.276164 0.572077 0.274834 0.565974 0.272464 0.560707 0.268983 0.557252
1 0.464605 0.561185 0.460386 0.565791 0.456946 0.573526 0.456674 0.582602 0.458798 0.591033 0.462723 0.596073 0.467489 0.597411 0.471327 0.594772 0.474275 0.590973 0.476619 0.584610 0.477134 0.577197 0.475804 0.571094 0.473434 0.565826 0.469953 0.562372
1 0.519267 0.563997 0.515048 0.568603 0.511609 0.576338 0.511336 0.585413 0.513461 0.593845 0.517385 0.598885 0.522152 0.600223 0.525990 0.597584 0.528937 0.593785 0.531281 0.587422 0.531797 0.580009 0.530466 0.573906 0.528097 0.568638 0.524615 0.565184
1 0.772382 0.570639 0.768163 0.575245 0.764723 0.582980 0.764451 0.592056 0.766575 0.600488 0.770500 0.605527 0.775266 0.606866 0.779104 0.604226 0.782052 0.600427 0.784396 0.594065 0.784911 0.586651 0.783581 0.580548 0.781211 0.575280 0.777730 0.571826
