1 0.227578 0.539390 0.231612 0.544491 0.234751 0.552621 0.234678 0.561709 0.232239 0.569867 0.228132 0.574424 0.223326 0.575189 0.219597 0.572095 0.216800 0.567952 0.214702 0.561322 0.214469 0.553864 0.216028 0.547935 0.218592 0.542963 0.222197 0.539934
2 0.955736 0.347348 0.958106 0.353221 0.957703 0.360825 0.955882 0.366555 0.953079 0.368797 0.949296 0.368299 0.946493 0.364562 0.945933 0.356591 0.946914 0.351110 0.950277 0.346626
2 0.200459 0.274071 0.202829 0.279944 0.202426 0.287548 0.200605 0.293277 0.197802 0.295519 0.194019 0.295021 0.191217 0.291284 0.190656 0.283313 0.191637 0.277833 0.195000 0.273349
2 0.709218 0.320190 0.711589 0.326063 0.711186 0.333667 0.709365 0.339396 0.706562 0.341638 0.702779 0.341140 0.699976 0.337403 0.699416 0.329432 0.700397 0.323952 0.703760 0.319468
2 0.453762 0.294352 0.456132 0.300225 0.455729 0.307829 0.453908 0.313558 0.451105 0.315800 0.447322 0.315302 0.444519 0.311565 0.443959 0.303594 0.444940 0.298114 0.448303 0.293630
1 0.786860 0.592088 0.790356 0.596232 0.792686 0.602447 0.793152 0.608662 0.792598 0.617777 0.789568 0.622814 0.784762 0.625014 0.780495 0.623357 0.776890 0.619213 0.775062 0.611148 0.775906 0.603690 0.778003 0.598718 0.780567 0.593746 0.783364 0.591674
3 0.109411 0.500300 0.113611 0.380491 0.078118 0.375142 0.079571 0.233128 0.056247 0.232926 0.050342 0.423761 0.072458 0.425732 0.071023 0.496031
3 0.864246 0.572546 0.867846 0.449713 0.832297 0.447148 0.838966 0.304916 0.814434 0.299667 0.804233 0.495693 0.824905 0.497118 0.824443 0.567465
3 0.617312 0.545029 0.621516 0.422824 0.582952 0.417020 0.587103 0.270410 0.562072 0.267059 0.553480 0.468014 0.577094 0.471427 0.575807 0.540439
3 0.361361 0.519418 0.364014 0.400765 0.326460 0.396609 0.331640 0.247800 0.306129 0.244820 0.298168 0.446297 0.321073 0.446738 0.319411 0.515899
3 0.183752 0.436112 0.205111 0.436384 0.209390 0.244174 0.185464 0.241967 0.180602 0.384544 0.144567 0.381087 0.140948 0.502202 0.180370 0.505833
3 0.938283 0.502696 0.963193 0.504236 0.965946 0.311300 0.938679 0.308367 0.937868 0.453546 0.900160 0.448667 0.897672 0.570965 0.936318 0.572743
3 0.691916 0.482657 0.714747 0.482513 0.717770 0.288051 0.692272 0.285069 0.689376 0.431420 0.651681 0.427723 0.648316 0.545227 0.690031 0.550022
3 0.436169 0.528647 0.437729 0.458266 0.461022 0.459963 0.463498 0.263301 0.438779 0.261625 0.437328 0.405222 0.395685 0.401479 0.394667 0.524652
1 0.735439 0.587991 0.739473 0.593092 0.742612 0.601222 0.742540 0.610310 0.740100 0.618468 0.735993 0.623025 0.731187 0.623790 0.727458 0.620696 0.724661 0.616553 0.722564 0.609923 0.722331 0.602465 0.723890 0.596536 0.726453 0.591564 0.730058 0.588535
1 0.533512 0.567094 0.537546 0.572195 0.540685 0.580325 0.540612 0.589413 0.538173 0.597571 0.534066 0.602128 0.529260 0.602893 0.525531 0.599799 0.522734 0.595656 0.520637 0.589026 0.520403 0.581568 0.521962 0.575639 0.524526 0.570667 0.528131 0.567637
1 0.479148 0.562542 0.483183 0.567643 0.486321 0.575773 0.486249 0.584860 0.483810 0.593018 0.479703 0.597576 0.474896 0.598340 0.471167 0.595247 0.468371 0.591103 0.466273 0.584474 0.466040 0.577016 0.467599 0.571086 0.470163 0.566114 0.473767 0.563085
1 0.278435 0.546630 0.282469 0.551731 0.285608 0.559861 0.285535 0.568948 0.283096 0.577106 0.278989 0.581664 0.274183 0.582428 0.270454 0.579335 0.267657 0.575191 0.265560 0.568562 0.265326 0.561104 0.266885 0.555174 0.269449 0.550202 0.273054 0.547173
