1 0.767749 0.561031 0.763715 0.566132 0.760576 0.574262 0.760649 0.583349 0.763088 0.591507 0.767195 0.596065 0.772001 0.596829 0.775730 0.593735 0.778527 0.589592 0.780624 0.582963 0.780857 0.575505 0.779298 0.569575 0.776735 0.564603 0.773130 0.561574
2 0.022442 0.338826 0.020072 0.344699 0.020474 0.352303 0.022296 0.358032 0.025098 0.360274 0.028881 0.359776 0.031684 0.356039 0.032244 0.348068 0.031263 0.342588 0.027901 0.338104
2 0.796955 0.288832 0.794585 0.294704 0.794988 0.302309 0.796809 0.308038 0.799612 0.310280 0.803395 0.309782 0.806197 0.306045 0.806758 0.298074 0.805777 0.292593 0.802414 0.288109
2 0.273938 0.320642 0.271568 0.326514 0.271971 0.334119 0.273792 0.339848 0.276595 0.342090 0.280378 0.341592 0.283181 0.337855 0.283741 0.329884 0.282760 0.324403 0.279397 0.319919
2 0.535876 0.302633 0.533505 0.308506 0.533908 0.316110 0.535729 0.321839 0.538532 0.324081 0.542315 0.323583 0.545118 0.319847 0.545678 0.311875 0.544697 0.306395 0.541334 0.301911
1 0.192940 0.598082 0.189444 0.602225 0.187114 0.608440 0.186648 0.614655 0.187202 0.623771 0.190232 0.628807 0.195038 0.631008 0.199306 0.629350 0.202910 0.625207 0.204739 0.617141 0.203895 0.609683 0.201797 0.604711 0.199233 0.599739 0.196436 0.597667
3 0.885944 0.522381 0.884170 0.400497 0.920046 0.394584 0.920498 0.250557 0.943660 0.248454 0.945682 0.446799 0.926462 0.451004 0.928039 0.518988
3 0.108848 0.567492 0.107074 0.445609 0.142950 0.443506 0.139116 0.295668 0.165136 0.293565 0.171444 0.491910 0.149366 0.496115 0.150943 0.564099
3 0.367259 0.550390 0.365486 0.428507 0.404219 0.426404 0.400385 0.276026 0.426405 0.272653 0.431284 0.474809 0.407778 0.479014 0.409355 0.546998
3 0.630145 0.536453 0.628371 0.414570 0.667104 0.412468 0.663271 0.262089 0.689290 0.258717 0.694169 0.460872 0.670663 0.465077 0.672240 0.533061
3 0.814651 0.524940 0.812345 0.455800 0.791401 0.455551 0.788996 0.258225 0.813286 0.257598 0.816468 0.403655 0.852886 0.403655 0.853528 0.523042 0.835101 0.524736
3 0.039356 0.571566 0.037927 0.502982 0.015780 0.501712 0.015780 0.308661 0.037927 0.307391 0.038642 0.449639 0.076506 0.449639 0.077935 0.569026 0.061975 0.570077
3 0.292837 0.555359 0.291408 0.486775 0.267417 0.484685 0.264651 0.286717 0.290025 0.285446 0.292123 0.433432 0.329987 0.433432 0.332799 0.552819 0.315456 0.553870
3 0.555124 0.539992 0.553695 0.471409 0.529704 0.469319 0.526938 0.271350 0.552312 0.270080 0.554410 0.418066 0.592274 0.418066 0.595086 0.537452 0.577743 0.538503
1 0.246190 0.593041 0.242155 0.598141 0.239017 0.606271 0.239089 0.615359 0.241528 0.623517 0.245635 0.628075 0.250442 0.628839 0.254171 0.625745 0.256967 0.621602 0.259065 0.614973 0.259298 0.607514 0.257739 0.601585 0.255175 0.596613 0.251571 0.593584
1 0.452920 0.582015 0.448885 0.587116 0.445747 0.595246 0.445819 0.604333 0.448258 0.612491 0.452365 0.617049 0.457171 0.617813 0.460901 0.614720 0.463697 0.610576 0.465795 0.603947 0.466028 0.596489 0.464469 0.590559 0.461905 0.585587 0.458301 0.582558
1 0.508003 0.575732 0.503969 0.580832 0.500830 0.588962 0.500903 0.598050 0.503342 0.606208 0.507449 0.610766 0.512255 0.611530 0.515984 0.608436 0.518781 0.604293 0.520878 0.597664 0.521111 0.590205 0.519552 0.584276 0.516989 0.579304 0.513384 0.576275
1 0.714433 0.564173 0.710398 0.569273 0.707260 0.577403 0.707332 0.586491 0.709772 0.594649 0.713879 0.599206 0.718685 0.599971 0.722414 0.596877 0.725211 0.592734 0.727308 0.586104 0.727541 0.578646 0.725982 0.572717 0.723418 0.567745 0.719814 0.564716
