1 0.794887 0.599711 0.790570 0.604021 0.786964 0.611513 0.786493 0.620562 0.788431 0.629135 0.792243 0.634442 0.796976 0.636109 0.800869 0.633737 0.803897 0.630145 0.806379 0.623949 0.807056 0.616577 0.805860 0.610387 0.803608 0.604959 0.800205 0.601267
2 0.061210 0.254498 0.058503 0.259890 0.058449 0.267527 0.059918 0.273568 0.062570 0.276326 0.066362 0.276545 0.069372 0.273359 0.070405 0.265538 0.069757 0.259904 0.066681 0.254810
2 0.834535 0.332748 0.831828 0.338140 0.831774 0.345778 0.833243 0.351818 0.835896 0.354577 0.839687 0.354796 0.842697 0.351609 0.843730 0.343789 0.843082 0.338154 0.840006 0.333061
2 0.314458 0.277306 0.311750 0.282699 0.311696 0.290336 0.313165 0.296377 0.315818 0.299135 0.319610 0.299354 0.322619 0.296167 0.323653 0.288347 0.323005 0.282712 0.319929 0.277619
2 0.576743 0.303710 0.574035 0.309102 0.573981 0.316739 0.575450 0.322780 0.578103 0.325538 0.581895 0.325757 0.584904 0.322571 0.585938 0.314750 0.585290 0.309115 0.582214 0.304022
1 0.219025 0.541346 0.215301 0.544806 0.212612 0.550546 0.211778 0.556638 0.211784 0.565806 0.214496 0.571386 0.219144 0.574481 0.223486 0.573639 0.227318 0.570200 0.229618 0.562525 0.229224 0.554950 0.227435 0.549610 0.225183 0.544182 0.222526 0.541594
3 0.910881 0.579556 0.913861 0.459632 0.949473 0.461012 0.956493 0.312226 0.981549 0.315968 0.974187 0.514600 0.952079 0.512385 0.949307 0.582558
3 0.136975 0.496911 0.140732 0.374092 0.177683 0.376906 0.183300 0.232499 0.208313 0.234401 0.203043 0.432164 0.180599 0.429336 0.179112 0.499801
3 0.395185 0.523124 0.398304 0.400817 0.436998 0.402326 0.443615 0.257598 0.469011 0.256941 0.463257 0.458595 0.439572 0.457531 0.436730 0.526396
3 0.657224 0.548250 0.659329 0.429322 0.698154 0.431459 0.701647 0.280521 0.727864 0.283312 0.724428 0.487472 0.701626 0.483586 0.699148 0.552670
3 0.841389 0.501933 0.820135 0.498172 0.827391 0.298136 0.852119 0.302234 0.847602 0.451251 0.883640 0.454616 0.880003 0.575730 0.840588 0.571898
3 0.069600 0.418418 0.046495 0.416392 0.057182 0.222765 0.080813 0.225114 0.072948 0.369625 0.110734 0.371892 0.105903 0.493968 0.067369 0.488440
3 0.322148 0.443607 0.299760 0.441646 0.306904 0.241757 0.334239 0.243947 0.327379 0.391450 0.366242 0.398354 0.362425 0.518235 0.320208 0.515042
3 0.584315 0.543363 0.584559 0.473682 0.561359 0.469930 0.567758 0.269553 0.592816 0.271570 0.589362 0.420194 0.628061 0.423776 0.624648 0.547002
1 0.273522 0.545726 0.269205 0.550037 0.265599 0.557528 0.265128 0.566578 0.267067 0.575150 0.270878 0.580458 0.275611 0.582125 0.279504 0.579753 0.282533 0.576161 0.285014 0.569965 0.285692 0.562593 0.284496 0.556403 0.282243 0.550975 0.278840 0.547282
1 0.479466 0.565496 0.475149 0.569806 0.471543 0.577298 0.471072 0.586348 0.473010 0.594920 0.476822 0.600227 0.481555 0.601895 0.485448 0.599522 0.488477 0.595931 0.490958 0.589735 0.491635 0.582363 0.490439 0.576172 0.488187 0.570744 0.484784 0.567052
1 0.533496 0.574012 0.529180 0.578322 0.525574 0.585814 0.525103 0.594863 0.527041 0.603436 0.530853 0.608743 0.535586 0.610410 0.539479 0.608038 0.542507 0.604446 0.544989 0.598250 0.545666 0.590878 0.544470 0.584688 0.542218 0.579260 0.538814 0.575568
1 0.739419 0.595733 0.735103 0.600044 0.731496 0.607535 0.731026 0.616585 0.732964 0.625157 0.736775 0.630465 0.741509 0.632132 0.745401 0.629760 0.748430 0.626168 0.750912 0.619972 0.751589 0.612600 0.750393 0.606410 0.748141 0.600982 0.744737 0.597289
