1 0.200058 0.553018 0.204093 0.558119 0.207231 0.566249 0.207159 0.575336 0.204719 0.583494 0.200612 0.588052 0.195806 0.588816 0.192077 0.585723 0.189280 0.581579 0.187183 0.574950 0.186950 0.567492 0.188509 0.561562 0.191073 0.556590 0.194677 0.553561
2 0.947907 0.342809 0.950277 0.348681 0.949874 0.356285 0.948053 0.362015 0.945250 0.364257 0.941467 0.363759 0.938665 0.360022 0.938104 0.352051 0.939085 0.346570 0.942448 0.342086
2 0.175813 0.280080 0.178183 0.285953 0.177781 0.293557 0.175959 0.299286 0.173157 0.301528 0.169373 0.301030 0.166571 0.297294 0.166010 0.289322 0.166991 0.283842 0.170354 0.279358
2 0.697795 0.313592 0.700165 0.319465 0.699763 0.327069 0.697941 0.332798 0.695139 0.335040 0.691355 0.334542 0.688553 0.330806 0.687992 0.322834 0.688973 0.317354 0.692336 0.312870
2 0.431583 0.297146 0.433953 0.303019 0.433551 0.310623 0.431729 0.316352 0.428927 0.318594 0.425143 0.318096 0.422341 0.314359 0.421780 0.306388 0.422761 0.300908 0.426124 0.296424
1 0.773084 0.599605 0.776580 0.603749 0.778911 0.609964 0.779377 0.616179 0.778823 0.625294 0.775793 0.630331 0.770987 0.632531 0.766719 0.630874 0.763114 0.626730 0.761286 0.618665 0.762130 0.611207 0.764228 0.606235 0.766792 0.601263 0.769588 0.599191
3 0.084391 0.511080 0.088590 0.391271 0.053097 0.385921 0.055004 0.236650 0.029866 0.235641 0.025322 0.434541 0.047438 0.436512 0.046003 0.506811
3 0.858091 0.572273 0.861691 0.449440 0.824781 0.445263 0.827821 0.300611 0.802836 0.297781 0.796263 0.495421 0.818750 0.496846 0.816019 0.567192
3 0.600541 0.550957 0.604745 0.428753 0.566180 0.422948 0.568245 0.277790 0.543033 0.272342 0.536709 0.473942 0.560323 0.477355 0.559036 0.546367
3 0.336950 0.526473 0.341961 0.407820 0.303228 0.402616 0.308770 0.251872 0.282535 0.249698 0.273756 0.453352 0.296661 0.453793 0.295000 0.522954
3 0.157360 0.444289 0.178718 0.444561 0.183451 0.244287 0.158618 0.243693 0.154209 0.392721 0.118174 0.389264 0.114556 0.510379 0.153977 0.514009
3 0.929773 0.506944 0.952869 0.509290 0.953808 0.314742 0.930170 0.312615 0.929359 0.457794 0.891651 0.452915 0.889163 0.575213 0.927809 0.576991
3 0.678682 0.482952 0.701060 0.485228 0.705897 0.285121 0.678585 0.282138 0.676595 0.430102 0.637540 0.429631 0.634175 0.549554 0.676344 0.554349
3 0.408206 0.535377 0.412125 0.466044 0.435418 0.466693 0.441024 0.266242 0.415987 0.263517 0.410544 0.411952 0.371850 0.408209 0.367883 0.531382
1 0.719098 0.594210 0.723133 0.599311 0.726271 0.607441 0.726199 0.616528 0.723759 0.624686 0.719652 0.629244 0.714846 0.630008 0.711117 0.626915 0.708320 0.622771 0.706223 0.616142 0.705990 0.608684 0.707549 0.602754 0.710113 0.597782 0.713717 0.594753
1 0.514973 0.577179 0.519007 0.582280 0.522146 0.590410 0.522073 0.599497 0.519634 0.607655 0.515527 0.612213 0.510721 0.612977 0.506992 0.609884 0.504195 0.605740 0.502098 0.599111 0.501865 0.591653 0.503424 0.585723 0.505987 0.580751 0.509592 0.577722
1 0.457673 0.572721 0.461707 0.577822 0.464846 0.585952 0.464773 0.595039 0.462334 0.603197 0.458227 0.607755 0.453421 0.608519 0.449692 0.605426 0.446895 0.601282 0.444798 0.594653 0.444565 0.587195 0.446124 0.581265 0.448687 0.576293 0.452292 0.573264
1 0.253150 0.554083 0.257185 0.559184 0.260323 0.567314 0.260251 0.576402 0.257811 0.584559 0.253704 0.589117 0.248898 0.589881 0.245169 0.586788 0.242372 0.582645 0.240275 0.576015 0.240042 0.568557 0.241601 0.562628 0.244164 0.557656 0.247769 0.554626
