1 0.763178 0.631149 0.758670 0.634786 0.754716 0.641701 0.753811 0.650646 0.755329 0.659482 0.758871 0.665350 0.763506 0.667732 0.767499 0.665961 0.770689 0.662844 0.773460 0.657048 0.774490 0.649807 0.773597 0.643457 0.771615 0.637706 0.768402 0.633509
2 0.069048 0.195442 0.066091 0.200402 0.065669 0.208003 0.066842 0.214245 0.069352 0.217397 0.073119 0.218192 0.076271 0.215476 0.077678 0.207842 0.077303 0.202129 0.074484 0.196586
2 0.818297 0.379919 0.815340 0.384879 0.814918 0.392480 0.816091 0.398722 0.818601 0.401874 0.822368 0.402669 0.825520 0.399953 0.826927 0.392319 0.826553 0.386606 0.823733 0.381063
2 0.313946 0.252472 0.310989 0.257432 0.310567 0.265033 0.311740 0.271275 0.314250 0.274427 0.318017 0.275223 0.321169 0.272506 0.322576 0.264872 0.322201 0.259159 0.319382 0.253616
2 0.567477 0.313834 0.564520 0.318794 0.564098 0.326394 0.565271 0.332637 0.567781 0.335789 0.571548 0.336584 0.574700 0.333868 0.576107 0.326233 0.575733 0.320521 0.572913 0.314978
1 0.208527 0.493009 0.204651 0.495889 0.201695 0.501199 0.200570 0.507141 0.200135 0.516277 0.202568 0.522249 0.207050 0.526041 0.211417 0.525863 0.215400 0.523019 0.218061 0.515723 0.218034 0.508115 0.216509 0.502523 0.214526 0.496772 0.212004 0.493789
3 0.883369 0.632894 0.892116 0.513865 0.927530 0.520662 0.941358 0.380769 0.964275 0.388488 0.949572 0.577817 0.927651 0.572243 0.921509 0.641736
3 0.134664 0.447554 0.144325 0.325759 0.179495 0.335310 0.188227 0.193431 0.212871 0.196607 0.201828 0.392490 0.181383 0.386870 0.174281 0.456080
3 0.380010 0.504374 0.389010 0.382991 0.427488 0.390386 0.439161 0.245065 0.464092 0.250273 0.450940 0.450447 0.427394 0.445780 0.421244 0.513959
3 0.634002 0.566127 0.644143 0.448757 0.681452 0.457426 0.692352 0.309597 0.717713 0.315332 0.703887 0.515805 0.681356 0.508461 0.675558 0.576914
3 0.817291 0.544650 0.796296 0.537666 0.812742 0.347539 0.836464 0.353496 0.825922 0.495100 0.861665 0.503940 0.852208 0.624055 0.813122 0.614235
3 0.069493 0.353856 0.044876 0.346911 0.062898 0.156590 0.089978 0.162968 0.075179 0.305751 0.112717 0.313763 0.102023 0.434655 0.063898 0.423281
3 0.313479 0.417823 0.291083 0.409932 0.309004 0.218022 0.334353 0.223750 0.321476 0.368391 0.358874 0.377559 0.349556 0.494044 0.308093 0.484588
3 0.559580 0.549790 0.565608 0.480174 0.542561 0.473932 0.561255 0.280049 0.585699 0.286795 0.571699 0.428243 0.612978 0.438705 0.600747 0.559958
1 0.259442 0.506444 0.254934 0.510081 0.250980 0.516996 0.250075 0.525941 0.251593 0.534777 0.255135 0.540645 0.259770 0.543027 0.263763 0.541256 0.266953 0.538139 0.269725 0.532343 0.270754 0.525102 0.269861 0.518752 0.267879 0.513001 0.264666 0.508804
1 0.459898 0.554483 0.455390 0.558120 0.451436 0.565035 0.450531 0.573980 0.452049 0.582816 0.455591 0.588684 0.460226 0.591066 0.464219 0.589295 0.467409 0.586177 0.470180 0.580382 0.471210 0.573140 0.470317 0.566791 0.468334 0.561040 0.465122 0.556843
1 0.513750 0.568470 0.509242 0.572107 0.505288 0.579022 0.504383 0.587967 0.505901 0.596803 0.509443 0.602671 0.514078 0.605053 0.518071 0.603282 0.521261 0.600165 0.524032 0.594369 0.525062 0.587128 0.524169 0.580778 0.522186 0.575027 0.518974 0.570830
1 0.712479 0.620990 0.707971 0.624627 0.704017 0.631542 0.703112 0.640487 0.704630 0.649323 0.708172 0.655191 0.712807 0.657573 0.716800 0.655802 0.719991 0.652685 0.722762 0.646889 0.723792 0.639648 0.722898 0.633298 0.720916 0.627547 0.717703 0.623350
