1 0.763555 0.441791 0.759520 0.436690 0.756382 0.428560 0.756454 0.419472 0.758894 0.411315 0.763001 0.406757 0.767807 0.405993 0.771536 0.409086 0.774333 0.413229 0.776430 0.419859 0.776663 0.427317 0.775104 0.433246 0.772541 0.438218 0.768936 0.441248
2 0.022949 0.727689 0.020579 0.721816 0.020981 0.714212 0.022803 0.708483 0.025605 0.706241 0.029389 0.706739 0.032191 0.710476 0.032752 0.718447 0.031771 0.723927 0.028408 0.728411
2 0.800457 0.708560 0.798086 0.702687 0.798489 0.695083 0.800311 0.689354 0.803113 0.687112 0.806896 0.687610 0.809699 0.691347 0.810259 0.699318 0.809278 0.704798 0.805915 0.709282
2 0.275883 0.725458 0.273513 0.719585 0.273915 0.711981 0.275737 0.706252 0.278539 0.704010 0.282322 0.704508 0.285125 0.708245 0.285685 0.716216 0.284705 0.721697 0.281342 0.726180
2 0.539257 0.721801 0.536887 0.715928 0.537289 0.708324 0.539111 0.702595 0.541913 0.700353 0.545697 0.700851 0.548499 0.704587 0.549060 0.712559 0.548079 0.718039 0.544716 0.722523
1 0.188073 0.453501 0.184577 0.449358 0.182246 0.443143 0.181780 0.436928 0.182334 0.427812 0.185364 0.422776 0.190170 0.420575 0.194438 0.422233 0.198043 0.426376 0.199871 0.434442 0.199027 0.441900 0.196929 0.446872 0.194365 0.451844 0.191569 0.453916
3 0.883367 0.475011 0.883884 0.594180 0.920523 0.596020 0.921739 0.740048 0.947192 0.738078 0.943868 0.546520 0.922358 0.543673 0.921644 0.474331
3 0.105508 0.493540 0.105261 0.612708 0.143427 0.614811 0.141884 0.762649 0.169431 0.764752 0.169630 0.560977 0.147553 0.562201 0.146839 0.494217
3 0.363889 0.488976 0.363642 0.609502 0.403139 0.608889 0.403123 0.757910 0.429906 0.758568 0.430204 0.557770 0.406698 0.558995 0.405984 0.489653
3 0.625981 0.479783 0.628788 0.605738 0.666758 0.602411 0.667506 0.754147 0.694289 0.752090 0.693823 0.549934 0.669553 0.551159 0.668076 0.479103
3 0.810517 0.477775 0.811265 0.546915 0.789557 0.547163 0.790970 0.744490 0.817551 0.743759 0.814624 0.599059 0.853333 0.594987 0.851685 0.475600 0.831730 0.475264
3 0.037573 0.493538 0.036144 0.562122 0.013997 0.563392 0.013997 0.756443 0.036144 0.757713 0.036858 0.615465 0.074722 0.615465 0.075387 0.493363 0.060191 0.495027
3 0.287909 0.488079 0.288007 0.558021 0.266307 0.558753 0.268886 0.759437 0.292733 0.759349 0.292540 0.610006 0.331931 0.608649 0.330161 0.487905 0.309764 0.488211
3 0.551663 0.484442 0.551762 0.553025 0.527771 0.555115 0.531113 0.754441 0.558014 0.752997 0.555530 0.605011 0.594921 0.602296 0.593152 0.482909 0.572755 0.484573
1 0.240528 0.454470 0.236494 0.449369 0.233355 0.441239 0.233428 0.432152 0.235867 0.423994 0.239974 0.419436 0.244780 0.418672 0.248509 0.421765 0.251306 0.425909 0.253404 0.432538 0.253637 0.439996 0.252078 0.445926 0.249514 0.450898 0.245909 0.453927
1 0.448785 0.449206 0.444751 0.444105 0.441612 0.435975 0.441685 0.426888 0.444124 0.418730 0.448231 0.414172 0.453037 0.413408 0.456766 0.416502 0.459563 0.420645 0.461661 0.427274 0.461894 0.434732 0.460335 0.440662 0.457771 0.445634 0.454166 0.448663
1 0.503075 0.448809 0.499041 0.443708 0.495902 0.435578 0.495975 0.426491 0.498414 0.418333 0.502521 0.413775 0.507327 0.413011 0.511056 0.416104 0.513853 0.420248 0.515951 0.426877 0.516184 0.434335 0.514625 0.440265 0.512061 0.445237 0.508456 0.448266
1 0.710299 0.442668 0.706264 0.437567 0.703126 0.429437 0.703198 0.420350 0.705637 0.412192 0.709744 0.407634 0.714551 0.406870 0.718280 0.409963 0.721076 0.414107 0.723174 0.420736 0.723407 0.428194 0.721848 0.434124 0.719284 0.439096 0.715680 0.442125
