1 0.801290 0.548535 0.797228 0.553567 0.794047 0.561644 0.794071 0.570733 0.796467 0.578931 0.800550 0.583558 0.805351 0.584402 0.809097 0.581372 0.811915 0.577275 0.814048 0.570681 0.814321 0.563228 0.812793 0.557272 0.810256 0.552257 0.806668 0.549168
2 0.052857 0.330164 0.050456 0.335997 0.050818 0.343608 0.052609 0.349367 0.055399 0.351656 0.059185 0.351221 0.062007 0.347532 0.062610 0.339570 0.061658 0.334074 0.058319 0.329534
2 0.823857 0.275963 0.821456 0.281796 0.821818 0.289406 0.823609 0.295166 0.826400 0.297455 0.830185 0.297020 0.833008 0.293331 0.833610 0.285369 0.832659 0.279872 0.829320 0.275332
2 0.307331 0.310352 0.304929 0.316185 0.305292 0.323795 0.307083 0.329555 0.309873 0.331844 0.313659 0.331409 0.316481 0.327720 0.317084 0.319758 0.316132 0.314261 0.312793 0.309721
2 0.569816 0.292542 0.567415 0.298375 0.567777 0.305985 0.569568 0.311745 0.572358 0.314034 0.576144 0.313599 0.578966 0.309910 0.579569 0.301948 0.578617 0.296452 0.575278 0.291912
1 0.225555 0.587458 0.222037 0.591543 0.219673 0.597718 0.219174 0.603925 0.219680 0.613050 0.222683 0.618137 0.227478 0.620418 0.231754 0.618832 0.235380 0.614749 0.237251 0.606715 0.236447 0.599243 0.234376 0.594236 0.231838 0.589221 0.229053 0.587102
3 0.917410 0.508542 0.913847 0.388668 0.949367 0.383914 0.948252 0.234618 0.973395 0.234031 0.976883 0.432997 0.954757 0.434597 0.955819 0.504917
3 0.141460 0.559448 0.138512 0.436560 0.175443 0.433002 0.173170 0.288306 0.198169 0.285895 0.203692 0.483636 0.181199 0.484684 0.183556 0.555073
3 0.401075 0.539026 0.397520 0.416757 0.436114 0.411599 0.434819 0.266413 0.460060 0.261388 0.465313 0.463086 0.441682 0.466102 0.442603 0.535133
3 0.663246 0.519987 0.658865 0.401255 0.697624 0.396701 0.695824 0.246968 0.722660 0.245244 0.726825 0.447930 0.703919 0.447986 0.705213 0.517172
3 0.843440 0.441137 0.822081 0.441050 0.818411 0.240705 0.843246 0.240528 0.846864 0.389623 0.882916 0.386771 0.885891 0.507941 0.846452 0.510910
3 0.070138 0.490823 0.047031 0.492782 0.047125 0.298226 0.070773 0.296496 0.070813 0.441682 0.108546 0.437436 0.110384 0.559770 0.071731 0.560900
3 0.323450 0.474538 0.301061 0.476439 0.297287 0.276259 0.324613 0.273735 0.325817 0.421726 0.364873 0.421909 0.367602 0.541884 0.325409 0.545971
3 0.588049 0.528679 0.586868 0.457226 0.562971 0.459571 0.559614 0.258006 0.586439 0.254682 0.588724 0.405260 0.627442 0.401117 0.628986 0.524322
1 0.278850 0.583468 0.274788 0.588501 0.271607 0.596578 0.271631 0.605666 0.274027 0.613865 0.278110 0.618491 0.282911 0.619336 0.286657 0.616305 0.289475 0.612209 0.291608 0.605615 0.291881 0.598161 0.290353 0.592206 0.287816 0.587191 0.284228 0.584101
1 0.486066 0.570868 0.482004 0.575901 0.478823 0.583978 0.478847 0.593066 0.481243 0.601265 0.485325 0.605891 0.490127 0.606736 0.493873 0.603705 0.496691 0.599609 0.498824 0.593015 0.499097 0.585561 0.497569 0.579606 0.495032 0.574591 0.491443 0.571502
1 0.542097 0.565882 0.538036 0.570915 0.534854 0.578992 0.534879 0.588081 0.537274 0.596279 0.541357 0.600905 0.546159 0.601750 0.549904 0.598719 0.552723 0.594623 0.554856 0.588029 0.555128 0.580575 0.553601 0.574620 0.551064 0.569605 0.547475 0.566516
1 0.747068 0.549948 0.743006 0.554981 0.739825 0.563058 0.739849 0.572146 0.742245 0.580345 0.746327 0.584971 0.751129 0.585816 0.754875 0.582785 0.757693 0.578689 0.759826 0.572095 0.760098 0.564641 0.758571 0.558686 0.756034 0.553671 0.752445 0.550582
