1 0.777540 0.662002 0.773015 0.665571 0.769028 0.672425 0.768080 0.681356 0.769555 0.690215 0.773068 0.696137 0.777692 0.698589 0.781694 0.696879 0.784899 0.693810 0.787698 0.688057 0.788762 0.680831 0.787900 0.674468 0.785945 0.668688 0.782752 0.664442
2 0.069297 0.175699 0.066316 0.180614 0.065858 0.188208 0.067000 0.194468 0.069495 0.197658 0.073258 0.198510 0.076423 0.195842 0.077866 0.188229 0.077520 0.182511 0.074727 0.176926
2 0.836588 0.406471 0.833607 0.411386 0.833148 0.418980 0.834291 0.425240 0.836786 0.428431 0.840549 0.429283 0.843714 0.426615 0.845157 0.419002 0.844811 0.413284 0.842018 0.407698
2 0.320347 0.248230 0.317366 0.253145 0.316908 0.260739 0.318050 0.266999 0.320545 0.270189 0.324308 0.271042 0.327473 0.268373 0.328916 0.260761 0.328570 0.255043 0.325777 0.249457
2 0.580529 0.326095 0.577548 0.331010 0.577090 0.338604 0.578232 0.344864 0.580727 0.348054 0.584490 0.348906 0.587655 0.346238 0.589098 0.338625 0.588752 0.332907 0.585959 0.327322
1 0.207355 0.490930 0.203464 0.493751 0.200483 0.499015 0.199330 0.504940 0.198851 0.514069 0.201255 0.520078 0.205718 0.523938 0.210086 0.523826 0.214082 0.521044 0.216779 0.513788 0.216788 0.506180 0.215290 0.500565 0.213335 0.494784 0.210827 0.491763
3 0.895358 0.666831 0.907287 0.546766 0.943106 0.553687 0.959701 0.412710 0.982634 0.418859 0.962372 0.613939 0.943067 0.611248 0.936988 0.678426
3 0.128747 0.433271 0.140676 0.313206 0.176067 0.323860 0.188889 0.177631 0.214622 0.184792 0.198561 0.381391 0.176456 0.377688 0.170377 0.444866
3 0.385515 0.508395 0.397444 0.388330 0.435636 0.399997 0.448742 0.251279 0.474618 0.257195 0.456729 0.457022 0.433223 0.452812 0.427145 0.519990
3 0.645113 0.586732 0.657043 0.466667 0.695235 0.478334 0.708341 0.329616 0.734217 0.335532 0.716328 0.535359 0.692822 0.531149 0.686744 0.598327
3 0.826038 0.643370 0.831532 0.574801 0.811035 0.567134 0.830807 0.372917 0.854679 0.380911 0.841419 0.525164 0.877106 0.538071 0.864348 0.655289 0.846100 0.650418
3 0.060349 0.412691 0.066640 0.344978 0.045080 0.335884 0.066728 0.146708 0.088573 0.153313 0.073322 0.292959 0.110426 0.306378 0.098438 0.423875 0.082681 0.419248
3 0.312488 0.485433 0.318779 0.417720 0.295504 0.407169 0.314993 0.212194 0.340000 0.219942 0.325461 0.365701 0.362565 0.379120 0.351932 0.497107 0.334820 0.491990
3 0.572671 0.563853 0.578962 0.496140 0.555687 0.485589 0.575176 0.290614 0.600183 0.298362 0.585644 0.444121 0.622748 0.457540 0.612115 0.575527 0.595003 0.570410
1 0.260637 0.506716 0.256111 0.510284 0.252124 0.517139 0.251176 0.526069 0.252651 0.534928 0.256165 0.540850 0.260789 0.543302 0.264790 0.541592 0.267995 0.538523 0.270794 0.532770 0.271859 0.525545 0.270996 0.519182 0.269041 0.513401 0.265849 0.509155
1 0.466428 0.568234 0.461903 0.571802 0.457916 0.578657 0.456968 0.587588 0.458443 0.596446 0.461957 0.602368 0.466581 0.604820 0.470582 0.603111 0.473787 0.600042 0.476586 0.594289 0.477651 0.587063 0.476788 0.580700 0.474833 0.574919 0.471641 0.570673
1 0.520458 0.585684 0.515933 0.589253 0.511946 0.596107 0.510998 0.605038 0.512473 0.613897 0.515987 0.619818 0.520611 0.622271 0.524612 0.620561 0.527817 0.617492 0.530616 0.611739 0.531681 0.604513 0.530818 0.598150 0.528863 0.592369 0.525671 0.588124
1 0.723468 0.645981 0.718943 0.649549 0.714955 0.656404 0.714007 0.665334 0.715483 0.674193 0.718996 0.680115 0.723620 0.682567 0.727621 0.680857 0.730827 0.677788 0.733626 0.672036 0.734690 0.664810 0.733827 0.658447 0.731873 0.652666 0.728680 0.648420
