1 0.200825 0.543479 0.204859 0.548580 0.207998 0.556710 0.207925 0.565797 0.205486 0.573955 0.201379 0.578513 0.196573 0.579277 0.192844 0.576183 0.190047 0.572040 0.187949 0.565411 0.187716 0.557953 0.189275 0.552023 0.191839 0.547051 0.195444 0.544022
2 0.947140 0.342809 0.949510 0.348681 0.949108 0.356285 0.947286 0.362015 0.944484 0.364257 0.940700 0.363759 0.937898 0.360022 0.937338 0.352051 0.938318 0.346570 0.941681 0.342086
2 0.173513 0.273266 0.175884 0.279139 0.175481 0.286743 0.173660 0.292473 0.170857 0.294715 0.167074 0.294216 0.164271 0.290480 0.163711 0.282508 0.164692 0.277028 0.168055 0.272544
2 0.693962 0.317680 0.696332 0.323553 0.695930 0.331157 0.694108 0.336887 0.691306 0.339129 0.687522 0.338630 0.684720 0.334894 0.684160 0.326922 0.685140 0.321442 0.688503 0.316958
2 0.432350 0.294420 0.434720 0.300293 0.434317 0.307897 0.432496 0.313627 0.429693 0.315869 0.425910 0.315370 0.423107 0.311634 0.422547 0.303662 0.423528 0.298182 0.426891 0.293698
1 0.774617 0.595517 0.778113 0.599660 0.780444 0.605875 0.780910 0.612090 0.780356 0.621206 0.777326 0.626242 0.772520 0.628443 0.768252 0.626785 0.764648 0.622642 0.762819 0.614577 0.763663 0.607118 0.765761 0.602146 0.768325 0.597174 0.771121 0.595103
3 0.083624 0.502903 0.087824 0.383094 0.052331 0.377745 0.054237 0.228474 0.029099 0.227465 0.024555 0.426364 0.046671 0.428335 0.045236 0.498634
3 0.855791 0.568185 0.859391 0.445352 0.822481 0.441174 0.825521 0.296523 0.800536 0.293693 0.793964 0.491332 0.816450 0.492757 0.813720 0.563104
3 0.599008 0.548231 0.603212 0.426027 0.564647 0.420223 0.566712 0.275064 0.541500 0.269617 0.535176 0.471217 0.558790 0.474630 0.557503 0.543642
3 0.337716 0.519659 0.342727 0.401006 0.303994 0.395802 0.309537 0.245058 0.283301 0.242884 0.274523 0.446538 0.297428 0.446979 0.295766 0.516140
3 0.157360 0.437475 0.178718 0.437747 0.183451 0.237473 0.158618 0.236879 0.154209 0.385907 0.118174 0.382450 0.114556 0.503565 0.153977 0.507195
3 0.929007 0.502856 0.952103 0.505202 0.953041 0.310653 0.929403 0.308527 0.928593 0.453706 0.890885 0.448827 0.888397 0.571125 0.927042 0.572903
3 0.675616 0.480226 0.697994 0.482502 0.702830 0.282395 0.675519 0.279413 0.673529 0.427377 0.634474 0.426905 0.631109 0.546829 0.673277 0.551623
3 0.408972 0.529926 0.412891 0.460593 0.436185 0.461242 0.441790 0.260790 0.416754 0.258066 0.411311 0.406501 0.372617 0.402758 0.368650 0.525931
1 0.719400 0.589585 0.723435 0.594686 0.726573 0.602816 0.726501 0.611903 0.724061 0.620061 0.719954 0.624619 0.715148 0.625383 0.711419 0.622290 0.708622 0.618146 0.706525 0.611517 0.706292 0.604059 0.707851 0.598129 0.710415 0.593157 0.714019 0.590128
1 0.513440 0.571728 0.517474 0.576829 0.520613 0.584959 0.520540 0.594046 0.518101 0.602204 0.513994 0.606762 0.509188 0.607526 0.505459 0.604432 0.502662 0.600289 0.500564 0.593660 0.500331 0.586202 0.501890 0.580272 0.504454 0.575300 0.508059 0.572271
1 0.459206 0.567270 0.463241 0.572371 0.466379 0.580501 0.466307 0.589588 0.463867 0.597746 0.459760 0.602304 0.454954 0.603068 0.451225 0.599975 0.448428 0.595831 0.446331 0.589202 0.446098 0.581744 0.447657 0.575814 0.450220 0.570842 0.453825 0.567813
1 0.253917 0.549995 0.257951 0.555096 0.261090 0.563226 0.261017 0.572313 0.258578 0.580471 0.254471 0.585029 0.249665 0.585793 0.245936 0.582700 0.243139 0.578556 0.241041 0.571927 0.240808 0.564469 0.242367 0.558539 0.244931 0.553567 0.248536 0.550538
