1 0.7991752662527276 0.5434786999403493 0.7951407230466911 0.5485795346006982 0.7920022175116119 0.5567095173265688 0.7920746601050418 0.5657969615231341 0.7945139714143667 0.5739549210696782 0.798620957213833 0.5785126315782974 0.8034271372390532 0.5792769127998463 0.8071561731097416 0.5761833713179424 0.8099529500127582 0.5720399981282884 0.8120505326900205 0.5654106010248421 0.8122835974319387 0.5579525292834648 0.810724586831942 0.5520230199851853 0.8081608746708437 0.5470509721576006 0.8045562396519285 0.5440218240920789
2 0.05079601574848395 0.3376719416665408 0.04842582316813765 0.3435448402269244 0.048828361335639024 0.3511488793534749 0.05064995063071613 0.35687832260636704 0.053452395700065554 0.3591202786618466 0.05723569654368728 0.35862206620507336 0.060038141613036694 0.3548854727792742 0.0605986306269066 0.3469140734709025 0.059617774852634274 0.34143373644639696 0.056254840769414984 0.33694982433543785
2 0.8261917337737732 0.27368549653944035 0.823821541193427 0.27955839509982394 0.8242240793609283 0.28716243422637444 0.8260456686560055 0.2928918774792666 0.8288481137253548 0.29513383353474615 0.8326314145689766 0.2946356210779729 0.8354338596383261 0.2908990276521737 0.8359943486521959 0.28292762834380203 0.8350134928779235 0.27744729131929646 0.8316505587947043 0.2729633792083374
2 0.3057430530855106 0.3135919990160733 0.30337286050516427 0.3194648975764569 0.3037753986726656 0.32706893670300735 0.30559698796774276 0.3327983799558995 0.30839943303709216 0.33504033601137906 0.3121827338807139 0.33454212355460583 0.3149851789500633 0.33080553012880665 0.3155456679639332 0.32283413082043494 0.31456481218966087 0.31735379379592943 0.31120187810644157 0.3128698816849704
2 0.5687118154624047 0.29033201728191055 0.5663416228820585 0.29620491584229414 0.5667441610495598 0.3038089549688447 0.5685657503446369 0.30953839822173684 0.5713681954139862 0.3117803542772164 0.575151496257608 0.31128214182044317 0.5779539413269574 0.307545548394644 0.5785144303408274 0.2995741490862722 0.577533574566555 0.29409381206176666 0.5741706404833358 0.2896098999508076
1 0.2260311926025609 0.5910093679053021 0.22253522147379035 0.5951527410949561 0.22020457405461 0.6013678008794371 0.21973844457077393 0.6075828606639181 0.22029275360966852 0.6166982816811568 0.223322595254603 0.6217347229251236 0.22812877527982325 0.6239351963527145 0.23239638322777767 0.6222778470768529 0.2360010182466928 0.6181344738871991 0.23782931488532225 0.6100688845777104 0.23698523547270867 0.6026108128363332 0.2348876527954463 0.5976387650087485 0.23232394063434791 0.5926667171811637 0.22952716373133147 0.5905950305863368
3 0.9184913889087345 0.5038433628305592 0.9142921223535042 0.3840346502520118 0.9497850351502893 0.378684828633999 0.9478783029582796 0.2294140161138764 0.9730162734244 0.22840515270427594 0.9775603460739016 0.4273044196810111 0.9554443790801007 0.429275226718403 0.9568794817670516 0.4995742495305958
3 0.14272920944722473 0.565459625525316 0.13912948224850757 0.442626304003342 0.1760395236609669 0.43844873887238683 0.1729992575364262 0.2937974006268429 0.19798443994937714 0.29096735942799606 0.20455679692496745 0.4886067925110569 0.18207044945716622 0.4900318063279935 0.18480087244597143 0.560378584008697
3 0.4010455210420115 0.5427803640490102 0.3968414782037769 0.42057601461681915 0.4354063932258257 0.414771588441345 0.4321620719181862 0.26332343278166315 0.4585540962112627 0.25997237003593254 0.4648779055154474 0.46576573959526163 0.4412636353441583 0.46917846540468483 0.4425509867352707 0.5381908489458599
3 0.6631037268144947 0.5182963952114346 0.6604513827053405 0.39964329864886605 0.6980052959366858 0.395487547343289 0.6960005721563988 0.24264674125229205 0.721057106468961 0.24047272696638203 0.7262974855579649 0.4451756809071011 0.7033923499139992 0.4456159355618823 0.7050539969929696 0.5147769807499667
3 0.8434606215642456 0.4374750486109537 0.8221021259639459 0.43774712803363874 0.8173691614481907 0.23747265762448946 0.842202331444754 0.23687902078767337 0.8466108452189292 0.3859068558372739 0.8826460688091256 0.3824497033734223 0.8862644338581096 0.5035649768595369 0.8468432464839387 0.5071953179834965
3 0.06716031409340524 0.5001301692200115 0.044064639412555326 0.5024765848316161 0.04312583262371692 0.3079276558280959 0.06676412387006414 0.3058013795753046 0.06757466482249277 0.45098032409506106 0.10528261328429334 0.446101447296723 0.10777056652184527 0.5683990018733897 0.06912507879503563 0.5701772987057189
3 0.32367142661870096 0.477500847345826 0.30129325695637776 0.4797766523522885 0.2964566618385781 0.27966957345453053 0.323768246548478 0.27668729968309946 0.325757909083581 0.42465108770434284 0.36481350109136407 0.42417946129426737 0.36817859193690416 0.5441030189478987 0.3260096439059357 0.5488974145856261
3 0.5868930998806323 0.5272004683442233 0.5853325262573973 0.45681928446862835 0.5620392472575326 0.4585165152468768 0.5587921215126989 0.2580648652473416 0.5838286830622995 0.25534011476294305 0.5892716149011783 0.40377552919426213 0.6279660246001316 0.40003198702697396 0.6301640630541043 0.52320564661244
1 0.27989226218967056 0.5871738241745973 0.2758577189836341 0.5922746588349461 0.272719213448555 0.6004046415608169 0.2727916560419848 0.609492085757382 0.27523096735130975 0.6176500453039262 0.2793379531507759 0.6222077558125453 0.2841441331759961 0.6229720370340942 0.2878731690466847 0.6198784955521904 0.2906699459497012 0.6157351223625365 0.2927675286269635 0.60910572525909 0.29300059336888157 0.6016476535177128 0.291441582768885 0.5957181442194333 0.2888778706077867 0.5907460963918486 0.28527323558887147 0.5877169483263269
1 0.48703201232404575 0.5690022037058815 0.4829974691180093 0.5741030383662303 0.4798589635829301 0.5822330210921011 0.47993140617636 0.5913204652886662 0.48237071748568494 0.5994784248352104 0.48647770328515116 0.6040361353438295 0.49128388331037137 0.6048004165653784 0.49501291918105994 0.6017068750834746 0.4978096960840764 0.5975635018938207 0.49990727876133867 0.5909341047903742 0.5001403435032568 0.583476033048997 0.4985813329032602 0.5775465237507175 0.4960176207421619 0.5725744759231328 0.49241298572324665 0.5695453278576111
1 0.5418554047833204 0.5662216478677311 0.537820861577284 0.5713224825280799 0.5346823560422048 0.5794524652539506 0.5347547986356347 0.5885399094505157 0.5371941099449596 0.5966978689970599 0.5413010957444259 0.601255579505679 0.546107275769646 0.602019860727228 0.5498363116403346 0.5989263192453241 0.552633088543351 0.5947829460556702 0.5547306712206134 0.5881535489522238 0.5549637359625315 0.5806954772108466 0.5534047253625348 0.5747659679125671 0.5508410132014366 0.5697939200849823 0.5472363781825214 0.5667647720194606
1 0.7473216359007162 0.5489466585028355 0.7432870926946797 0.5540474931631845 0.7401485871596006 0.562177475889055 0.7402210297530304 0.5712649200856204 0.7426603410623553 0.5794228796321643 0.7467673268618217 0.5839805901407836 0.7515735068870418 0.5847448713623326 0.7553025427577303 0.5816513298804287 0.7580993196607468 0.5775079566907747 0.7601969023380092 0.5708785595873284 0.7604299670799273 0.5634204878459511 0.7588709564799306 0.5574909785476715 0.7563072443188323 0.5525189307200867 0.7527026092999171 0.549489782654565
