1 0.723140 0.544124 0.719106 0.549225 0.715967 0.557355 0.716040 0.566442 0.718479 0.574600 0.722586 0.579158 0.727392 0.579922 0.731121 0.576828 0.733918 0.572685 0.736016 0.566056 0.736249 0.558598 0.734690 0.552668 0.732126 0.547696 0.728521 0.544667
2 0.044718 0.348155 0.042348 0.354028 0.042750 0.361632 0.044572 0.367361 0.047374 0.369603 0.051158 0.369105 0.053960 0.365368 0.054521 0.357397 0.053540 0.351917 0.050177 0.347433
2 0.799918 0.273515 0.797548 0.279387 0.797950 0.286991 0.799772 0.292721 0.802574 0.294963 0.806357 0.294465 0.809160 0.290728 0.809720 0.282757 0.808740 0.277276 0.805377 0.272792
2 0.290328 0.320190 0.287958 0.326063 0.288360 0.333667 0.290182 0.339396 0.292984 0.341638 0.296768 0.341140 0.299570 0.337403 0.300131 0.329432 0.299150 0.323952 0.295787 0.319468
2 0.547599 0.291933 0.545229 0.297806 0.545632 0.305410 0.547453 0.311139 0.550256 0.313381 0.554039 0.312883 0.556841 0.309146 0.557402 0.301175 0.556421 0.295694 0.553058 0.291211
1 0.213344 0.590838 0.209848 0.594982 0.207518 0.601197 0.207052 0.607412 0.207606 0.616527 0.210636 0.621564 0.215442 0.623764 0.219710 0.622107 0.223314 0.617964 0.225143 0.609898 0.224298 0.602440 0.222201 0.597468 0.219637 0.592496 0.216840 0.590424
3 0.889228 0.500300 0.885029 0.380491 0.920522 0.375142 0.919068 0.233128 0.942392 0.232926 0.948297 0.423761 0.926181 0.425732 0.927616 0.496031
3 0.132764 0.569003 0.129164 0.446170 0.164713 0.443605 0.158045 0.301372 0.182576 0.296123 0.192777 0.492150 0.172105 0.493575 0.172568 0.563922
3 0.384502 0.542609 0.380298 0.420405 0.418863 0.414601 0.414711 0.267991 0.439743 0.264640 0.448334 0.465595 0.424720 0.469008 0.426007 0.538020
3 0.638548 0.517160 0.635896 0.398507 0.673450 0.394351 0.668270 0.245542 0.693780 0.242562 0.701742 0.444039 0.678837 0.444480 0.680498 0.513641
3 0.816280 0.435056 0.794921 0.435328 0.790642 0.243117 0.814568 0.240911 0.819430 0.383488 0.855465 0.380031 0.859083 0.501146 0.819662 0.504776
3 0.063449 0.502378 0.038539 0.503918 0.035786 0.310982 0.063053 0.308050 0.063863 0.453228 0.101571 0.448350 0.104059 0.570647 0.065414 0.572425
3 0.307631 0.480238 0.284799 0.480094 0.281777 0.285632 0.307274 0.282650 0.310171 0.429001 0.347866 0.425304 0.351231 0.542808 0.309515 0.547602
3 0.567052 0.526712 0.565491 0.456331 0.542198 0.458028 0.539722 0.261366 0.564441 0.259690 0.565892 0.403287 0.607535 0.399543 0.608554 0.522717
1 0.266298 0.584266 0.262264 0.589367 0.259125 0.597497 0.259198 0.606584 0.261637 0.614742 0.265744 0.619300 0.270550 0.620064 0.274279 0.616971 0.277076 0.612827 0.279174 0.606198 0.279407 0.598740 0.277848 0.592810 0.275284 0.587838 0.271679 0.584809
1 0.467005 0.565288 0.462971 0.570389 0.459832 0.578519 0.459905 0.587606 0.462344 0.595764 0.466451 0.600322 0.471257 0.601086 0.474986 0.597993 0.477783 0.593849 0.479881 0.587220 0.480114 0.579762 0.478555 0.573832 0.475991 0.568860 0.472386 0.565831
1 0.521650 0.561542 0.517615 0.566643 0.514477 0.574773 0.514549 0.583861 0.516989 0.592018 0.521096 0.596576 0.525902 0.597340 0.529631 0.594247 0.532428 0.590104 0.534525 0.583474 0.534758 0.576016 0.533199 0.570087 0.530636 0.565115 0.527031 0.562085
1 0.774441 0.537834 0.770406 0.542935 0.767268 0.551065 0.767340 0.560152 0.769779 0.568310 0.773886 0.572868 0.778693 0.573632 0.782422 0.570539 0.785218 0.566395 0.787316 0.559766 0.787549 0.552308 0.785990 0.546378 0.783426 0.541406 0.779822 0.538377
