2 0.02104760143953663 0.2773954497290195 0.018677408859190326 0.2832683482894031 0.019079947026691694 0.2908723874159536 0.020901536321768815 0.29660183066884577 0.02370398139111823 0.2988437867243253 0.027487282234739948 0.2983455742675521 0.030289727304089374 0.2946089808417529 0.03085021631795927 0.2866375815333812 0.029869360543686954 0.2811572445088757 0.026506426460467657 0.2766733323979166
2 0.7950734559357784 0.29726506470886394 0.7927032633554322 0.3031379632692475 0.7931058015229335 0.3107420023957981 0.7949273908180107 0.3164714456486902 0.79772983588736 0.31871340170416973 0.8015131367309817 0.31821518924739656 0.8043155818003312 0.3144785958215973 0.8048760708142011 0.30650719651322567 0.8038952150399287 0.3010268594887201 0.8005322809567095 0.296542947377761
2 0.2732291271192993 0.27761479548049534 0.270858934538953 0.283487694040879 0.27126147270645434 0.2910917331674295 0.2730830620015315 0.29682117642032163 0.2758855070708809 0.29906313247580113 0.2796688079145026 0.29856492001902796 0.282471252983852 0.2948283265932287 0.28303174199772196 0.28685692728485707 0.2820508862234496 0.2813765902603515 0.2786879521402303 0.27689267814939245
2 0.5361183724440882 0.28379070754816893 0.533748179863742 0.2896636061085525 0.5341507180312434 0.2972676452351031 0.5359723073263204 0.3029970884879952 0.5387747523956697 0.3052390445434748 0.5425580532392915 0.30474083208670155 0.545360498308641 0.30100423866090237 0.5459209873225109 0.2930328393525306 0.5449401315482385 0.28755250232802504 0.5415771974650192 0.283068590217066
1 0.18215651641665268 0.5454891566706205 0.1786605452878821 0.5496325298602746 0.17632989786870176 0.5558475896447556 0.17586376838486573 0.5620626494292366 0.1764180774237603 0.5711780704464752 0.17944791906869476 0.5762145116904419 0.18425409909391505 0.5784149851180331 0.18852170704186946 0.5767576358421712 0.19212634206078458 0.5726142626525176 0.193954638699414 0.5645486733430289 0.19311055928680043 0.5570906016016517 0.1910129766095381 0.5521185537740669 0.1884492644484397 0.5471465059464821 0.18565248754542324 0.5450748193516551
3 0.8784080868805876 0.531562339192596 0.8797186570646208 0.41209816412382794 0.9161838939918642 0.41320081046921703 0.9193127905184462 0.27005991612286423 0.9450148580375216 0.27352130215706344 0.940187017899245 0.4665442932477053 0.9175655086052897 0.4665563416563995 0.9166023773896539 0.5323631273046456
3 0.10260778347924263 0.5065352374944109 0.10266744567270876 0.3886604986999751 0.13887966302105986 0.3871563750946254 0.13862873924557229 0.24127928561967338 0.16395432023699524 0.23999134255929688 0.16557212635741758 0.4396839291109784 0.14260079116506114 0.43916744130955193 0.14315470089791305 0.508407625096594
3 0.36019532251267805 0.5151260616044462 0.36057249465531355 0.39354200022924 0.39913740967736244 0.39325813776093294 0.40009747835597476 0.2443779746571691 0.42530669086038764 0.24345844109481976 0.42494534563041614 0.446547354725694 0.40157531388156475 0.4468586402501921 0.40138327825676806 0.5159268497164958
3 0.6229003763013864 0.5243370704543834 0.6241000210261095 0.4015900727157138 0.6628332569257978 0.40271297277507917 0.6655562911798433 0.25233471027031285 0.6907523903052273 0.2521642264084647 0.6877340215955114 0.45545912645982767 0.6638519322617937 0.45475805108975637 0.663699236774083 0.5245393843348259
3 0.8060871752628703 0.4610783608106094 0.7845983739683355 0.45953975438320316 0.7888612575383884 0.26205240479697905 0.8134231042460006 0.2643279984012537 0.8111168943313528 0.408933975959621 0.847670856410337 0.4121594738559433 0.8463632760559634 0.5307397966360515 0.8061635669005848 0.5311431676929314
3 0.029683463383256732 0.43577912909376665 0.01077124396673529 0.43508613322614464 0.013387850784528027 0.24214995317078544 0.03922079871249546 0.2436895793347757 0.03575018903162046 0.38662928396881613 0.07265563981969662 0.38745705729474056 0.0717137877821569 0.5058654057541108 0.03014441722673406 0.5060185478771391
3 0.28559567189465196 0.44310128445438374 0.26196141891693403 0.4415313035075391 0.2652649415069561 0.24266480072375102 0.2911250521635111 0.24396251454551698 0.28779380620978945 0.3931110527556017 0.3265004861855182 0.3919695152439825 0.32584611042179534 0.5136732996211609 0.28429473668756267 0.5130773920436881
3 0.5478506041220104 0.5216476496580933 0.5486765887980254 0.45150837812472233 0.5246854857340522 0.44930399702453516 0.5284305571115824 0.2486042318022059 0.5539207043028535 0.2514000450249741 0.5515480066237207 0.39902908498221273 0.5901377427130579 0.40043393368790037 0.5885570638598847 0.5215606426853155
1 0.2361393911941523 0.5456895171826888 0.23210484798811584 0.5507903518430377 0.22896634245303674 0.5589203345689083 0.2290387850464666 0.5680077787654735 0.23147809635579153 0.5761657383120177 0.2355850821552577 0.5807234488206369 0.2403912621804779 0.5814877300421858 0.2441202980511665 0.5783941885602819 0.24691707495418297 0.5742508153706279 0.24901465763144526 0.5676214182671816 0.24924772237336335 0.5601633465258044 0.24768871177336677 0.5542338372275247 0.24512499961226844 0.5492617893999401 0.24152036459335324 0.5462326413344184
1 0.4422795781390988 0.5549797237744549 0.4382450349330624 0.5600805584348038 0.4351065293979832 0.5682105411606745 0.4351789719914131 0.5772979853572395 0.43761828330073804 0.5854559449037837 0.4417252691002042 0.5900136554124029 0.4465314491254244 0.5907779366339518 0.450260484996113 0.5876843951520481 0.4530572618991295 0.5835410219623941 0.45515484457639177 0.5769116248589476 0.45538790931830986 0.5694535531175704 0.4538288987183132 0.5635240438192909 0.451265186557215 0.5585519959917061 0.44766055153829976 0.5555228479261846
1 0.4990931648292103 0.5575942473695433 0.4950586216231738 0.5626950820298923 0.49192011608809466 0.5708250647557628 0.4919925586815246 0.579912508952328 0.4944318699908495 0.5880704684988721 0.4985388557903157 0.5926281790074913 0.5033450358155359 0.5933924602290402 0.5070740716862244 0.5902989187471364 0.5098708485892409 0.5861555455574825 0.5119684312665033 0.579526148454036 0.5122014960084214 0.5720680767126588 0.5106424854084247 0.5661385674143793 0.5080787732473264 0.5611665195867945 0.5044741382284113 0.5581373715212729
1 0.7053790252011042 0.5639985684936344 0.7013444819950678 0.5690994031539833 0.6982059764599886 0.5772293858798538 0.6982784190534184 0.5863168300764192 0.7007177303627433 0.5944747896229632 0.7048247161622097 0.5990325001315825 0.7096308961874298 0.5997967813531314 0.7133599320581183 0.5967032398712275 0.7161567089611348 0.5925598666815736 0.7182542916383972 0.5859304695781272 0.7184873563803152 0.57847239783675 0.7169283457803186 0.5725428885384704 0.7143646336192204 0.5675708407108856 0.710759998600305 0.5645416926453639
1 0.7587590410197426 0.5638591944846781 0.7547244978137061 0.5689600291450271 0.751585992278627 0.5770900118708977 0.7516584348720567 0.5861774560674629 0.7540977461813817 0.594335415614007 0.758204731980848 0.5988931261226262 0.7630109120060682 0.5996574073441752 0.7667399478767567 0.5965638658622713 0.7695367247797732 0.5924204926726173 0.7716343074570355 0.585791095569171 0.7718673721989536 0.5783330238277937 0.770308361598957 0.5724035145295141 0.7677446494378587 0.5674314667019295 0.7641400144189434 0.5644023186364078
