1 0.795342 0.455159 0.791308 0.450058 0.788169 0.441928 0.788242 0.432840 0.790681 0.424682 0.794788 0.420125 0.799594 0.419360 0.803323 0.422454 0.806120 0.426597 0.808218 0.433227 0.808451 0.440685 0.806892 0.446614 0.804328 0.451586 0.800723 0.454615
2 0.049027 0.661280 0.046657 0.655407 0.047059 0.647803 0.048881 0.642073 0.051683 0.639831 0.055467 0.640330 0.058269 0.644066 0.058830 0.652038 0.057849 0.657518 0.054486 0.662002
2 0.822654 0.729459 0.820284 0.723586 0.820686 0.715982 0.822508 0.710253 0.825310 0.708011 0.829093 0.708509 0.831896 0.712246 0.832456 0.720217 0.831476 0.725698 0.828113 0.730181
2 0.302205 0.686408 0.299835 0.680535 0.300237 0.672931 0.302059 0.667202 0.304861 0.664960 0.308645 0.665458 0.311447 0.669194 0.312008 0.677166 0.311027 0.682646 0.307664 0.687130
2 0.564584 0.709668 0.562214 0.703795 0.562617 0.696191 0.564438 0.690462 0.567241 0.688220 0.571024 0.688718 0.573826 0.692454 0.574387 0.700426 0.573406 0.705906 0.570043 0.710390
1 0.220783 0.407209 0.217287 0.403065 0.214957 0.396850 0.214490 0.390635 0.215045 0.381520 0.218075 0.376483 0.222881 0.374283 0.227148 0.375940 0.230753 0.380083 0.232581 0.388149 0.231737 0.395607 0.229640 0.400579 0.227076 0.405551 0.224279 0.407623
3 0.913309 0.498460 0.909110 0.618268 0.944603 0.623618 0.942696 0.772889 0.967834 0.773898 0.972378 0.574999 0.950262 0.573028 0.951698 0.502729
3 0.138843 0.434540 0.135243 0.557374 0.172153 0.561551 0.169113 0.706203 0.194098 0.709033 0.200670 0.511393 0.178184 0.509968 0.180914 0.439621
3 0.397159 0.457220 0.392955 0.579424 0.431520 0.585228 0.429455 0.730387 0.454668 0.735834 0.460991 0.534234 0.437377 0.530822 0.438665 0.461809
3 0.659217 0.481704 0.654206 0.600357 0.692940 0.605561 0.687397 0.756305 0.713633 0.758479 0.722411 0.554824 0.699506 0.554384 0.701168 0.485223
3 0.839574 0.562525 0.818216 0.562253 0.813483 0.762527 0.838316 0.763121 0.842724 0.614093 0.878760 0.617550 0.882378 0.496435 0.842957 0.492805
3 0.067160 0.499870 0.044065 0.497523 0.043126 0.692072 0.066764 0.694199 0.067575 0.549020 0.105283 0.553899 0.107771 0.431601 0.069125 0.429823
3 0.319785 0.522499 0.297407 0.520223 0.292570 0.720330 0.319882 0.723313 0.321871 0.575349 0.360927 0.575821 0.364292 0.455897 0.322123 0.451103
3 0.586428 0.472800 0.582509 0.542132 0.559216 0.541483 0.553610 0.741935 0.578647 0.744660 0.584090 0.596224 0.622784 0.599968 0.626751 0.476794
1 0.275234 0.411778 0.271199 0.406677 0.268061 0.398547 0.268133 0.389460 0.270573 0.381302 0.274680 0.376744 0.279486 0.375980 0.283215 0.379073 0.286012 0.383217 0.288109 0.389846 0.288342 0.397304 0.286783 0.403234 0.284220 0.408206 0.280615 0.411235
1 0.483494 0.430998 0.479460 0.425897 0.476321 0.417767 0.476393 0.408680 0.478833 0.400522 0.482940 0.395964 0.487746 0.395200 0.491475 0.398293 0.494272 0.402436 0.496369 0.409066 0.496602 0.416524 0.495043 0.422453 0.492480 0.427426 0.488875 0.430455
1 0.537728 0.432730 0.533693 0.427629 0.530555 0.419499 0.530627 0.410412 0.533066 0.402254 0.537173 0.397696 0.541980 0.396932 0.545709 0.400025 0.548505 0.404169 0.550603 0.410798 0.550836 0.418256 0.549277 0.424186 0.546713 0.429158 0.543109 0.432187
1 0.743784 0.450005 0.739749 0.444904 0.736611 0.436774 0.736683 0.427687 0.739122 0.419529 0.743229 0.414971 0.748036 0.414207 0.751765 0.417300 0.754561 0.421444 0.756659 0.428073 0.756892 0.435531 0.755333 0.441461 0.752769 0.446433 0.749165 0.449462
