1 0.803423 0.464817 0.799836 0.470884 0.797379 0.479724 0.798175 0.488701 0.801241 0.496161 0.805670 0.499637 0.810489 0.499181 0.813933 0.495178 0.816371 0.490371 0.817918 0.483280 0.817554 0.475838 0.815537 0.470362 0.812603 0.466087 0.808793 0.463998
2 0.045650 0.452846 0.043772 0.459257 0.044778 0.466683 0.047038 0.471895 0.049991 0.473407 0.053697 0.471960 0.056172 0.467554 0.056091 0.459522 0.054683 0.454345 0.050996 0.450754
2 0.806150 0.191974 0.804273 0.198386 0.805278 0.205811 0.807539 0.211023 0.810492 0.212536 0.814197 0.211088 0.816673 0.206683 0.816591 0.198650 0.815183 0.193473 0.811496 0.189883
2 0.295106 0.362107 0.293229 0.368518 0.294234 0.375944 0.296495 0.381156 0.299448 0.382668 0.303153 0.381221 0.305629 0.376815 0.305547 0.368783 0.304139 0.363605 0.300452 0.360015
2 0.552130 0.274906 0.550252 0.281317 0.551258 0.288743 0.553518 0.293955 0.556471 0.295467 0.560176 0.294020 0.562652 0.289614 0.562571 0.281582 0.561162 0.276405 0.557476 0.272814
1 0.237344 0.662044 0.234214 0.667028 0.232403 0.673768 0.232438 0.680037 0.233714 0.688921 0.237115 0.693142 0.242049 0.694108 0.246141 0.691391 0.249378 0.686380 0.250544 0.677935 0.249114 0.670765 0.246640 0.666373 0.243706 0.662098 0.240772 0.660752
3 0.914183 0.396017 0.900465 0.278479 0.935172 0.264231 0.921371 0.116951 0.946174 0.109612 0.966546 0.305353 0.944811 0.312882 0.951842 0.382108
3 0.151525 0.653135 0.138159 0.532452 0.174362 0.519007 0.159808 0.376586 0.184314 0.367482 0.206594 0.561464 0.184448 0.568547 0.192766 0.637493
3 0.406546 0.567031 0.392631 0.447123 0.430343 0.431650 0.416714 0.288481 0.441237 0.276729 0.463586 0.474695 0.440483 0.484029 0.447265 0.552019
3 0.665268 0.479950 0.650838 0.363762 0.688764 0.348840 0.671247 0.201019 0.697044 0.192250 0.721987 0.391630 0.699349 0.397843 0.706513 0.465885
3 0.836081 0.351198 0.814960 0.356855 0.794292 0.159800 0.818826 0.152949 0.835084 0.299357 0.870479 0.286846 0.883726 0.405823 0.844994 0.419360
3 0.075495 0.608301 0.052821 0.616449 0.036365 0.424105 0.059594 0.416038 0.071983 0.559543 0.108920 0.545203 0.121143 0.665636 0.083031 0.677144
3 0.324886 0.523682 0.302916 0.531579 0.282158 0.334716 0.308955 0.324875 0.322734 0.470840 0.361356 0.460522 0.374258 0.578384 0.332899 0.593766
3 0.593644 0.503617 0.584231 0.435974 0.561225 0.442492 0.539678 0.245482 0.564244 0.236470 0.581478 0.382030 0.619482 0.368565 0.633240 0.489492
1 0.289784 0.642689 0.286198 0.648756 0.283740 0.657596 0.284537 0.666573 0.287603 0.674033 0.292032 0.677509 0.296850 0.677053 0.300295 0.673050 0.302732 0.668243 0.304280 0.661152 0.303915 0.653710 0.301899 0.648234 0.298964 0.643959 0.295154 0.641870
1 0.492127 0.571713 0.488541 0.577780 0.486083 0.586620 0.486880 0.595597 0.489945 0.603057 0.494375 0.606533 0.499193 0.606077 0.502638 0.602074 0.505075 0.597267 0.506623 0.590176 0.506258 0.582734 0.504242 0.577258 0.501307 0.572983 0.497497 0.570894
1 0.548634 0.555565 0.545047 0.561632 0.542589 0.570471 0.543386 0.579448 0.546452 0.586909 0.550881 0.590384 0.555699 0.589929 0.559144 0.585926 0.561582 0.581119 0.563129 0.574027 0.562764 0.566586 0.560748 0.561110 0.557813 0.556835 0.554003 0.554745
1 0.750098 0.484988 0.746512 0.491055 0.744054 0.499894 0.744851 0.508871 0.747916 0.516332 0.752346 0.519807 0.757164 0.519352 0.760609 0.515349 0.763046 0.510542 0.764594 0.503450 0.764229 0.496009 0.762213 0.490533 0.759278 0.486258 0.755468 0.484168
