1 0.799175 0.543479 0.795141 0.548580 0.792002 0.556710 0.792075 0.565797 0.794514 0.573955 0.798621 0.578513 0.803427 0.579277 0.807156 0.576183 0.809953 0.572040 0.812051 0.565411 0.812284 0.557953 0.810725 0.552023 0.808161 0.547051 0.804556 0.544022
2 0.049027 0.338720 0.046657 0.344593 0.047059 0.352197 0.048881 0.357927 0.051683 0.360169 0.055467 0.359670 0.058269 0.355934 0.058830 0.347962 0.057849 0.342482 0.054486 0.337998
2 0.822654 0.270541 0.820284 0.276414 0.820686 0.284018 0.822508 0.289747 0.825310 0.291989 0.829093 0.291491 0.831896 0.287754 0.832456 0.279783 0.831476 0.274302 0.828113 0.269819
2 0.302205 0.313592 0.299835 0.319465 0.300237 0.327069 0.302059 0.332798 0.304861 0.335040 0.308645 0.334542 0.311447 0.330806 0.312008 0.322834 0.311027 0.317354 0.307664 0.312870
2 0.564584 0.290332 0.562214 0.296205 0.562617 0.303809 0.564438 0.309538 0.567241 0.311780 0.571024 0.311282 0.573826 0.307546 0.574387 0.299574 0.573406 0.294094 0.570043 0.289610
1 0.223083 0.594154 0.219587 0.598298 0.217256 0.604513 0.216790 0.610728 0.217344 0.619843 0.220374 0.624880 0.225180 0.627080 0.229448 0.625423 0.233053 0.621279 0.234881 0.613214 0.234037 0.605756 0.231939 0.600784 0.229376 0.595812 0.226579 0.593740
3 0.913309 0.501540 0.909110 0.381732 0.944603 0.376382 0.942696 0.227111 0.967834 0.226102 0.972378 0.425001 0.950262 0.426972 0.951698 0.497271
3 0.138843 0.565460 0.135243 0.442626 0.172153 0.438449 0.169113 0.293797 0.194098 0.290967 0.200670 0.488607 0.178184 0.490032 0.180914 0.560379
3 0.397159 0.542780 0.392955 0.420576 0.431520 0.414772 0.429455 0.269613 0.454668 0.264166 0.460991 0.465766 0.437377 0.469178 0.438665 0.538191
3 0.659217 0.518296 0.654206 0.399643 0.692940 0.394439 0.687397 0.243695 0.713633 0.241521 0.722411 0.445176 0.699506 0.445616 0.701168 0.514777
3 0.839574 0.437475 0.818216 0.437747 0.813483 0.237473 0.838316 0.236879 0.842724 0.385907 0.878760 0.382450 0.882378 0.503565 0.842957 0.507195
3 0.067160 0.500130 0.044065 0.502477 0.043126 0.307928 0.066764 0.305801 0.067575 0.450980 0.105283 0.446101 0.107771 0.568399 0.069125 0.570177
3 0.319785 0.477501 0.297407 0.479777 0.292570 0.279670 0.319882 0.276687 0.321871 0.424651 0.360927 0.424179 0.364292 0.544103 0.322123 0.548897
3 0.586428 0.527200 0.582509 0.457868 0.559216 0.458517 0.553610 0.258065 0.578647 0.255340 0.584090 0.403776 0.622784 0.400032 0.626751 0.523206
1 0.277534 0.588222 0.273499 0.593323 0.270361 0.601453 0.270433 0.610540 0.272872 0.618698 0.276979 0.623256 0.281785 0.624020 0.285515 0.620927 0.288311 0.616783 0.290409 0.610154 0.290642 0.602696 0.289083 0.596766 0.286519 0.591794 0.282915 0.588765
1 0.483494 0.569002 0.479460 0.574103 0.476321 0.582233 0.476393 0.591320 0.478833 0.599478 0.482940 0.604036 0.487746 0.604800 0.491475 0.601707 0.494272 0.597564 0.496369 0.590934 0.496602 0.583476 0.495043 0.577547 0.492480 0.572574 0.488875 0.569545
1 0.537728 0.567270 0.533693 0.572371 0.530555 0.580501 0.530627 0.589588 0.533066 0.597746 0.537173 0.602304 0.541980 0.603068 0.545709 0.599975 0.548505 0.595831 0.550603 0.589202 0.550836 0.581744 0.549277 0.575814 0.546713 0.570842 0.543109 0.567813
1 0.743784 0.549995 0.739749 0.555096 0.736611 0.563226 0.736683 0.572313 0.739122 0.580471 0.743229 0.585029 0.748036 0.585793 0.751765 0.582700 0.754561 0.578556 0.756659 0.571927 0.756892 0.564469 0.755333 0.558539 0.752769 0.553567 0.749165 0.550538
