2 0.020749 0.279436 0.018387 0.285319 0.018799 0.292922 0.020629 0.298643 0.023434 0.300873 0.027217 0.300359 0.030014 0.296610 0.030564 0.288637 0.029576 0.283160 0.026207 0.278691
2 0.794799 0.296009 0.792437 0.301892 0.792850 0.309494 0.794679 0.315216 0.797485 0.317446 0.801267 0.316931 0.804065 0.313183 0.804614 0.305209 0.803626 0.299733 0.800257 0.295263
2 0.272930 0.278581 0.270568 0.284464 0.270981 0.292067 0.272810 0.297788 0.275615 0.300018 0.279398 0.299504 0.282195 0.295756 0.282745 0.287782 0.281757 0.282306 0.278388 0.277836
2 0.535827 0.283637 0.533465 0.289520 0.533877 0.297123 0.535707 0.302844 0.538512 0.305074 0.542295 0.304560 0.545092 0.300812 0.545642 0.292838 0.544654 0.287362 0.541285 0.282892
1 0.182219 0.546843 0.178728 0.551001 0.176406 0.557226 0.175948 0.563443 0.176515 0.572556 0.179552 0.577580 0.184361 0.579760 0.188626 0.578084 0.192225 0.573925 0.194043 0.565852 0.193188 0.558398 0.191084 0.553435 0.188514 0.548473 0.185714 0.546414
3 0.878450 0.529950 0.879599 0.410481 0.916066 0.411428 0.919002 0.268274 0.944708 0.271626 0.940141 0.464669 0.917519 0.464778 0.916645 0.530588
3 0.102618 0.508228 0.102519 0.390353 0.138729 0.388695 0.138281 0.242819 0.163605 0.241424 0.165492 0.441109 0.142520 0.440690 0.143167 0.509928
3 0.360216 0.515722 0.360429 0.394136 0.398994 0.393688 0.399753 0.244804 0.424961 0.243777 0.424874 0.446867 0.401504 0.447278 0.401405 0.516347
3 0.622933 0.523813 0.623967 0.401062 0.662702 0.402020 0.665222 0.251630 0.690418 0.251352 0.687673 0.454660 0.663790 0.454060 0.663732 0.523842
3 0.806034 0.459775 0.784543 0.458328 0.788540 0.260823 0.813105 0.262994 0.810993 0.407609 0.847551 0.410679 0.846404 0.529264 0.806205 0.529839
3 0.029598 0.437783 0.010685 0.437170 0.013042 0.244223 0.038877 0.245653 0.035599 0.388607 0.072505 0.389278 0.071723 0.507690 0.030154 0.508020
3 0.285520 0.444015 0.261883 0.442545 0.264919 0.243665 0.290781 0.244853 0.287650 0.394015 0.326355 0.392709 0.325865 0.514415 0.284313 0.513996
3 0.547880 0.521444 0.548611 0.451301 0.524617 0.449199 0.528092 0.248484 0.553585 0.251171 0.551412 0.398810 0.590003 0.400050 0.588586 0.521183
1 0.236202 0.546813 0.232174 0.551931 0.229047 0.560075 0.229131 0.569162 0.231582 0.577309 0.235695 0.581850 0.240502 0.582593 0.244227 0.579484 0.247018 0.575329 0.249107 0.568690 0.249330 0.561231 0.247763 0.555308 0.245192 0.550347 0.241583 0.547334
1 0.442354 0.555225 0.438326 0.560343 0.435199 0.568487 0.435283 0.577574 0.437734 0.585721 0.441847 0.590262 0.446654 0.591005 0.450379 0.587896 0.453170 0.583741 0.455259 0.577102 0.455482 0.569643 0.453915 0.563721 0.451344 0.558759 0.447736 0.555746
1 0.499171 0.557598 0.495143 0.562716 0.492016 0.570859 0.492100 0.579946 0.494551 0.588094 0.498664 0.592634 0.503471 0.593378 0.507196 0.590269 0.509987 0.586113 0.512076 0.579475 0.512299 0.572016 0.510732 0.566093 0.508161 0.561132 0.504552 0.558118
1 0.705465 0.563124 0.701437 0.568242 0.698309 0.576385 0.698394 0.585472 0.700844 0.593620 0.704958 0.598160 0.709765 0.598904 0.713490 0.595794 0.716281 0.591639 0.718369 0.585001 0.718592 0.577542 0.717025 0.571619 0.714455 0.566658 0.710846 0.563644
1 0.758844 0.562757 0.754817 0.567875 0.751689 0.576018 0.751774 0.585105 0.754224 0.593253 0.758337 0.597793 0.763144 0.598537 0.766869 0.595427 0.769661 0.591272 0.771749 0.584634 0.771972 0.577175 0.770405 0.571252 0.767835 0.566291 0.764226 0.563277
