1 0.791589 0.626711 0.787152 0.630618 0.783333 0.637768 0.782599 0.646762 0.784285 0.655501 0.787937 0.661152 0.792616 0.663252 0.796572 0.661242 0.799701 0.657933 0.802360 0.651974 0.803251 0.644674 0.802237 0.638382 0.800146 0.632754 0.796854 0.628754
2 0.072368 0.219563 0.069507 0.224699 0.069231 0.232321 0.070522 0.238489 0.073091 0.241488 0.076872 0.242055 0.079970 0.239150 0.081230 0.231435 0.080747 0.225748 0.077823 0.220379
2 0.842500 0.367519 0.839639 0.372655 0.839363 0.380276 0.840654 0.386444 0.843223 0.389443 0.847003 0.390010 0.850101 0.387105 0.851361 0.379390 0.850878 0.373704 0.847954 0.368334
2 0.324612 0.265643 0.321752 0.270779 0.321475 0.278401 0.322767 0.284569 0.325335 0.287568 0.329116 0.288135 0.332214 0.285230 0.333474 0.277515 0.332991 0.271828 0.330067 0.266459
2 0.585020 0.315930 0.582159 0.321066 0.581883 0.328688 0.583174 0.334856 0.585743 0.337854 0.589523 0.338422 0.592622 0.335516 0.593882 0.327802 0.593399 0.322115 0.590475 0.316745
1 0.220348 0.517427 0.216528 0.520540 0.213676 0.526024 0.212665 0.532031 0.212405 0.541188 0.214951 0.547010 0.219502 0.550529 0.223863 0.550087 0.227790 0.547005 0.230310 0.539552 0.230137 0.531951 0.228506 0.526453 0.226415 0.520826 0.223837 0.517997
3 0.910921 0.619460 0.917389 0.499971 0.952913 0.504626 0.964255 0.356685 0.989169 0.362728 0.976034 0.560416 0.954019 0.556170 0.949208 0.625993
3 0.142609 0.467706 0.149937 0.345398 0.186756 0.351608 0.196570 0.207911 0.221494 0.212113 0.210474 0.409125 0.188142 0.404236 0.184605 0.474469
3 0.397954 0.519905 0.404630 0.398049 0.443228 0.403116 0.454050 0.259191 0.479430 0.260872 0.467814 0.461726 0.444192 0.458484 0.439348 0.526995
3 0.658516 0.564856 0.664080 0.446281 0.702791 0.451988 0.710673 0.301573 0.736774 0.306773 0.727399 0.510344 0.704741 0.504364 0.700254 0.573127
3 0.843903 0.534201 0.822787 0.528489 0.835857 0.329389 0.860433 0.335757 0.851583 0.484159 0.887475 0.490835 0.880317 0.611452 0.841066 0.603998
3 0.076095 0.382690 0.053080 0.378540 0.069390 0.186157 0.092921 0.190676 0.080859 0.334270 0.118529 0.340011 0.110150 0.461479 0.071829 0.452413
3 0.328328 0.431298 0.306028 0.427279 0.318981 0.228315 0.346216 0.233018 0.335071 0.379692 0.373681 0.390162 0.366379 0.509531 0.324312 0.502458
3 0.587240 0.555042 0.589513 0.485477 0.566453 0.479595 0.578677 0.280076 0.603642 0.284396 0.595866 0.432503 0.634409 0.439641 0.627413 0.562388
1 0.275401 0.527031 0.270965 0.530938 0.267146 0.538088 0.266412 0.547082 0.268098 0.555821 0.271750 0.561472 0.276428 0.563573 0.280385 0.561562 0.283514 0.558253 0.286173 0.552294 0.287064 0.544994 0.286050 0.538702 0.283958 0.533074 0.280667 0.529074
1 0.480373 0.567069 0.475937 0.570976 0.472117 0.578126 0.471384 0.587120 0.473070 0.595860 0.476722 0.601510 0.481400 0.603611 0.485357 0.601600 0.488486 0.598292 0.491144 0.592332 0.492035 0.585033 0.491021 0.578741 0.488930 0.573113 0.485639 0.569112
1 0.534325 0.577853 0.529889 0.581761 0.526069 0.588910 0.525335 0.597905 0.527021 0.606644 0.530673 0.612295 0.535352 0.614395 0.539308 0.612385 0.542437 0.609076 0.545096 0.603117 0.545987 0.595817 0.544973 0.589525 0.542882 0.583897 0.539590 0.579896
1 0.738582 0.618279 0.734146 0.622186 0.730326 0.629336 0.729593 0.638330 0.731279 0.647069 0.734931 0.652720 0.739609 0.654821 0.743566 0.652810 0.746695 0.649501 0.749353 0.643542 0.750244 0.636242 0.749230 0.629950 0.747139 0.624323 0.743848 0.620322
