1 0.218656 0.657716 0.217511 0.662802 0.217493 0.667858 0.218057 0.671772 0.218807 0.675645 0.220185 0.677692 0.221866 0.680007 0.223604 0.681804 0.225353 0.682420 0.227451 0.682620 0.229525 0.681142 0.230747 0.679687 0.232376 0.677299 0.233423 0.674705 0.234398 0.671945 0.234672 0.667933 0.234468 0.663755 0.233550 0.659457 0.232174 0.655389 0.230486 0.653475 0.228720 0.651992 0.226152 0.650852 0.223841 0.651374 0.221871 0.652801 0.220479 0.654588
1 0.740809 0.520366 0.738006 0.521735 0.735543 0.524010 0.734102 0.527036 0.733120 0.530696 0.732580 0.534746 0.732653 0.539641 0.732964 0.543992 0.733749 0.547253 0.734806 0.550452 0.736627 0.552743 0.739536 0.554788 0.742546 0.556319 0.745349 0.554950 0.747676 0.552706 0.749372 0.549376 0.750507 0.545928 0.751726 0.541723 0.752061 0.536736 0.751716 0.531903 0.750659 0.528703 0.749602 0.525504 0.748070 0.523394 0.746130 0.521376 0.744701 0.520716 0.742576 0.519967
1 0.278699 0.637499 0.275896 0.638868 0.273433 0.641143 0.271992 0.644169 0.271010 0.647829 0.270470 0.651880 0.270543 0.656775 0.270854 0.661125 0.271639 0.664386 0.272696 0.667585 0.274518 0.669876 0.277426 0.671921 0.280436 0.673452 0.283239 0.672083 0.285566 0.669839 0.287262 0.666509 0.288397 0.663061 0.289617 0.658857 0.289951 0.653870 0.289606 0.649036 0.288549 0.645837 0.287492 0.642637 0.285960 0.640527 0.284020 0.638509 0.282592 0.637849 0.280466 0.637100
1 0.482759 0.586982 0.479956 0.588351 0.477494 0.590625 0.476052 0.593652 0.475070 0.597311 0.474531 0.601362 0.474604 0.606257 0.474914 0.610607 0.475700 0.613868 0.476757 0.617068 0.478578 0.619358 0.481487 0.621403 0.484497 0.622934 0.487300 0.621565 0.489626 0.619321 0.491322 0.615992 0.492458 0.612543 0.493677 0.608339 0.494012 0.603352 0.493667 0.598518 0.492609 0.595319 0.491552 0.592119 0.490020 0.590009 0.488080 0.587991 0.486652 0.587331 0.484527 0.586583
1 0.793575 0.506787 0.790772 0.508156 0.788310 0.510431 0.786869 0.513457 0.785887 0.517117 0.785347 0.521168 0.785420 0.526063 0.785731 0.530413 0.786516 0.533674 0.787573 0.536873 0.789394 0.539164 0.792303 0.541209 0.795313 0.542740 0.798116 0.541371 0.800442 0.539127 0.802139 0.535798 0.803274 0.532349 0.804493 0.528145 0.804828 0.523158 0.804483 0.518324 0.803426 0.515125 0.802368 0.511925 0.800836 0.509815 0.798897 0.507797 0.797468 0.507137 0.795343 0.506389
1 0.537565 0.572105 0.534762 0.573474 0.532300 0.575749 0.530858 0.578775 0.529876 0.582435 0.529337 0.586486 0.529410 0.591381 0.529720 0.595731 0.530506 0.598992 0.531563 0.602191 0.533384 0.604482 0.536293 0.606527 0.539303 0.608058 0.542106 0.606689 0.544432 0.604445 0.546128 0.601115 0.547263 0.597667 0.548483 0.593463 0.548818 0.588476 0.548472 0.583642 0.547415 0.580443 0.546358 0.577243 0.544826 0.575133 0.542886 0.573115 0.541458 0.572455 0.539332 0.571706
0 0.792008 0.199554 0.819733 0.192888 0.831002 0.337923 0.866126 0.331058 0.874809 0.452704 0.833377 0.462051 0.828540 0.393645 0.805177 0.398832
0 0.922346 0.170550 0.947104 0.165710 0.960417 0.359347 0.937993 0.365877 0.943962 0.433098 0.904404 0.444103 0.895114 0.322893 0.931606 0.314208
0 0.534522 0.261576 0.563655 0.255406 0.575038 0.402041 0.611904 0.393969 0.620587 0.515615 0.579155 0.524962 0.573139 0.459261 0.549327 0.464550
0 0.276818 0.326356 0.302936 0.321270 0.312685 0.468678 0.352194 0.459197 0.360878 0.580843 0.319446 0.590190 0.313879 0.521139 0.290624 0.527577
0 0.148828 0.357076 0.176961 0.350907 0.195722 0.553035 0.174989 0.558127 0.179806 0.625608 0.136108 0.636523 0.126818 0.515313 0.163484 0.507158
0 0.408745 0.294692 0.436321 0.286663 0.454840 0.486880 0.430491 0.493845 0.435308 0.561326 0.393876 0.570673 0.384585 0.449463 0.421078 0.440778
0 0.668449 0.229585 0.698610 0.222030 0.713521 0.425255 0.690407 0.430316 0.695053 0.495396 0.651878 0.505950 0.642588 0.384739 0.679080 0.376054
0 0.029371 0.391268 0.052775 0.386478 0.064314 0.531474 0.101483 0.522521 0.110167 0.644167 0.068735 0.653514 0.063168 0.584463 0.042663 0.589656
