1 0.208668 0.406506 0.207172 0.401717 0.206797 0.396705 0.207078 0.392696 0.207548 0.388686 0.208770 0.386347 0.210274 0.383674 0.211871 0.381503 0.213563 0.380500 0.215630 0.379832 0.217791 0.380834 0.219107 0.382004 0.220892 0.384008 0.222114 0.386347 0.223277 0.388867 0.223833 0.392786 0.223927 0.396977 0.223320 0.401445 0.222243 0.405789 0.220704 0.408065 0.219057 0.409932 0.216590 0.411637 0.214261 0.411637 0.212205 0.410663 0.210698 0.409201
1 0.736393 0.426733 0.733515 0.426002 0.730911 0.424297 0.729267 0.421617 0.728034 0.418207 0.727211 0.414309 0.726937 0.409436 0.726937 0.405051 0.727485 0.401640 0.728308 0.398230 0.729952 0.395550 0.732693 0.392870 0.735571 0.390678 0.738448 0.391408 0.740915 0.393114 0.742833 0.396037 0.744204 0.399204 0.745711 0.403102 0.746396 0.407975 0.746396 0.412847 0.745574 0.416258 0.744752 0.419668 0.743382 0.422104 0.741600 0.424541 0.740230 0.425515 0.738174 0.426733
1 0.269665 0.414804 0.266787 0.414074 0.264183 0.412368 0.262539 0.409688 0.261306 0.406278 0.260483 0.402380 0.260209 0.397508 0.260209 0.393122 0.260757 0.389712 0.261580 0.386301 0.263224 0.383621 0.265965 0.380941 0.268843 0.378749 0.271720 0.379480 0.274187 0.381185 0.276105 0.384108 0.277476 0.387276 0.278983 0.391173 0.279668 0.396046 0.279668 0.400918 0.278846 0.404329 0.278024 0.407740 0.276654 0.410176 0.274872 0.412612 0.273502 0.413586 0.271446 0.414804
1 0.476035 0.419034 0.473157 0.418303 0.470553 0.416597 0.468909 0.413918 0.467676 0.410507 0.466853 0.406609 0.466579 0.401737 0.466579 0.397351 0.467127 0.393941 0.467950 0.390530 0.469594 0.387850 0.472335 0.385170 0.475213 0.382978 0.478090 0.383709 0.480557 0.385414 0.482475 0.388338 0.483846 0.391505 0.485353 0.395402 0.486038 0.400275 0.486038 0.405147 0.485216 0.408558 0.484394 0.411969 0.483024 0.414405 0.481242 0.416841 0.479872 0.417815 0.477816 0.419034
1 0.791470 0.428186 0.788593 0.427455 0.785989 0.425750 0.784344 0.423070 0.783111 0.419659 0.782289 0.415761 0.782015 0.410889 0.782015 0.406504 0.782563 0.403093 0.783385 0.399683 0.785030 0.397003 0.787770 0.394323 0.790648 0.392130 0.793526 0.392861 0.795993 0.394567 0.797911 0.397490 0.799281 0.400657 0.800789 0.404555 0.801474 0.409427 0.801474 0.414300 0.800652 0.417710 0.799830 0.421121 0.798459 0.423557 0.796678 0.425993 0.795307 0.426968 0.793252 0.428186
1 0.531575 0.421525 0.528697 0.420795 0.526094 0.419089 0.524449 0.416409 0.523216 0.412999 0.522394 0.409101 0.522120 0.404229 0.522120 0.399843 0.522668 0.396433 0.523490 0.393022 0.525134 0.390342 0.527875 0.387662 0.530753 0.385470 0.533631 0.386201 0.536097 0.387906 0.538016 0.390830 0.539386 0.393997 0.540893 0.397894 0.541579 0.402767 0.541579 0.407639 0.540756 0.411050 0.539934 0.414461 0.538564 0.416897 0.536782 0.419333 0.535412 0.420307 0.533356 0.421525
0 0.810960 0.732702 0.838937 0.733110 0.839846 0.586706 0.875176 0.585656 0.875176 0.463035 0.833412 0.463035 0.833457 0.531979 0.809913 0.532062
0 0.942315 0.732304 0.967220 0.731565 0.966714 0.536489 0.944006 0.535029 0.945167 0.467007 0.905145 0.464943 0.904512 0.587268 0.941329 0.587717
0 0.550961 0.729849 0.580299 0.729450 0.581207 0.581434 0.618352 0.581190 0.618352 0.458569 0.576588 0.458569 0.575272 0.525094 0.551275 0.525177
0 0.289652 0.719487 0.314389 0.720050 0.314389 0.575722 0.354255 0.576284 0.354255 0.453663 0.312490 0.453663 0.311858 0.523411 0.289379 0.522848
0 0.161213 0.712415 0.186846 0.715698 0.195508 0.517164 0.172220 0.515705 0.172220 0.447683 0.130456 0.447683 0.129823 0.570008 0.164417 0.569892
0 0.423185 0.725461 0.451110 0.727254 0.455303 0.524485 0.430654 0.523026 0.430654 0.455003 0.388890 0.455003 0.388257 0.577329 0.425074 0.577777
0 0.686677 0.732062 0.717133 0.732807 0.717535 0.527861 0.694247 0.528014 0.694247 0.462411 0.650668 0.461605 0.650035 0.583930 0.686852 0.584378
0 0.038457 0.710053 0.061424 0.710615 0.061424 0.566287 0.101290 0.566849 0.101290 0.444228 0.059526 0.444228 0.058893 0.513976 0.038183 0.513413
