1 0.791044 0.599864 0.792539 0.604653 0.792915 0.609664 0.792633 0.613674 0.792163 0.617683 0.790942 0.620022 0.789438 0.622695 0.787841 0.624867 0.786149 0.625869 0.784082 0.626538 0.781921 0.625535 0.780605 0.624366 0.778819 0.622361 0.777598 0.620022 0.776435 0.617502 0.775879 0.613583 0.775785 0.609393 0.776392 0.604924 0.777469 0.600581 0.779007 0.598304 0.780655 0.596438 0.783121 0.594732 0.785451 0.594732 0.787506 0.595707 0.789014 0.597168
1 0.263081 0.580927 0.265959 0.581658 0.268562 0.583364 0.270207 0.586043 0.271440 0.589454 0.272262 0.593352 0.272536 0.598224 0.272536 0.602609 0.271988 0.606020 0.271166 0.609431 0.269522 0.612111 0.266781 0.614790 0.263903 0.616983 0.261025 0.616252 0.258559 0.614547 0.256640 0.611623 0.255270 0.608456 0.253762 0.604558 0.253077 0.599686 0.253077 0.594814 0.253900 0.591403 0.254722 0.587992 0.256092 0.585556 0.257874 0.583120 0.259244 0.582145 0.261299 0.580927
1 0.731215 0.590537 0.734093 0.591268 0.736696 0.592973 0.738341 0.595653 0.739574 0.599064 0.740396 0.602962 0.740670 0.607834 0.740670 0.612219 0.740122 0.615630 0.739300 0.619041 0.737656 0.621720 0.734915 0.624400 0.732037 0.626593 0.729159 0.625862 0.726693 0.624157 0.724774 0.621233 0.723404 0.618066 0.721897 0.614168 0.721211 0.609296 0.721211 0.604423 0.722034 0.601013 0.722856 0.597602 0.724226 0.595166 0.726008 0.592730 0.727378 0.591755 0.729433 0.590537
1 0.523854 0.588667 0.526732 0.589398 0.529335 0.591103 0.530980 0.593783 0.532213 0.597193 0.533035 0.601091 0.533309 0.605964 0.533309 0.610349 0.532761 0.613760 0.531939 0.617170 0.530295 0.619850 0.527554 0.622530 0.524676 0.624722 0.521798 0.623992 0.519332 0.622286 0.517413 0.619363 0.516043 0.616196 0.514536 0.612298 0.513850 0.607425 0.513850 0.602553 0.514673 0.599142 0.515495 0.595732 0.516865 0.593296 0.518647 0.590859 0.520017 0.589885 0.522072 0.588667
1 0.208858 0.579184 0.211736 0.579915 0.214340 0.581620 0.215984 0.584300 0.217217 0.587711 0.218040 0.591609 0.218314 0.596481 0.218314 0.600866 0.217766 0.604277 0.216943 0.607687 0.215299 0.610367 0.212558 0.613047 0.209680 0.615240 0.206803 0.614509 0.204336 0.612803 0.202418 0.609880 0.201047 0.606713 0.199540 0.602815 0.198855 0.597943 0.198855 0.593070 0.199677 0.589660 0.200499 0.586249 0.201869 0.583813 0.203651 0.581377 0.205021 0.580402 0.207077 0.579184
1 0.469690 0.584832 0.472568 0.585563 0.475172 0.587268 0.476816 0.589948 0.478049 0.593359 0.478872 0.597257 0.479146 0.602129 0.479146 0.606514 0.478597 0.609925 0.477775 0.613336 0.476131 0.616016 0.473390 0.618695 0.470512 0.620888 0.467635 0.620157 0.465168 0.618452 0.463249 0.615528 0.461879 0.612361 0.460372 0.608463 0.459687 0.603591 0.459687 0.598719 0.460509 0.595308 0.461331 0.591897 0.462701 0.589461 0.464483 0.587025 0.465853 0.586050 0.467909 0.584832
0 0.189149 0.271875 0.162080 0.272274 0.162634 0.420290 0.125036 0.419727 0.125036 0.542349 0.166801 0.542349 0.166755 0.473404 0.190299 0.473321
0 0.060743 0.274396 0.034025 0.274329 0.032716 0.471018 0.054063 0.472477 0.054262 0.540499 0.094285 0.542564 0.094918 0.420238 0.058101 0.419790
0 0.449420 0.275788 0.420082 0.276186 0.419174 0.424202 0.382029 0.424446 0.382029 0.547068 0.423793 0.547068 0.425109 0.480543 0.449106 0.480460
0 0.712271 0.282375 0.685266 0.281813 0.684359 0.432592 0.645400 0.432030 0.645400 0.554651 0.687165 0.554651 0.687798 0.484903 0.711183 0.485466
0 0.838075 0.287432 0.809902 0.284633 0.805322 0.488488 0.826251 0.488900 0.826251 0.556922 0.870374 0.557970 0.871007 0.435645 0.834055 0.435761
0 0.576148 0.279377 0.548224 0.277584 0.545391 0.481966 0.570040 0.483425 0.570040 0.551448 0.611804 0.551448 0.612437 0.429122 0.573806 0.427867
0 0.313073 0.274058 0.282617 0.273314 0.282216 0.478260 0.305504 0.478107 0.305504 0.543709 0.349083 0.544516 0.349716 0.422191 0.312898 0.421742
0 0.964959 0.293987 0.937773 0.292054 0.937954 0.438479 0.900447 0.437916 0.900447 0.560538 0.942211 0.560538 0.942844 0.490790 0.963554 0.491352
