1 0.779169 0.596270 0.780665 0.601059 0.781041 0.606071 0.780759 0.610080 0.780289 0.614090 0.779067 0.616428 0.777564 0.619101 0.775966 0.621273 0.774275 0.622276 0.772207 0.622944 0.770046 0.621941 0.768731 0.620772 0.766945 0.618767 0.765723 0.616428 0.764561 0.613908 0.764005 0.609990 0.763911 0.605799 0.764517 0.601330 0.765594 0.596987 0.767133 0.594710 0.768780 0.592844 0.771247 0.591138 0.773577 0.591138 0.775632 0.592113 0.777140 0.593574
1 0.250918 0.579096 0.253796 0.579826 0.256400 0.581532 0.258044 0.584212 0.259277 0.587622 0.260100 0.591520 0.260374 0.596393 0.260374 0.600778 0.259825 0.604188 0.259003 0.607599 0.257359 0.610279 0.254618 0.612959 0.251740 0.615151 0.248863 0.614420 0.246396 0.612715 0.244477 0.609792 0.243107 0.606625 0.241600 0.602727 0.240915 0.597854 0.240915 0.592982 0.241737 0.589571 0.242559 0.586161 0.243929 0.583724 0.245711 0.581288 0.247081 0.580314 0.249137 0.579096
1 0.718722 0.587237 0.721600 0.587968 0.724203 0.589673 0.725848 0.592353 0.727081 0.595764 0.727903 0.599661 0.728177 0.604534 0.728177 0.608919 0.727629 0.612330 0.726807 0.615740 0.725162 0.618420 0.722422 0.621100 0.719544 0.623293 0.716666 0.622562 0.714200 0.620856 0.712281 0.617933 0.710911 0.614766 0.709403 0.610868 0.708718 0.605996 0.708718 0.601123 0.709540 0.597713 0.710363 0.594302 0.711733 0.591866 0.713514 0.589429 0.714885 0.588455 0.716940 0.587237
1 0.513175 0.585879 0.516053 0.586610 0.518657 0.588315 0.520301 0.590995 0.521534 0.594406 0.522357 0.598304 0.522631 0.603176 0.522631 0.607561 0.522082 0.610972 0.521260 0.614383 0.519616 0.617062 0.516875 0.619742 0.513997 0.621935 0.511120 0.621204 0.508653 0.619499 0.506734 0.616575 0.505364 0.613408 0.503857 0.609510 0.503172 0.604638 0.503172 0.599766 0.503994 0.596355 0.504816 0.592944 0.506186 0.590508 0.507968 0.588072 0.509338 0.587097 0.511394 0.585879
1 0.196819 0.578084 0.199696 0.578815 0.202300 0.580520 0.203945 0.583200 0.205178 0.586611 0.206000 0.590509 0.206274 0.595381 0.206274 0.599766 0.205726 0.603177 0.204904 0.606587 0.203259 0.609267 0.200519 0.611947 0.197641 0.614140 0.194763 0.613409 0.192296 0.611703 0.190378 0.608780 0.189008 0.605613 0.187500 0.601715 0.186815 0.596843 0.186815 0.591970 0.187637 0.588560 0.188459 0.585149 0.189830 0.582713 0.191611 0.580277 0.192982 0.579302 0.195037 0.578084
1 0.456578 0.582632 0.459456 0.583363 0.462060 0.585068 0.463704 0.587748 0.464937 0.591159 0.465760 0.595057 0.466034 0.599929 0.466034 0.604314 0.465486 0.607725 0.464663 0.611136 0.463019 0.613815 0.460278 0.616495 0.457400 0.618688 0.454523 0.617957 0.452056 0.616252 0.450138 0.613328 0.448767 0.610161 0.447260 0.606263 0.446575 0.601391 0.446575 0.596518 0.447397 0.593108 0.448219 0.589697 0.449589 0.587261 0.451371 0.584825 0.452741 0.583850 0.454797 0.582632
0 0.178170 0.272526 0.151101 0.272925 0.151655 0.420941 0.114057 0.420378 0.114057 0.543000 0.155822 0.543000 0.155776 0.474056 0.179320 0.473973
0 0.048017 0.273755 0.021298 0.273688 0.021644 0.470377 0.042991 0.471836 0.043190 0.539858 0.083213 0.541922 0.083846 0.419597 0.047029 0.419149
0 0.437261 0.273534 0.407923 0.273933 0.407014 0.421949 0.369870 0.422193 0.369870 0.544814 0.411634 0.544814 0.412949 0.478289 0.436947 0.478206
0 0.698028 0.279311 0.671024 0.278749 0.671296 0.429528 0.632337 0.428965 0.632337 0.551587 0.674102 0.551587 0.674734 0.481839 0.698120 0.482401
0 0.826826 0.285416 0.798653 0.282617 0.794073 0.486472 0.815002 0.486884 0.815002 0.554906 0.859126 0.555954 0.859758 0.433629 0.822806 0.433745
0 0.567530 0.273733 0.539605 0.271940 0.536773 0.476321 0.561422 0.477781 0.561422 0.545803 0.603186 0.545803 0.603819 0.423478 0.565188 0.422223
0 0.302728 0.273417 0.272272 0.272673 0.271871 0.477619 0.295159 0.477465 0.295159 0.543068 0.338738 0.543875 0.339370 0.421550 0.302553 0.421101
0 0.951805 0.289633 0.925209 0.289796 0.925798 0.434124 0.888291 0.433562 0.888291 0.556183 0.930055 0.556183 0.930688 0.486435 0.951398 0.486998
