1 0.221560 0.627105 0.220263 0.632073 0.220092 0.637120 0.220536 0.641083 0.221168 0.645022 0.222481 0.647197 0.224090 0.649670 0.225771 0.651631 0.227499 0.652414 0.229588 0.652814 0.231703 0.651537 0.232968 0.650201 0.234667 0.647973 0.235791 0.645483 0.236848 0.642820 0.237243 0.638840 0.237167 0.634648 0.236380 0.630269 0.235129 0.626075 0.233502 0.624003 0.231783 0.622353 0.229253 0.620969 0.226930 0.621268 0.224919 0.622504 0.223475 0.624156
1 0.747313 0.550086 0.744473 0.551184 0.741945 0.553220 0.740414 0.556104 0.739323 0.559664 0.738661 0.563658 0.738586 0.568552 0.738764 0.572926 0.739449 0.576257 0.740408 0.579553 0.742157 0.582015 0.745000 0.584336 0.747959 0.586153 0.750800 0.585054 0.753191 0.583036 0.754985 0.579874 0.756223 0.576539 0.757568 0.572458 0.758053 0.567510 0.757855 0.562650 0.756897 0.559354 0.755938 0.556058 0.754472 0.553804 0.752596 0.551603 0.751190 0.550808 0.749090 0.549857
1 0.282276 0.611548 0.279436 0.612647 0.276908 0.614683 0.275377 0.617567 0.274285 0.621127 0.273624 0.625120 0.273549 0.630015 0.273727 0.634389 0.274412 0.637720 0.275371 0.641016 0.277120 0.643478 0.279963 0.645798 0.282922 0.647615 0.285762 0.646517 0.288153 0.644499 0.289948 0.641336 0.291186 0.638002 0.292531 0.633920 0.293016 0.628973 0.292818 0.624113 0.291859 0.620817 0.290901 0.617521 0.289435 0.615267 0.287559 0.613066 0.286153 0.612270 0.284053 0.611319
1 0.487176 0.582467 0.484336 0.583565 0.481808 0.585601 0.480277 0.588485 0.479186 0.592045 0.478524 0.596038 0.478449 0.600933 0.478627 0.605307 0.479313 0.608638 0.480271 0.611934 0.482020 0.614396 0.484863 0.616716 0.487822 0.618533 0.490663 0.617435 0.493054 0.615417 0.494848 0.612255 0.496086 0.608920 0.497431 0.604838 0.497916 0.599891 0.497718 0.595031 0.496760 0.591735 0.495801 0.588439 0.494335 0.586185 0.492459 0.583984 0.491053 0.583188 0.488953 0.582238
1 0.802549 0.537988 0.799709 0.539086 0.797181 0.541122 0.795650 0.544006 0.794559 0.547566 0.793897 0.551559 0.793822 0.556454 0.794000 0.560828 0.794685 0.564159 0.795644 0.567455 0.797393 0.569917 0.800236 0.572237 0.803195 0.574055 0.806036 0.572956 0.808427 0.570938 0.810221 0.567776 0.811459 0.564441 0.812804 0.560359 0.813289 0.555412 0.813091 0.550552 0.812133 0.547256 0.811174 0.543960 0.809708 0.541706 0.807832 0.539505 0.806426 0.538709 0.804326 0.537759
1 0.544340 0.574491 0.541500 0.575590 0.538972 0.577625 0.537441 0.580510 0.536350 0.584070 0.535688 0.588063 0.535613 0.592958 0.535791 0.597332 0.536477 0.600663 0.537435 0.603959 0.539184 0.606421 0.542027 0.608741 0.544986 0.610558 0.547827 0.609459 0.550218 0.607442 0.552012 0.604279 0.553250 0.600945 0.554595 0.596863 0.555081 0.591915 0.554882 0.587056 0.553924 0.583760 0.552965 0.580464 0.551499 0.578210 0.549623 0.576009 0.548217 0.575213 0.546117 0.574262
0 0.810132 0.228087 0.837147 0.225006 0.842612 0.372707 0.880088 0.367314 0.885074 0.489615 0.843419 0.494982 0.840661 0.426212 0.817175 0.429155
0 0.936948 0.214277 0.963593 0.210776 0.972896 0.406783 0.951664 0.410981 0.954230 0.478851 0.914396 0.486053 0.908792 0.364129 0.945494 0.358951
0 0.551088 0.263767 0.580365 0.260395 0.587289 0.407907 0.624347 0.403377 0.629332 0.525678 0.587677 0.531045 0.583660 0.464863 0.559722 0.467863
0 0.288642 0.301758 0.315553 0.297727 0.322588 0.447996 0.361422 0.442429 0.366407 0.564729 0.324752 0.570096 0.321285 0.500612 0.297983 0.504178
0 0.161562 0.323200 0.189548 0.316788 0.202404 0.519522 0.181546 0.522622 0.184312 0.590466 0.140347 0.597181 0.134742 0.475257 0.171603 0.470625
0 0.423447 0.283002 0.451226 0.277625 0.462361 0.481108 0.437836 0.485732 0.440601 0.553576 0.398946 0.558942 0.393341 0.437018 0.431821 0.430803
0 0.685264 0.246364 0.715610 0.241707 0.724343 0.446066 0.701109 0.448905 0.703776 0.514337 0.660344 0.520741 0.654740 0.398817 0.691443 0.393639
0 0.034857 0.346905 0.061894 0.341484 0.069023 0.487374 0.106409 0.481993 0.111395 0.604294 0.069740 0.609661 0.066273 0.540176 0.045640 0.543399
