1 0.782879 0.590993 0.784375 0.595782 0.784751 0.600794 0.784469 0.604804 0.783999 0.608813 0.782777 0.611152 0.781274 0.613825 0.779676 0.615997 0.777985 0.616999 0.775917 0.617668 0.773756 0.616665 0.772440 0.615496 0.770655 0.613491 0.769433 0.611152 0.768270 0.608632 0.767714 0.604713 0.767620 0.600523 0.768227 0.596054 0.769304 0.591710 0.770843 0.589434 0.772490 0.587567 0.774957 0.585862 0.777286 0.585862 0.779342 0.586837 0.780849 0.588298
1 0.255370 0.581734 0.258248 0.582465 0.260851 0.584170 0.262496 0.586850 0.263729 0.590260 0.264551 0.594158 0.264825 0.599031 0.264825 0.603416 0.264277 0.606826 0.263455 0.610237 0.261811 0.612917 0.259070 0.615597 0.256192 0.617789 0.253314 0.617058 0.250848 0.615353 0.248929 0.612430 0.247559 0.609263 0.246052 0.605365 0.245366 0.600492 0.245366 0.595620 0.246189 0.592209 0.247011 0.588799 0.248381 0.586362 0.250163 0.583926 0.251533 0.582952 0.253588 0.581734
1 0.721690 0.583280 0.724567 0.584011 0.727171 0.585716 0.728816 0.588396 0.730049 0.591806 0.730871 0.595704 0.731145 0.600577 0.731145 0.604962 0.730597 0.608372 0.729775 0.611783 0.728130 0.614463 0.725390 0.617143 0.722512 0.619335 0.719634 0.618604 0.717167 0.616899 0.715249 0.613976 0.713879 0.610809 0.712371 0.606911 0.711686 0.602038 0.711686 0.597166 0.712508 0.593755 0.713330 0.590345 0.714701 0.587908 0.716482 0.585472 0.717853 0.584498 0.719908 0.583280
1 0.516143 0.580603 0.519021 0.581334 0.521624 0.583039 0.523269 0.585719 0.524502 0.589130 0.525324 0.593028 0.525598 0.597900 0.525598 0.602285 0.525050 0.605696 0.524228 0.609106 0.522584 0.611786 0.519843 0.614466 0.516965 0.616659 0.514087 0.615928 0.511621 0.614222 0.509702 0.611299 0.508332 0.608132 0.506825 0.604234 0.506139 0.599362 0.506139 0.594489 0.506962 0.591079 0.507784 0.587668 0.509154 0.585232 0.510936 0.582796 0.512306 0.581821 0.514362 0.580603
1 0.199787 0.576765 0.202664 0.577496 0.205268 0.579201 0.206912 0.581881 0.208146 0.585292 0.208968 0.589189 0.209242 0.594062 0.209242 0.598447 0.208694 0.601858 0.207872 0.605268 0.206227 0.607948 0.203486 0.610628 0.200609 0.612821 0.197731 0.612090 0.195264 0.610384 0.193346 0.607461 0.191975 0.604294 0.190468 0.600396 0.189783 0.595524 0.189783 0.590651 0.190605 0.587241 0.191427 0.583830 0.192798 0.581394 0.194579 0.578957 0.195950 0.577983 0.198005 0.576765
1 0.458804 0.579994 0.461682 0.580725 0.464286 0.582430 0.465930 0.585110 0.467163 0.588521 0.467986 0.592419 0.468260 0.597291 0.468260 0.601676 0.467711 0.605087 0.466889 0.608497 0.465245 0.611177 0.462504 0.613857 0.459626 0.616050 0.456749 0.615319 0.454282 0.613613 0.452363 0.610690 0.450993 0.607523 0.449486 0.603625 0.448801 0.598753 0.448801 0.593880 0.449623 0.590470 0.450445 0.587059 0.451815 0.584623 0.453597 0.582187 0.454967 0.581212 0.457023 0.579994
0 0.179624 0.268649 0.152554 0.269048 0.153109 0.417064 0.115511 0.416502 0.115511 0.539123 0.157275 0.539123 0.157230 0.470179 0.180774 0.470096
0 0.052579 0.271171 0.025860 0.271103 0.024551 0.467792 0.045898 0.469252 0.046098 0.537274 0.086121 0.539338 0.086753 0.417013 0.049936 0.416564
0 0.439441 0.270949 0.410103 0.271348 0.409195 0.419364 0.372050 0.419608 0.372050 0.542230 0.413815 0.542230 0.415130 0.475705 0.439128 0.475622
0 0.702746 0.275118 0.675741 0.274556 0.674834 0.425335 0.635875 0.424772 0.635875 0.547394 0.677639 0.547394 0.678272 0.477646 0.701658 0.478208
0 0.830364 0.280174 0.802191 0.277375 0.797611 0.481231 0.818540 0.481642 0.818540 0.549664 0.862663 0.550713 0.863296 0.428387 0.826344 0.428504
0 0.567530 0.273733 0.539605 0.271940 0.536773 0.476321 0.561422 0.477781 0.561422 0.545803 0.603186 0.545803 0.603819 0.423478 0.565188 0.422223
0 0.304909 0.270833 0.274453 0.270088 0.274051 0.475034 0.297339 0.474881 0.297339 0.540484 0.340918 0.541290 0.341551 0.418965 0.304734 0.418517
0 0.957702 0.287536 0.930516 0.285603 0.929336 0.432028 0.891829 0.431465 0.891829 0.554087 0.933593 0.554087 0.934226 0.484339 0.954936 0.484901
