1 0.214683 0.398329 0.213187 0.393540 0.212811 0.388528 0.213093 0.384519 0.213563 0.380510 0.214785 0.378171 0.216288 0.375498 0.217886 0.373326 0.219577 0.372324 0.221644 0.371655 0.223806 0.372658 0.225121 0.373827 0.226907 0.375832 0.228129 0.378171 0.229291 0.380691 0.229847 0.384610 0.229941 0.388800 0.229335 0.393269 0.228258 0.397612 0.226719 0.399889 0.225072 0.401755 0.222605 0.403461 0.220275 0.403461 0.218220 0.402486 0.216712 0.401025
1 0.742407 0.415726 0.739530 0.414995 0.736926 0.413290 0.735281 0.410610 0.734048 0.407200 0.733226 0.403302 0.732952 0.398429 0.732952 0.394044 0.733500 0.390633 0.734322 0.387223 0.735967 0.384543 0.738707 0.381863 0.741585 0.379671 0.744463 0.380401 0.746929 0.382107 0.748848 0.385030 0.750218 0.388197 0.751726 0.392095 0.752411 0.396968 0.752411 0.401840 0.751589 0.405251 0.750766 0.408661 0.749396 0.411097 0.747615 0.413534 0.746244 0.414508 0.744189 0.415726
1 0.275679 0.406628 0.272802 0.405897 0.270198 0.404192 0.268553 0.401512 0.267320 0.398101 0.266498 0.394203 0.266224 0.389331 0.266224 0.384946 0.266772 0.381535 0.267594 0.378124 0.269239 0.375445 0.271979 0.372765 0.274857 0.370572 0.277735 0.371303 0.280202 0.373008 0.282120 0.375932 0.283490 0.379099 0.284998 0.382997 0.285683 0.387869 0.285683 0.392742 0.284861 0.396152 0.284039 0.399563 0.282668 0.401999 0.280887 0.404435 0.279516 0.405410 0.277461 0.406628
1 0.481872 0.410438 0.478995 0.409707 0.476391 0.408001 0.474747 0.405322 0.473513 0.401911 0.472691 0.398013 0.472417 0.393141 0.472417 0.388755 0.472965 0.385345 0.473787 0.381934 0.475432 0.379254 0.478172 0.376575 0.481050 0.374382 0.483928 0.375113 0.486395 0.376818 0.488313 0.379742 0.489683 0.382909 0.491191 0.386807 0.491876 0.391679 0.491876 0.396551 0.491054 0.399962 0.490232 0.403373 0.488861 0.405809 0.487080 0.408245 0.485709 0.409219 0.483654 0.410438
1 0.795716 0.420953 0.792838 0.420222 0.790234 0.418517 0.788590 0.415837 0.787357 0.412426 0.786535 0.408528 0.786260 0.403656 0.786260 0.399271 0.786809 0.395860 0.787631 0.392449 0.789275 0.389770 0.792016 0.387090 0.794894 0.384897 0.797771 0.385628 0.800238 0.387333 0.802157 0.390257 0.803527 0.393424 0.805034 0.397322 0.805720 0.402194 0.805720 0.407067 0.804897 0.410477 0.804075 0.413888 0.802705 0.416324 0.800923 0.418760 0.799553 0.419735 0.797497 0.420953
1 0.536823 0.412930 0.533945 0.412199 0.531342 0.410493 0.529697 0.407814 0.528464 0.404403 0.527642 0.400505 0.527368 0.395633 0.527368 0.391247 0.527916 0.387837 0.528738 0.384426 0.530382 0.381746 0.533123 0.379067 0.536001 0.376874 0.538879 0.377605 0.541345 0.379310 0.543264 0.382234 0.544634 0.385401 0.546141 0.389299 0.546827 0.394171 0.546827 0.399043 0.546004 0.402454 0.545182 0.405865 0.543812 0.408301 0.542030 0.410737 0.540660 0.411711 0.538604 0.412930
0 0.814027 0.724525 0.842004 0.724933 0.842912 0.578530 0.878242 0.577479 0.878242 0.454858 0.836478 0.454858 0.836523 0.523802 0.812979 0.523885
0 0.945382 0.725490 0.970286 0.724751 0.969780 0.529675 0.947073 0.528215 0.948234 0.460193 0.908211 0.458129 0.907578 0.580454 0.944395 0.580903
0 0.556209 0.721987 0.585547 0.721588 0.586455 0.573572 0.623600 0.573328 0.623600 0.450707 0.581836 0.450707 0.580520 0.517232 0.556523 0.517315
0 0.296257 0.711311 0.320993 0.711873 0.320993 0.567545 0.360859 0.568107 0.360859 0.445486 0.319095 0.445486 0.318462 0.510462 0.295983 0.511331
0 0.169409 0.705392 0.196222 0.706578 0.198987 0.505948 0.178058 0.505536 0.178058 0.437514 0.133935 0.436466 0.133302 0.558791 0.170254 0.558675
0 0.427843 0.714559 0.455768 0.716352 0.459961 0.513583 0.435312 0.512123 0.435312 0.444101 0.393548 0.444101 0.392915 0.566426 0.429732 0.566875
0 0.690569 0.724829 0.721025 0.725573 0.721426 0.520628 0.698138 0.520781 0.698138 0.455178 0.654560 0.454371 0.653927 0.576696 0.690744 0.577145
0 0.043115 0.703658 0.066672 0.703172 0.067851 0.556748 0.105359 0.557310 0.105359 0.434689 0.063594 0.434689 0.062962 0.504437 0.042252 0.503874
