1 0.232935 0.613653 0.231439 0.618442 0.231063 0.623454 0.231345 0.627464 0.231815 0.631473 0.233037 0.633812 0.234540 0.636485 0.236138 0.638657 0.237829 0.639659 0.239897 0.640327 0.242058 0.639325 0.243374 0.638156 0.245159 0.636151 0.246381 0.633812 0.247544 0.631292 0.248100 0.627373 0.248194 0.623183 0.247587 0.618714 0.246510 0.614370 0.244971 0.612094 0.243324 0.610227 0.240857 0.608522 0.238528 0.608522 0.236472 0.609496 0.234965 0.610958
1 0.762020 0.591168 0.759143 0.591899 0.756539 0.593604 0.754894 0.596284 0.753661 0.599695 0.752839 0.603593 0.752565 0.608465 0.752565 0.612850 0.753113 0.616261 0.753935 0.619672 0.755580 0.622352 0.758320 0.625031 0.761198 0.627224 0.764076 0.626493 0.766542 0.624788 0.768461 0.621864 0.769831 0.618697 0.771339 0.614799 0.772024 0.609927 0.772024 0.605055 0.771202 0.601644 0.770379 0.598233 0.769009 0.595797 0.767228 0.593361 0.765857 0.592386 0.763802 0.591168
1 0.293932 0.604549 0.291054 0.605279 0.288450 0.606985 0.286806 0.609665 0.285572 0.613075 0.284750 0.616973 0.284476 0.621845 0.284476 0.626231 0.285024 0.629641 0.285847 0.633052 0.287491 0.635732 0.290232 0.638412 0.293109 0.640604 0.295987 0.639873 0.298454 0.638168 0.300372 0.635245 0.301743 0.632077 0.303250 0.628180 0.303935 0.623307 0.303935 0.618435 0.303113 0.615024 0.302291 0.611613 0.300920 0.609177 0.299139 0.606741 0.297769 0.605767 0.295713 0.604549
1 0.500438 0.599432 0.497560 0.600163 0.494956 0.601869 0.493312 0.604548 0.492078 0.607959 0.491256 0.611857 0.490982 0.616729 0.490982 0.621115 0.491530 0.624525 0.492353 0.627936 0.493997 0.630616 0.496738 0.633296 0.499615 0.635488 0.502493 0.634757 0.504960 0.633052 0.506878 0.630128 0.508249 0.626961 0.509756 0.623064 0.510441 0.618191 0.510441 0.613319 0.509619 0.609908 0.508797 0.606497 0.507426 0.604061 0.505645 0.601625 0.504275 0.600651 0.502219 0.599432
1 0.814875 0.588667 0.811998 0.589398 0.809394 0.591103 0.807750 0.593783 0.806516 0.597194 0.805694 0.601092 0.805420 0.605964 0.805420 0.610349 0.805968 0.613760 0.806790 0.617171 0.808435 0.619850 0.811175 0.622530 0.814053 0.624723 0.816931 0.623992 0.819398 0.622287 0.821316 0.619363 0.822686 0.616196 0.824194 0.612298 0.824879 0.607426 0.824879 0.602553 0.824057 0.599143 0.823235 0.595732 0.821864 0.593296 0.820083 0.590860 0.818712 0.589885 0.816657 0.588667
1 0.555842 0.597747 0.552964 0.598478 0.550360 0.600183 0.548716 0.602863 0.547483 0.606274 0.546660 0.610171 0.546386 0.615044 0.546386 0.619429 0.546935 0.622840 0.547757 0.626250 0.549401 0.628930 0.552142 0.631610 0.555020 0.633802 0.557897 0.633072 0.560364 0.631366 0.562283 0.628443 0.563653 0.625276 0.565160 0.621378 0.565845 0.616506 0.565845 0.611633 0.565023 0.608222 0.564201 0.604812 0.562831 0.602376 0.561049 0.599939 0.559679 0.598965 0.557623 0.597747
0 0.832732 0.283426 0.859802 0.283824 0.861165 0.431840 0.898763 0.431278 0.898763 0.553899 0.856998 0.553899 0.857044 0.484955 0.833500 0.484872
0 0.961366 0.283017 0.988084 0.282950 0.989393 0.479639 0.968046 0.481098 0.967847 0.549121 0.927824 0.551185 0.927191 0.428860 0.964008 0.428411
0 0.574774 0.286521 0.604112 0.286919 0.605021 0.434935 0.642165 0.435179 0.642165 0.557801 0.600401 0.557801 0.599085 0.491276 0.575088 0.491193
0 0.311787 0.295834 0.338792 0.295271 0.339699 0.446051 0.378658 0.445488 0.378658 0.568110 0.336893 0.568110 0.336261 0.498362 0.312875 0.498924
0 0.184799 0.301696 0.212973 0.298897 0.217552 0.502753 0.196623 0.503164 0.196623 0.571186 0.152500 0.572235 0.151867 0.449910 0.188819 0.450026
0 0.446862 0.293086 0.474787 0.291293 0.478980 0.494061 0.454331 0.495521 0.454331 0.563543 0.412567 0.563543 0.411934 0.441218 0.448751 0.440769
0 0.709901 0.284791 0.740357 0.284047 0.740758 0.488992 0.717470 0.488839 0.717470 0.554442 0.673891 0.555249 0.673259 0.432924 0.710076 0.432475
0 0.057144 0.308575 0.084330 0.306641 0.085510 0.453066 0.123017 0.452504 0.123017 0.575125 0.081253 0.575125 0.080620 0.505377 0.059910 0.505939
