1 0.216320 0.464738 0.214179 0.468678 0.213087 0.473346 0.212776 0.477349 0.212648 0.481438 0.213488 0.484259 0.214552 0.487532 0.215779 0.490364 0.217267 0.492110 0.219167 0.493705 0.221401 0.493730 0.222842 0.493204 0.224858 0.492088 0.226378 0.490390 0.227868 0.488490 0.228975 0.484959 0.229675 0.480955 0.229738 0.476359 0.229329 0.471668 0.228174 0.468762 0.226854 0.466202 0.224719 0.463421 0.222468 0.462351 0.220341 0.462348 0.218672 0.463067
1 0.729122 0.690846 0.726236 0.690230 0.723473 0.690681 0.721495 0.692515 0.719808 0.695243 0.718447 0.698630 0.717474 0.703211 0.716836 0.707448 0.716870 0.710994 0.717168 0.714667 0.718367 0.718011 0.720625 0.721859 0.723087 0.725299 0.725973 0.725915 0.728604 0.725401 0.730882 0.723459 0.732666 0.721029 0.734689 0.717956 0.736059 0.713564 0.736767 0.708857 0.736469 0.705184 0.736170 0.701512 0.735201 0.698529 0.733834 0.695357 0.732652 0.693786 0.730843 0.691665
1 0.276027 0.483784 0.273141 0.483168 0.270378 0.483619 0.268399 0.485453 0.266712 0.488181 0.265351 0.491569 0.264378 0.496150 0.263741 0.500386 0.263774 0.503932 0.264073 0.507605 0.265272 0.510949 0.267530 0.514797 0.269991 0.518237 0.272877 0.518853 0.275508 0.518339 0.277787 0.516397 0.279571 0.513967 0.281594 0.510894 0.282964 0.506502 0.283672 0.501795 0.283374 0.498122 0.283075 0.494450 0.282105 0.491467 0.280739 0.488295 0.279556 0.486724 0.277748 0.484603
1 0.474788 0.576909 0.471902 0.576293 0.469139 0.576744 0.467161 0.578577 0.465474 0.581305 0.464113 0.584693 0.463140 0.589274 0.462502 0.593510 0.462536 0.597057 0.462834 0.600729 0.464033 0.604074 0.466291 0.607921 0.468753 0.611362 0.471639 0.611978 0.474270 0.611464 0.476548 0.609521 0.478332 0.607091 0.480355 0.604018 0.481725 0.599626 0.482433 0.594919 0.482135 0.591247 0.481836 0.587574 0.480867 0.584591 0.479500 0.581419 0.478318 0.579848 0.476509 0.577727
1 0.781531 0.714724 0.778645 0.714108 0.775882 0.714559 0.773904 0.716393 0.772216 0.719121 0.770855 0.722508 0.769882 0.727089 0.769245 0.731326 0.769279 0.734872 0.769577 0.738545 0.770776 0.741889 0.773034 0.745737 0.775495 0.749177 0.778382 0.749793 0.781012 0.749279 0.783291 0.747337 0.785075 0.744907 0.787098 0.741834 0.788468 0.737442 0.789176 0.732735 0.788878 0.729062 0.788579 0.725390 0.787610 0.722407 0.786243 0.719235 0.785061 0.717664 0.783252 0.715543
1 0.529935 0.599775 0.527048 0.599159 0.524285 0.599610 0.522307 0.601443 0.520620 0.604171 0.519259 0.607559 0.518286 0.612140 0.517648 0.616376 0.517682 0.619923 0.517981 0.623595 0.519180 0.626939 0.521438 0.630787 0.523899 0.634228 0.526785 0.634844 0.529416 0.634330 0.531694 0.632387 0.533478 0.629957 0.535501 0.626884 0.536871 0.622492 0.537580 0.617785 0.537281 0.614113 0.536983 0.610440 0.536013 0.607457 0.534646 0.604285 0.533464 0.602714 0.531656 0.600593
0 0.843964 0.428114 0.870057 0.440936 0.848004 0.583669 0.884406 0.600400 0.866581 0.718855 0.826235 0.699667 0.836302 0.633086 0.813569 0.622189
0 0.969518 0.489099 0.995338 0.501309 0.966412 0.691158 0.945578 0.682760 0.935497 0.748380 0.896534 0.731986 0.913705 0.613526 0.949337 0.630007
0 0.593529 0.310052 0.621812 0.323916 0.601173 0.467321 0.637021 0.484623 0.619195 0.603078 0.578850 0.583890 0.587250 0.519021 0.564079 0.507915
0 0.340780 0.195827 0.366949 0.207690 0.344768 0.353222 0.382485 0.370578 0.364659 0.489034 0.324314 0.469846 0.333842 0.402176 0.311168 0.391975
0 0.215470 0.142549 0.243094 0.152789 0.217883 0.351824 0.197605 0.342605 0.187717 0.408317 0.144940 0.389057 0.162111 0.270597 0.197791 0.287687
0 0.467656 0.250393 0.494893 0.261491 0.467918 0.460231 0.443895 0.450316 0.434006 0.516027 0.393661 0.496839 0.410832 0.378379 0.448333 0.394915
0 0.723508 0.371749 0.753038 0.385022 0.723633 0.583190 0.701158 0.572343 0.691622 0.635717 0.649406 0.616474 0.666577 0.498014 0.702209 0.514496
0 0.094124 0.089203 0.119793 0.101580 0.098243 0.240734 0.134558 0.257423 0.116732 0.375879 0.076387 0.356691 0.085915 0.289022 0.065827 0.280050
