1 0.220013 0.615868 0.218653 0.620783 0.218418 0.625822 0.218812 0.629801 0.219393 0.633764 0.220678 0.635992 0.222255 0.638529 0.223911 0.640557 0.225629 0.641409 0.227712 0.641894 0.229843 0.640702 0.231124 0.639418 0.232851 0.637258 0.234006 0.634814 0.235097 0.632194 0.235543 0.628231 0.235520 0.624037 0.234789 0.619628 0.233592 0.615385 0.231991 0.613247 0.230294 0.611528 0.227782 0.610043 0.225456 0.610249 0.223430 0.611403 0.221965 0.612996
1 0.746612 0.560025 0.743758 0.561009 0.741206 0.562942 0.739638 0.565764 0.738502 0.569279 0.737789 0.573245 0.737652 0.578136 0.737774 0.582515 0.738417 0.585873 0.739334 0.589207 0.741051 0.591738 0.743863 0.594173 0.746799 0.596108 0.749652 0.595124 0.752068 0.593203 0.753903 0.590114 0.755183 0.586830 0.756580 0.582803 0.757128 0.577877 0.756992 0.573010 0.756075 0.569676 0.755159 0.566343 0.753722 0.564030 0.751874 0.561755 0.750479 0.560902 0.748391 0.559867
1 0.280912 0.602759 0.278058 0.603743 0.275505 0.605676 0.273938 0.608498 0.272801 0.612013 0.272089 0.615979 0.271951 0.620869 0.272074 0.625249 0.272717 0.628607 0.273633 0.631941 0.275350 0.634472 0.278163 0.636907 0.281098 0.638842 0.283952 0.637858 0.286368 0.635937 0.288202 0.632848 0.289482 0.629564 0.290879 0.625537 0.291427 0.620610 0.291291 0.615744 0.290374 0.612410 0.289458 0.609076 0.288021 0.606764 0.286174 0.604489 0.284778 0.603636 0.282691 0.602601
1 0.486130 0.581929 0.483276 0.582914 0.480723 0.584847 0.479156 0.587668 0.478019 0.591184 0.477307 0.595150 0.477169 0.600040 0.477292 0.604420 0.477935 0.607778 0.478851 0.611112 0.480568 0.613643 0.483381 0.616077 0.486316 0.618013 0.489170 0.617029 0.491586 0.615108 0.493420 0.612019 0.494700 0.608734 0.496097 0.604708 0.496645 0.599781 0.496509 0.594915 0.495592 0.591581 0.494676 0.588247 0.493239 0.585935 0.491392 0.583659 0.489996 0.582807 0.487909 0.581772
1 0.801988 0.550152 0.799134 0.551137 0.796582 0.553070 0.795014 0.555891 0.793878 0.559407 0.793165 0.563373 0.793028 0.568263 0.793150 0.572643 0.793793 0.576001 0.794710 0.579335 0.796427 0.581866 0.799239 0.584300 0.802175 0.586236 0.805028 0.585252 0.807444 0.583331 0.809279 0.580242 0.810559 0.576957 0.811955 0.572931 0.812504 0.568004 0.812367 0.563138 0.811451 0.559804 0.810534 0.556470 0.809098 0.554158 0.807250 0.551882 0.805854 0.551030 0.803767 0.549995
1 0.543381 0.576256 0.540527 0.577241 0.537974 0.579174 0.536407 0.581996 0.535270 0.585511 0.534558 0.589477 0.534420 0.594367 0.534543 0.598747 0.535186 0.602105 0.536102 0.605439 0.537819 0.607970 0.540632 0.610404 0.543567 0.612340 0.546421 0.611356 0.548837 0.609435 0.550671 0.606346 0.551951 0.603061 0.553348 0.599035 0.553896 0.594108 0.553760 0.589242 0.552843 0.585908 0.551927 0.582574 0.550490 0.580262 0.548643 0.577986 0.547247 0.577134 0.545160 0.576099
0 0.813514 0.240636 0.840562 0.238644 0.844144 0.386526 0.881680 0.382643 0.885107 0.505113 0.843395 0.508802 0.841513 0.439939 0.817996 0.441936
0 0.940473 0.231933 0.967157 0.229505 0.973961 0.425836 0.952682 0.429179 0.954383 0.497135 0.914468 0.502732 0.910417 0.380614 0.947176 0.376913
0 0.554083 0.265883 0.583395 0.263690 0.588440 0.411443 0.625545 0.408406 0.628972 0.530876 0.587259 0.534565 0.584086 0.468238 0.560116 0.470275
0 0.291220 0.293304 0.318175 0.290357 0.323295 0.440870 0.362190 0.436867 0.365617 0.559337 0.323904 0.563026 0.321323 0.493420 0.297982 0.496048
0 0.163900 0.309627 0.191961 0.304343 0.202232 0.507542 0.181340 0.509801 0.183241 0.577739 0.139202 0.582684 0.135151 0.460566 0.172061 0.457418
0 0.426229 0.279977 0.454070 0.275720 0.462611 0.479599 0.438033 0.483234 0.439934 0.551172 0.398221 0.554861 0.394171 0.432743 0.432719 0.428077
0 0.688446 0.253884 0.718843 0.250450 0.724972 0.455107 0.701708 0.457011 0.703542 0.522533 0.660039 0.527188 0.655989 0.405070 0.692748 0.401369
0 0.036926 0.328227 0.064024 0.323895 0.069294 0.470035 0.106740 0.466160 0.110167 0.588630 0.068454 0.592319 0.065872 0.522713 0.045204 0.525104
