1 0.203302 0.407869 0.201807 0.403080 0.201431 0.398068 0.201713 0.394058 0.202182 0.390049 0.203404 0.387710 0.204908 0.385037 0.206505 0.382865 0.208197 0.381863 0.210264 0.381195 0.212425 0.382197 0.213741 0.383366 0.215526 0.385371 0.216748 0.387710 0.217911 0.390230 0.218467 0.394149 0.218561 0.398339 0.217954 0.402808 0.216877 0.407152 0.215339 0.409428 0.213691 0.411295 0.211225 0.413000 0.208895 0.413000 0.206839 0.412026 0.205332 0.410564
1 0.731027 0.428096 0.728149 0.427365 0.725545 0.425660 0.723901 0.422980 0.722668 0.419569 0.721845 0.415671 0.721571 0.410799 0.721571 0.406414 0.722119 0.403003 0.722942 0.399593 0.724586 0.396913 0.727327 0.394233 0.730205 0.392040 0.733082 0.392771 0.735549 0.394477 0.737467 0.397400 0.738838 0.400567 0.740345 0.404465 0.741030 0.409337 0.741030 0.414210 0.740208 0.417620 0.739386 0.421031 0.738016 0.423467 0.736234 0.425903 0.734864 0.426878 0.732808 0.428096
1 0.264299 0.414804 0.261421 0.414074 0.258817 0.412368 0.257173 0.409688 0.255940 0.406278 0.255117 0.402380 0.254843 0.397508 0.254843 0.393122 0.255392 0.389712 0.256214 0.386301 0.257858 0.383621 0.260599 0.380941 0.263477 0.378749 0.266354 0.379480 0.268821 0.381185 0.270740 0.384108 0.272110 0.387276 0.273617 0.391173 0.274302 0.396046 0.274302 0.400918 0.273480 0.404329 0.272658 0.407740 0.271288 0.410176 0.269506 0.412612 0.268136 0.413586 0.266080 0.414804
1 0.470669 0.420396 0.467791 0.419665 0.465187 0.417960 0.463543 0.415280 0.462310 0.411870 0.461487 0.407972 0.461213 0.403099 0.461213 0.398714 0.461762 0.395304 0.462584 0.391893 0.464228 0.389213 0.466969 0.386533 0.469847 0.384341 0.472724 0.385072 0.475191 0.386777 0.477110 0.389700 0.478480 0.392867 0.479987 0.396765 0.480672 0.401638 0.480672 0.406510 0.479850 0.409921 0.479028 0.413331 0.477658 0.415768 0.475876 0.418204 0.474506 0.419178 0.472450 0.420396
1 0.786104 0.429549 0.783227 0.428818 0.780623 0.427113 0.778979 0.424433 0.777745 0.421022 0.776923 0.417124 0.776649 0.412252 0.776649 0.407867 0.777197 0.404456 0.778019 0.401045 0.779664 0.398366 0.782404 0.395686 0.785282 0.393493 0.788160 0.394224 0.790627 0.395929 0.792545 0.398853 0.793915 0.402020 0.795423 0.405918 0.796108 0.410790 0.796108 0.415663 0.795286 0.419073 0.794464 0.422484 0.793093 0.424920 0.791312 0.427356 0.789941 0.428331 0.787886 0.429549
1 0.526209 0.421525 0.523331 0.420795 0.520728 0.419089 0.519083 0.416409 0.517850 0.412999 0.517028 0.409101 0.516754 0.404229 0.516754 0.399843 0.517302 0.396433 0.518124 0.393022 0.519768 0.390342 0.522509 0.387662 0.525387 0.385470 0.528265 0.386201 0.530731 0.387906 0.532650 0.390830 0.534020 0.393997 0.535528 0.397894 0.536213 0.402767 0.536213 0.407639 0.535390 0.411050 0.534568 0.414461 0.533198 0.416897 0.531416 0.419333 0.530046 0.420307 0.527991 0.421525
0 0.804093 0.733258 0.831163 0.734472 0.830711 0.586456 0.870577 0.587019 0.870577 0.464397 0.828812 0.464397 0.828858 0.533341 0.805314 0.533424
0 0.936355 0.735836 0.958538 0.735097 0.960754 0.540021 0.938046 0.538561 0.939207 0.470539 0.899185 0.468475 0.898552 0.590800 0.935369 0.591248
0 0.544375 0.730155 0.571445 0.731369 0.570993 0.583353 0.610859 0.583916 0.610859 0.461294 0.569094 0.461294 0.569140 0.530238 0.545596 0.530321
0 0.285053 0.718125 0.309790 0.718687 0.309790 0.574359 0.349656 0.574921 0.349656 0.452300 0.307891 0.452300 0.307258 0.522048 0.284780 0.521485
0 0.156083 0.718140 0.182329 0.720498 0.188609 0.517164 0.165321 0.515705 0.165321 0.447683 0.123557 0.447683 0.122924 0.570008 0.159741 0.570456
0 0.417052 0.725461 0.442709 0.728867 0.447810 0.524485 0.424522 0.523026 0.424522 0.455003 0.382757 0.455003 0.382124 0.577329 0.418942 0.577777
0 0.681311 0.730699 0.708139 0.733057 0.710354 0.529723 0.687066 0.528264 0.687066 0.460242 0.645302 0.460242 0.644669 0.582567 0.681486 0.583015
0 0.033091 0.710053 0.056058 0.710615 0.056058 0.566287 0.095924 0.566849 0.095924 0.444228 0.054160 0.444228 0.053527 0.513976 0.032817 0.513413
