1 0.212404 0.578414 0.210908 0.583203 0.210532 0.588215 0.210814 0.592224 0.211284 0.596234 0.212505 0.598573 0.214009 0.601246 0.215606 0.603417 0.217298 0.604420 0.219365 0.605088 0.221527 0.604086 0.222842 0.602916 0.224628 0.600912 0.225849 0.598573 0.227012 0.596053 0.227568 0.592134 0.227662 0.587943 0.227055 0.583475 0.225979 0.579131 0.224440 0.576855 0.222793 0.574988 0.220326 0.573283 0.217996 0.573283 0.215941 0.574257 0.214433 0.575719
1 0.741682 0.564961 0.738804 0.565692 0.736200 0.567397 0.734556 0.570077 0.733323 0.573488 0.732500 0.577386 0.732226 0.582258 0.732226 0.586643 0.732774 0.590054 0.733597 0.593465 0.735241 0.596144 0.737982 0.598824 0.740860 0.601017 0.743737 0.600286 0.746204 0.598581 0.748122 0.595657 0.749493 0.592490 0.751000 0.588592 0.751685 0.583720 0.751685 0.578847 0.750863 0.575437 0.750041 0.572026 0.748671 0.569590 0.746889 0.567154 0.745519 0.566179 0.743463 0.564961
1 0.273003 0.571749 0.270126 0.572479 0.267522 0.574185 0.265878 0.576865 0.264644 0.580275 0.263822 0.584173 0.263548 0.589046 0.263548 0.593431 0.264096 0.596841 0.264918 0.600252 0.266563 0.602932 0.269303 0.605612 0.272181 0.607804 0.275059 0.607073 0.277526 0.605368 0.279444 0.602445 0.280814 0.599278 0.282322 0.595380 0.283007 0.590507 0.283007 0.585635 0.282185 0.582224 0.281363 0.578814 0.279992 0.576377 0.278211 0.573941 0.276840 0.572967 0.274785 0.571749
1 0.480319 0.570120 0.477441 0.570851 0.474838 0.572556 0.473193 0.575236 0.471960 0.578647 0.471138 0.582545 0.470864 0.587417 0.470864 0.591802 0.471412 0.595213 0.472234 0.598624 0.473878 0.601303 0.476619 0.603983 0.479497 0.606176 0.482375 0.605445 0.484841 0.603740 0.486760 0.600816 0.488130 0.597649 0.489637 0.593751 0.490323 0.588879 0.490323 0.584006 0.489500 0.580596 0.488678 0.577185 0.487308 0.574749 0.485526 0.572313 0.484156 0.571338 0.482100 0.570120
1 0.796086 0.564185 0.793208 0.564916 0.790604 0.566622 0.788960 0.569301 0.787727 0.572712 0.786904 0.576610 0.786630 0.581482 0.786630 0.585868 0.787179 0.589278 0.788001 0.592689 0.789645 0.595369 0.792386 0.598049 0.795264 0.600241 0.798141 0.599510 0.800608 0.597805 0.802527 0.594881 0.803897 0.591714 0.805404 0.587817 0.806089 0.582944 0.806089 0.578072 0.805267 0.574661 0.804445 0.571250 0.803075 0.568814 0.801293 0.566378 0.799923 0.565404 0.797867 0.564185
1 0.535889 0.567415 0.533011 0.568145 0.530408 0.569851 0.528763 0.572531 0.527530 0.575941 0.526708 0.579839 0.526433 0.584712 0.526433 0.589097 0.526982 0.592507 0.527804 0.595918 0.529448 0.598598 0.532189 0.601278 0.535067 0.603470 0.537944 0.602739 0.540411 0.601034 0.542330 0.598111 0.543700 0.594944 0.545207 0.591046 0.545893 0.586173 0.545893 0.581301 0.545070 0.577890 0.544248 0.574480 0.542878 0.572043 0.541096 0.569607 0.539726 0.568633 0.537670 0.567415
0 0.816838 0.259215 0.843908 0.259614 0.843353 0.407630 0.880951 0.407067 0.880951 0.529688 0.839187 0.529688 0.839232 0.460744 0.815688 0.460661
0 0.945063 0.261736 0.971781 0.261669 0.973090 0.458358 0.951743 0.459817 0.951544 0.527839 0.911521 0.529904 0.910888 0.407578 0.947705 0.407130
0 0.555842 0.259418 0.585179 0.259817 0.586088 0.407833 0.623233 0.408077 0.623233 0.530698 0.581468 0.530698 0.580153 0.464173 0.556155 0.464090
0 0.292537 0.262539 0.319542 0.261976 0.320449 0.412755 0.359408 0.412193 0.359408 0.534814 0.317643 0.534814 0.317010 0.465066 0.293625 0.465629
0 0.164919 0.266547 0.193092 0.263748 0.197672 0.467603 0.176742 0.468015 0.176742 0.536037 0.132619 0.537085 0.131986 0.414760 0.168939 0.414876
0 0.428342 0.260105 0.456267 0.258312 0.459099 0.462693 0.434451 0.464153 0.434451 0.532175 0.392686 0.532175 0.392053 0.409850 0.430685 0.408595
0 0.691553 0.258253 0.722009 0.257509 0.722411 0.462455 0.699123 0.462302 0.699123 0.527905 0.655544 0.528711 0.654911 0.406386 0.691728 0.405937
0 0.036991 0.273909 0.064177 0.271975 0.065357 0.418400 0.102864 0.417838 0.102864 0.540459 0.061100 0.540459 0.060467 0.470711 0.039757 0.471273
