1 0.213975 0.595591 0.212479 0.600380 0.212104 0.605391 0.212385 0.609401 0.212855 0.613410 0.214077 0.615749 0.215580 0.618422 0.217178 0.620594 0.218870 0.621596 0.220937 0.622265 0.223098 0.621262 0.224414 0.620093 0.226199 0.618088 0.227421 0.615749 0.228584 0.613229 0.229140 0.609310 0.229234 0.605120 0.228627 0.600651 0.227550 0.596308 0.226011 0.594031 0.224364 0.592165 0.221897 0.590459 0.219568 0.590459 0.217512 0.591434 0.216005 0.592895
1 0.741110 0.575363 0.738232 0.576094 0.735629 0.577800 0.733984 0.580479 0.732751 0.583890 0.731929 0.587788 0.731655 0.592660 0.731655 0.597045 0.732203 0.600456 0.733025 0.603867 0.734669 0.606547 0.737410 0.609226 0.740288 0.611419 0.743166 0.610688 0.745632 0.608983 0.747551 0.606059 0.748921 0.602892 0.750428 0.598994 0.751114 0.594122 0.751114 0.589250 0.750291 0.585839 0.749469 0.582428 0.748099 0.579992 0.746317 0.577556 0.744947 0.576581 0.742891 0.575363
1 0.275561 0.587292 0.272684 0.588023 0.270080 0.589728 0.268436 0.592408 0.267202 0.595819 0.266380 0.599717 0.266106 0.604589 0.266106 0.608974 0.266654 0.612385 0.267476 0.615796 0.269121 0.618475 0.271861 0.621155 0.274739 0.623348 0.277617 0.622617 0.280084 0.620912 0.282002 0.617988 0.283372 0.614821 0.284880 0.610923 0.285565 0.606051 0.285565 0.601178 0.284743 0.597768 0.283921 0.594357 0.282550 0.591921 0.280769 0.589485 0.279398 0.588510 0.277343 0.587292
1 0.480752 0.583063 0.477874 0.583794 0.475271 0.585499 0.473626 0.588179 0.472393 0.591590 0.471571 0.595488 0.471297 0.600360 0.471297 0.604745 0.471845 0.608156 0.472667 0.611566 0.474311 0.614246 0.477052 0.616926 0.479930 0.619119 0.482808 0.618388 0.485274 0.616682 0.487193 0.613759 0.488563 0.610592 0.490070 0.606694 0.490756 0.601822 0.490756 0.596949 0.489933 0.593539 0.489111 0.590128 0.487741 0.587692 0.485959 0.585256 0.484589 0.584281 0.482534 0.583063
1 0.794419 0.573911 0.791541 0.574641 0.788937 0.576347 0.787293 0.579027 0.786059 0.582437 0.785237 0.586335 0.784963 0.591207 0.784963 0.595593 0.785511 0.599003 0.786334 0.602414 0.787978 0.605094 0.790719 0.607774 0.793596 0.609966 0.796474 0.609235 0.798941 0.607530 0.800859 0.604607 0.802230 0.601439 0.803737 0.597542 0.804422 0.592669 0.804422 0.587797 0.803600 0.584386 0.802778 0.580975 0.801407 0.578539 0.799626 0.576103 0.798256 0.575129 0.796200 0.573911
1 0.536292 0.580571 0.533415 0.581302 0.530811 0.583007 0.529166 0.585687 0.527933 0.589098 0.527111 0.592996 0.526837 0.597868 0.526837 0.602253 0.527385 0.605664 0.528207 0.609075 0.529852 0.611754 0.532592 0.614434 0.535470 0.616627 0.538348 0.615896 0.540814 0.614190 0.542733 0.611267 0.544103 0.608100 0.545611 0.604202 0.546296 0.599330 0.546296 0.594457 0.545474 0.591047 0.544651 0.587636 0.543281 0.585200 0.541500 0.582764 0.540129 0.581789 0.538074 0.580571
0 0.813909 0.269395 0.841886 0.268987 0.842794 0.415390 0.878124 0.416441 0.878124 0.539062 0.836360 0.539062 0.836406 0.470118 0.812861 0.470035
0 0.944084 0.267696 0.968989 0.268435 0.968483 0.463511 0.945775 0.464971 0.946936 0.532993 0.906914 0.535057 0.906281 0.412732 0.943098 0.412283
0 0.553909 0.271199 0.583247 0.271598 0.584156 0.419614 0.621300 0.419858 0.621300 0.542480 0.579536 0.542480 0.578221 0.475955 0.554223 0.475872
0 0.294959 0.282609 0.319696 0.282047 0.319696 0.426375 0.359562 0.425813 0.359562 0.548434 0.317797 0.548434 0.317165 0.478686 0.294686 0.479248
0 0.168878 0.285488 0.195691 0.284302 0.198456 0.484932 0.177527 0.485344 0.177527 0.553366 0.133404 0.554414 0.132771 0.432089 0.169723 0.432205
0 0.427312 0.275587 0.455237 0.273794 0.459431 0.476563 0.434782 0.478023 0.434782 0.546045 0.393017 0.546045 0.392385 0.423720 0.429202 0.423271
0 0.689036 0.271083 0.719492 0.270338 0.719893 0.475284 0.696605 0.475131 0.696605 0.540734 0.653026 0.541540 0.652394 0.419215 0.689211 0.418767
0 0.041995 0.288899 0.065552 0.289385 0.066731 0.435810 0.104238 0.435247 0.104238 0.557869 0.062474 0.557869 0.061841 0.488121 0.041132 0.488683
