1 0.220548 0.673700 0.219494 0.678847 0.219566 0.683902 0.220198 0.687783 0.221017 0.691611 0.222430 0.693580 0.224151 0.695800 0.225921 0.697498 0.227680 0.698016 0.229780 0.698099 0.231826 0.696505 0.233022 0.694983 0.234608 0.692504 0.235608 0.689853 0.236534 0.687040 0.236737 0.683014 0.236459 0.678849 0.235465 0.674606 0.234018 0.670617 0.232297 0.668798 0.230505 0.667415 0.227918 0.666420 0.225618 0.667070 0.223674 0.668607 0.222314 0.670471
1 0.739932 0.506334 0.737154 0.507860 0.734734 0.510271 0.733347 0.513377 0.732430 0.517090 0.731962 0.521169 0.732122 0.526057 0.732510 0.530388 0.733353 0.533603 0.734466 0.536742 0.736327 0.538929 0.739270 0.540810 0.742306 0.542172 0.745084 0.540646 0.747369 0.538273 0.749005 0.534850 0.750079 0.531340 0.751223 0.527069 0.751469 0.522066 0.751038 0.517254 0.749925 0.514115 0.748812 0.510977 0.747243 0.508953 0.745268 0.507045 0.743829 0.506465 0.741691 0.505837
1 0.280054 0.648469 0.277276 0.649994 0.274856 0.652406 0.273468 0.655511 0.272552 0.659224 0.272084 0.663303 0.272244 0.668192 0.272632 0.672522 0.273474 0.675738 0.274588 0.678876 0.276449 0.681064 0.279392 0.682945 0.282428 0.684306 0.285205 0.682781 0.287491 0.680408 0.289127 0.676985 0.290201 0.673474 0.291345 0.669204 0.291591 0.664200 0.291160 0.659389 0.290047 0.656250 0.288933 0.653111 0.287365 0.651088 0.285390 0.649180 0.283951 0.648600 0.281813 0.647971
1 0.483487 0.586654 0.480710 0.588180 0.478289 0.590591 0.476902 0.593697 0.475985 0.597410 0.475518 0.601489 0.475678 0.606377 0.476065 0.610708 0.476908 0.613923 0.478022 0.617062 0.479882 0.619249 0.482826 0.621130 0.485862 0.622492 0.488639 0.620966 0.490924 0.618593 0.492561 0.615170 0.493634 0.611660 0.494778 0.607389 0.495024 0.602386 0.494594 0.597574 0.493480 0.594436 0.492367 0.591297 0.490798 0.589274 0.488824 0.587365 0.487384 0.586786 0.485247 0.586157
1 0.794197 0.489516 0.791420 0.491042 0.788999 0.493453 0.787612 0.496559 0.786695 0.500272 0.786228 0.504351 0.786388 0.509239 0.786775 0.513570 0.787618 0.516785 0.788731 0.519924 0.790592 0.522111 0.793536 0.523992 0.796571 0.525354 0.799349 0.523828 0.801634 0.521455 0.803270 0.518032 0.804344 0.514522 0.805488 0.510252 0.805734 0.505248 0.805304 0.500436 0.804190 0.497298 0.803077 0.494159 0.801508 0.492136 0.799534 0.490227 0.798094 0.489648 0.795956 0.489019
1 0.538118 0.568681 0.535340 0.570207 0.532920 0.572618 0.531532 0.575724 0.530616 0.579437 0.530148 0.583516 0.530308 0.588404 0.530696 0.592735 0.531538 0.595950 0.532652 0.599089 0.534513 0.601276 0.537456 0.603157 0.540492 0.604519 0.543269 0.602993 0.545555 0.600620 0.547191 0.597197 0.548264 0.593687 0.549409 0.589416 0.549655 0.584413 0.549224 0.579601 0.548111 0.576463 0.546997 0.573324 0.545429 0.571301 0.543454 0.569392 0.542015 0.568813 0.539877 0.568184
0 0.784366 0.184768 0.810993 0.176009 0.823627 0.322313 0.862948 0.310623 0.873784 0.431722 0.832538 0.443387 0.826490 0.375286 0.803231 0.381780
0 0.914879 0.146629 0.936851 0.141163 0.956279 0.333198 0.933982 0.340982 0.941140 0.407835 0.901797 0.421051 0.890362 0.300422 0.926682 0.289696
0 0.529782 0.261288 0.556409 0.252529 0.569042 0.398833 0.608364 0.387143 0.619200 0.508242 0.577954 0.519906 0.571906 0.451806 0.548647 0.458299
0 0.272868 0.341987 0.297248 0.334523 0.310002 0.477059 0.349323 0.465369 0.360160 0.586468 0.318914 0.598132 0.312125 0.529427 0.289975 0.536261
0 0.147890 0.378696 0.173602 0.369037 0.197772 0.568091 0.174902 0.576037 0.180914 0.643214 0.139668 0.654879 0.128233 0.534249 0.164553 0.523524
0 0.404215 0.298793 0.429252 0.288264 0.452350 0.488682 0.429480 0.496628 0.435492 0.563806 0.394246 0.575470 0.382811 0.454841 0.419131 0.444115
0 0.663852 0.218682 0.690138 0.208861 0.710294 0.409051 0.687425 0.416996 0.693436 0.484174 0.652190 0.495838 0.640755 0.375209 0.677075 0.364483
0 0.025625 0.421462 0.048258 0.414491 0.061012 0.557027 0.100334 0.545338 0.111170 0.666436 0.069924 0.678101 0.063135 0.609396 0.042733 0.615735
