1 0.203647 0.489206 0.201620 0.493331 0.200662 0.498092 0.200465 0.502117 0.200451 0.506213 0.201370 0.508955 0.202525 0.512129 0.203831 0.514847 0.205367 0.516458 0.207310 0.517881 0.209541 0.517707 0.210966 0.517053 0.212948 0.515758 0.214418 0.513927 0.215852 0.511896 0.216858 0.508271 0.217444 0.504209 0.217377 0.499613 0.216836 0.494965 0.215600 0.492166 0.214209 0.489727 0.211999 0.487140 0.209721 0.486272 0.207596 0.486459 0.205950 0.487327
1 0.722117 0.667404 0.719217 0.667046 0.716470 0.667743 0.714546 0.669751 0.712938 0.672626 0.711675 0.676131 0.710832 0.680793 0.710315 0.685081 0.710449 0.688620 0.710851 0.692262 0.712143 0.695495 0.714507 0.699136 0.717062 0.702352 0.719962 0.702710 0.722575 0.701961 0.724796 0.699818 0.726509 0.697232 0.728443 0.693982 0.729687 0.689473 0.730261 0.684709 0.729859 0.681068 0.729458 0.677426 0.728405 0.674534 0.726950 0.671488 0.725725 0.670024 0.723859 0.668067
1 0.263247 0.502378 0.260347 0.502020 0.257600 0.502718 0.255676 0.504725 0.254068 0.507601 0.252804 0.511106 0.251962 0.515768 0.251445 0.520056 0.251579 0.523595 0.251981 0.527236 0.253273 0.530469 0.255637 0.534110 0.258192 0.537327 0.261092 0.537684 0.263705 0.536936 0.265926 0.534792 0.267639 0.532206 0.269572 0.528956 0.270817 0.524447 0.271391 0.519683 0.270989 0.516042 0.270587 0.512401 0.269535 0.509508 0.268080 0.506462 0.266855 0.504999 0.264989 0.503042
1 0.466223 0.577810 0.463323 0.577452 0.460576 0.578150 0.458652 0.580157 0.457044 0.583033 0.455781 0.586538 0.454938 0.591200 0.454421 0.595487 0.454555 0.599027 0.454957 0.602668 0.456249 0.605901 0.458613 0.609542 0.461168 0.612758 0.464068 0.613116 0.466681 0.612368 0.468902 0.610224 0.470615 0.607638 0.472549 0.604388 0.473793 0.599879 0.474367 0.595115 0.473965 0.591474 0.473564 0.587832 0.472511 0.584940 0.471056 0.581894 0.469831 0.580431 0.467965 0.578474
1 0.775341 0.685902 0.772441 0.685544 0.769694 0.686242 0.767770 0.688249 0.766162 0.691125 0.764899 0.694630 0.764056 0.699292 0.763539 0.703579 0.763673 0.707119 0.764075 0.710760 0.765367 0.713993 0.767731 0.717634 0.770286 0.720850 0.773186 0.721208 0.775799 0.720460 0.778020 0.718316 0.779733 0.715730 0.781666 0.712480 0.782911 0.707971 0.783485 0.703207 0.783083 0.699566 0.782681 0.695924 0.781629 0.693032 0.780174 0.689986 0.778949 0.688523 0.777083 0.686566
1 0.519636 0.594241 0.516736 0.593884 0.513989 0.594581 0.512065 0.596589 0.510457 0.599464 0.509194 0.602969 0.508351 0.607631 0.507834 0.611919 0.507968 0.615458 0.508370 0.619099 0.509662 0.622332 0.512026 0.625974 0.514581 0.629190 0.517481 0.629547 0.520094 0.628799 0.522315 0.626655 0.524028 0.624069 0.525961 0.620820 0.527206 0.616311 0.527780 0.611547 0.527378 0.607905 0.526976 0.604264 0.525924 0.601371 0.524469 0.598325 0.523244 0.596862 0.521378 0.594905
0 0.830841 0.392761 0.857262 0.403237 0.839270 0.547759 0.876099 0.561218 0.861644 0.681116 0.820807 0.665555 0.828979 0.598159 0.805968 0.589305
0 0.956098 0.443069 0.982231 0.452958 0.960323 0.645767 0.939278 0.639240 0.931064 0.705677 0.891687 0.692784 0.905489 0.572939 0.941541 0.586218
0 0.575889 0.299613 0.604528 0.310934 0.587967 0.456001 0.624258 0.470079 0.609802 0.589977 0.568965 0.574416 0.575522 0.508879 0.552067 0.499856
0 0.318099 0.208119 0.344570 0.217630 0.327682 0.365399 0.365842 0.379365 0.351386 0.499263 0.310549 0.483702 0.318153 0.415267 0.295220 0.407104
0 0.194493 0.166189 0.222371 0.173950 0.202816 0.374984 0.182303 0.367588 0.174284 0.434100 0.131017 0.418685 0.144819 0.298841 0.180937 0.312722
0 0.451552 0.255905 0.479068 0.264556 0.457743 0.465454 0.433470 0.457697 0.425450 0.524209 0.384614 0.508648 0.398416 0.388804 0.436337 0.401970
0 0.709412 0.348723 0.739279 0.359343 0.715510 0.559887 0.692758 0.551060 0.685024 0.615206 0.642318 0.599757 0.656120 0.479913 0.692172 0.493192
0 0.069654 0.125324 0.096464 0.133562 0.079025 0.276668 0.115765 0.290093 0.101310 0.409991 0.060473 0.394430 0.068077 0.325995 0.047761 0.318829
