1 0.210179 0.545708 0.208515 0.550318 0.207960 0.555277 0.208098 0.559311 0.208423 0.563365 0.209559 0.565837 0.210964 0.568675 0.212480 0.571023 0.214132 0.572215 0.216172 0.573116 0.218365 0.572360 0.219719 0.571342 0.221573 0.569543 0.222876 0.567348 0.224127 0.564964 0.224822 0.561116 0.225066 0.556945 0.224620 0.552417 0.223701 0.547960 0.222247 0.545514 0.220670 0.543465 0.218269 0.541484 0.215944 0.541220 0.213858 0.541960 0.212301 0.543248
1 0.738866 0.592180 0.735967 0.592584 0.733308 0.593991 0.731571 0.596479 0.730218 0.599744 0.729258 0.603540 0.728810 0.608372 0.728653 0.612748 0.729078 0.616214 0.729776 0.619711 0.731321 0.622571 0.733961 0.625556 0.736754 0.628070 0.739652 0.627666 0.742175 0.626243 0.744194 0.623543 0.745675 0.620537 0.747319 0.616818 0.748177 0.612033 0.748352 0.607170 0.747653 0.603674 0.746955 0.600177 0.745674 0.597590 0.743984 0.594958 0.742651 0.593830 0.740643 0.592382
1 0.270895 0.545914 0.267997 0.546318 0.265337 0.547725 0.263600 0.550213 0.262247 0.553478 0.261287 0.557275 0.260839 0.562106 0.260682 0.566482 0.261107 0.569948 0.261805 0.573445 0.263350 0.576305 0.265990 0.579290 0.268783 0.581804 0.271681 0.581400 0.274204 0.579977 0.276223 0.577277 0.277704 0.574271 0.279348 0.570552 0.280206 0.565767 0.280381 0.560904 0.279682 0.557408 0.278984 0.553911 0.277704 0.551324 0.276013 0.548692 0.274680 0.547564 0.272673 0.546116
1 0.477848 0.567751 0.474950 0.568154 0.472291 0.569562 0.470554 0.572050 0.469201 0.575314 0.468240 0.579111 0.467792 0.583942 0.467635 0.588319 0.468060 0.591785 0.468759 0.595281 0.470304 0.598142 0.472943 0.601126 0.475737 0.603640 0.478635 0.603236 0.481157 0.601814 0.483177 0.599113 0.484658 0.596108 0.486302 0.592388 0.487160 0.587603 0.487334 0.582741 0.486636 0.579244 0.485937 0.575747 0.484657 0.573161 0.482966 0.570528 0.481634 0.569401 0.479626 0.567952
1 0.793187 0.597563 0.790289 0.597967 0.787629 0.599374 0.785892 0.601862 0.784539 0.605126 0.783579 0.608923 0.783131 0.613755 0.782974 0.618131 0.783399 0.621597 0.784098 0.625094 0.785643 0.627954 0.788282 0.630939 0.791075 0.633452 0.793974 0.633049 0.796496 0.631626 0.798515 0.628925 0.799996 0.625920 0.801640 0.622201 0.802499 0.617416 0.802673 0.612553 0.801975 0.609056 0.801276 0.605559 0.799996 0.602973 0.798305 0.600340 0.796973 0.599213 0.794965 0.597764
1 0.533402 0.571339 0.530504 0.571743 0.527845 0.573150 0.526108 0.575639 0.524755 0.578903 0.523795 0.582700 0.523347 0.587531 0.523190 0.591907 0.523614 0.595373 0.524313 0.598870 0.525858 0.601730 0.528497 0.604715 0.531291 0.607229 0.534189 0.606825 0.536711 0.605402 0.538731 0.602702 0.540212 0.599696 0.541856 0.595977 0.542714 0.591192 0.542888 0.586330 0.542190 0.582833 0.541491 0.579336 0.540211 0.576750 0.538520 0.574117 0.537188 0.572989 0.535180 0.571541
0 0.824817 0.295559 0.851818 0.299021 0.845964 0.446674 0.883506 0.450367 0.879115 0.572740 0.837436 0.568013 0.839950 0.499214 0.816456 0.496467
0 0.952692 0.312586 0.979358 0.315543 0.973622 0.511981 0.952266 0.511022 0.949631 0.578883 0.909615 0.576414 0.913364 0.454265 0.950123 0.457984
0 0.564343 0.266226 0.593607 0.269944 0.589214 0.417762 0.626274 0.422209 0.621883 0.544582 0.580204 0.539856 0.581273 0.473317 0.557327 0.470518
0 0.301461 0.239542 0.328431 0.242037 0.323937 0.392613 0.362837 0.396460 0.358446 0.518833 0.316766 0.514107 0.318632 0.444429 0.295274 0.442343
0 0.173957 0.229099 0.202174 0.229494 0.199445 0.433455 0.178543 0.431497 0.176108 0.499381 0.132036 0.495434 0.135785 0.373285 0.172658 0.377583
0 0.437077 0.252482 0.465010 0.253853 0.460518 0.458140 0.435867 0.456808 0.433431 0.524692 0.391752 0.519965 0.395500 0.397817 0.434098 0.400936
0 0.699821 0.280422 0.730242 0.283125 0.723304 0.487701 0.700069 0.484913 0.697720 0.550382 0.654200 0.546255 0.657949 0.424107 0.694707 0.427826
0 0.046026 0.221969 0.073226 0.223116 0.069160 0.369378 0.106612 0.373061 0.102221 0.495434 0.060541 0.490707 0.062407 0.421029 0.041719 0.419247
