1 0.226441 0.687271 0.225473 0.692471 0.225629 0.697520 0.226325 0.701366 0.227207 0.705150 0.228652 0.707044 0.230409 0.709173 0.232206 0.710778 0.233973 0.711204 0.236074 0.711176 0.238093 0.709476 0.239263 0.707892 0.240807 0.705331 0.241763 0.702629 0.242641 0.699769 0.242777 0.695734 0.242431 0.691586 0.241367 0.687396 0.239854 0.683484 0.238104 0.681757 0.236290 0.680468 0.233688 0.679608 0.231399 0.680379 0.229482 0.682017 0.228154 0.683952
1 0.743269 0.496922 0.740518 0.498592 0.738138 0.501129 0.736803 0.504306 0.735948 0.508065 0.735548 0.512167 0.735789 0.517045 0.736248 0.521353 0.737144 0.524523 0.738308 0.527602 0.740205 0.529691 0.743178 0.531417 0.746235 0.532619 0.748986 0.530949 0.751231 0.528458 0.752810 0.524951 0.753825 0.521386 0.754898 0.517057 0.755061 0.512043 0.754551 0.507256 0.753386 0.504177 0.752221 0.501098 0.750620 0.499157 0.748614 0.497353 0.747166 0.496849 0.745019 0.496332
1 0.285504 0.658937 0.282753 0.660607 0.280373 0.663144 0.279038 0.666321 0.278183 0.670081 0.277783 0.674182 0.278024 0.679060 0.278483 0.683369 0.279379 0.686539 0.280544 0.689618 0.282440 0.691707 0.285413 0.693433 0.288470 0.694635 0.291221 0.692965 0.293466 0.690473 0.295045 0.686966 0.296060 0.683401 0.297133 0.679073 0.297296 0.674059 0.296786 0.669271 0.295621 0.666192 0.294457 0.663113 0.292855 0.661173 0.290850 0.659369 0.289401 0.658865 0.287254 0.658348
1 0.488734 0.589400 0.485984 0.591070 0.483604 0.593607 0.482269 0.596784 0.481414 0.600544 0.481014 0.604645 0.481255 0.609523 0.481714 0.613832 0.482610 0.617002 0.483774 0.620081 0.485671 0.622170 0.488644 0.623896 0.491701 0.625098 0.494452 0.623428 0.496697 0.620936 0.498276 0.617429 0.499291 0.613864 0.500364 0.609536 0.500527 0.604522 0.500017 0.599734 0.498852 0.596655 0.497687 0.593576 0.496086 0.591636 0.494080 0.589832 0.492632 0.589328 0.490485 0.588811
1 0.795384 0.476827 0.792633 0.478498 0.790253 0.481035 0.788918 0.484212 0.788064 0.487971 0.787664 0.492073 0.787904 0.496950 0.788364 0.501259 0.789259 0.504429 0.790424 0.507508 0.792320 0.509597 0.795294 0.511323 0.798351 0.512525 0.801102 0.510855 0.803347 0.508363 0.804926 0.504856 0.805940 0.501291 0.807013 0.496963 0.807177 0.491949 0.806667 0.487161 0.805502 0.484082 0.804337 0.481003 0.802735 0.479063 0.800730 0.477259 0.799282 0.476755 0.797134 0.476238
1 0.542464 0.568772 0.539713 0.570442 0.537334 0.572979 0.535998 0.576156 0.535144 0.579915 0.534744 0.584017 0.534985 0.588895 0.535444 0.593203 0.536339 0.596373 0.537504 0.599452 0.539400 0.601541 0.542374 0.603267 0.545431 0.604469 0.548182 0.602799 0.550427 0.600308 0.552006 0.596801 0.553021 0.593235 0.554094 0.588907 0.554257 0.583893 0.553747 0.579106 0.552582 0.576027 0.551417 0.572948 0.549816 0.571007 0.547810 0.569203 0.546362 0.568699 0.544215 0.568182
0 0.781168 0.168483 0.808614 0.158827 0.824833 0.302372 0.859655 0.291715 0.872492 0.412194 0.831457 0.426012 0.824284 0.358257 0.801143 0.365965
0 0.910270 0.125416 0.934817 0.117903 0.954741 0.309738 0.932583 0.318685 0.940844 0.385135 0.901737 0.400404 0.888310 0.280425 0.924437 0.267804
0 0.529016 0.257361 0.557883 0.248046 0.574271 0.393176 0.610792 0.381126 0.623628 0.501606 0.582593 0.515423 0.574337 0.450496 0.550750 0.458354
0 0.273827 0.352769 0.298072 0.344033 0.313181 0.485839 0.352292 0.472097 0.365128 0.592577 0.324093 0.606394 0.316170 0.538074 0.294143 0.546064
0 0.150140 0.396281 0.176360 0.386245 0.200080 0.582455 0.179559 0.589784 0.186679 0.656618 0.143437 0.672245 0.130010 0.552267 0.166329 0.540155
0 0.403242 0.303111 0.430492 0.292111 0.455838 0.489950 0.431773 0.499539 0.438893 0.566373 0.397858 0.580191 0.384432 0.460212 0.420558 0.447590
0 0.661770 0.212540 0.691616 0.201732 0.713465 0.402965 0.690567 0.410519 0.697435 0.474976 0.654702 0.490186 0.641275 0.370208 0.677402 0.357586
0 0.026519 0.442446 0.049716 0.435130 0.066202 0.578607 0.102996 0.565645 0.115832 0.686124 0.074797 0.699942 0.066874 0.631621 0.046585 0.639026
