1 0.208956 0.400136 0.207461 0.395347 0.207085 0.390336 0.207367 0.386326 0.207837 0.382317 0.209058 0.379978 0.210562 0.377305 0.212159 0.375133 0.213851 0.374131 0.215918 0.373462 0.218079 0.374465 0.219395 0.375634 0.221181 0.377639 0.222402 0.379978 0.223565 0.382498 0.224121 0.386417 0.224215 0.390607 0.223608 0.395076 0.222531 0.399419 0.220993 0.401696 0.219345 0.403562 0.216879 0.405268 0.214549 0.405268 0.212494 0.404293 0.210986 0.402832
1 0.736919 0.419073 0.734041 0.418342 0.731438 0.416636 0.729793 0.413957 0.728560 0.410546 0.727738 0.406648 0.727464 0.401776 0.727464 0.397391 0.728012 0.393980 0.728834 0.390569 0.730478 0.387889 0.733219 0.385210 0.736097 0.383017 0.738975 0.383748 0.741441 0.385453 0.743360 0.388377 0.744730 0.391544 0.746238 0.395442 0.746923 0.400314 0.746923 0.405186 0.746100 0.408597 0.745278 0.412008 0.743908 0.414444 0.742126 0.416880 0.740756 0.417855 0.738701 0.419073
1 0.268785 0.409463 0.265907 0.408732 0.263304 0.407027 0.261659 0.404347 0.260426 0.400936 0.259604 0.397038 0.259330 0.392166 0.259330 0.387781 0.259878 0.384370 0.260700 0.380959 0.262344 0.378280 0.265085 0.375600 0.267963 0.373407 0.270841 0.374138 0.273307 0.375843 0.275226 0.378767 0.276596 0.381934 0.278103 0.385832 0.278789 0.390704 0.278789 0.395577 0.277966 0.398987 0.277144 0.402398 0.275774 0.404834 0.273992 0.407270 0.272622 0.408245 0.270567 0.409463
1 0.476146 0.411333 0.473268 0.410602 0.470665 0.408897 0.469020 0.406217 0.467787 0.402807 0.466965 0.398909 0.466691 0.394036 0.466691 0.389651 0.467239 0.386240 0.468061 0.382830 0.469705 0.380150 0.472446 0.377470 0.475324 0.375278 0.478202 0.376008 0.480668 0.377714 0.482587 0.380637 0.483957 0.383804 0.485464 0.387702 0.486150 0.392575 0.486150 0.397447 0.485327 0.400858 0.484505 0.404268 0.483135 0.406704 0.481353 0.409141 0.479983 0.410115 0.477928 0.411333
1 0.791142 0.420816 0.788264 0.420085 0.785660 0.418380 0.784016 0.415700 0.782783 0.412289 0.781960 0.408391 0.781686 0.403519 0.781686 0.399134 0.782234 0.395723 0.783057 0.392313 0.784701 0.389633 0.787442 0.386953 0.790320 0.384760 0.793197 0.385491 0.795664 0.387197 0.797582 0.390120 0.798953 0.393287 0.800460 0.397185 0.801145 0.402057 0.801145 0.406930 0.800323 0.410340 0.799501 0.413751 0.798131 0.416187 0.796349 0.418623 0.794979 0.419598 0.792923 0.420816
1 0.530310 0.415168 0.527432 0.414437 0.524828 0.412732 0.523184 0.410052 0.521951 0.406641 0.521128 0.402743 0.520854 0.397871 0.520854 0.393486 0.521403 0.390075 0.522225 0.386664 0.523869 0.383984 0.526610 0.381305 0.529488 0.379112 0.532365 0.379843 0.534832 0.381548 0.536751 0.384472 0.538121 0.387639 0.539628 0.391537 0.540313 0.396409 0.540313 0.401281 0.539491 0.404692 0.538669 0.408103 0.537299 0.410539 0.535517 0.412975 0.534147 0.413950 0.532091 0.415168
0 0.810851 0.728125 0.837920 0.727726 0.837366 0.579710 0.874964 0.580273 0.874964 0.457651 0.833199 0.457651 0.833245 0.526596 0.809701 0.526679
0 0.939257 0.725604 0.965975 0.725671 0.967284 0.528982 0.945937 0.527523 0.945738 0.459501 0.905715 0.457436 0.905082 0.579762 0.941899 0.580210
0 0.550580 0.724212 0.579918 0.723814 0.580826 0.575798 0.617971 0.575554 0.617971 0.452932 0.576207 0.452932 0.574891 0.519457 0.550894 0.519540
0 0.287729 0.717625 0.314734 0.718187 0.315641 0.567408 0.354600 0.567970 0.354600 0.445349 0.312835 0.445349 0.312202 0.515097 0.288817 0.514534
0 0.161925 0.712568 0.190098 0.715367 0.194678 0.511512 0.173749 0.511100 0.173749 0.443078 0.129626 0.442030 0.128993 0.564355 0.165945 0.564239
0 0.423852 0.720623 0.451776 0.722416 0.454609 0.518034 0.429960 0.516575 0.429960 0.448552 0.388196 0.448552 0.387563 0.570878 0.426194 0.572133
0 0.686927 0.725942 0.717383 0.726686 0.717784 0.521740 0.694496 0.521893 0.694496 0.456291 0.650917 0.455484 0.650284 0.577809 0.687102 0.578258
0 0.035041 0.706013 0.062227 0.707946 0.062046 0.561521 0.099553 0.562084 0.099553 0.439462 0.057789 0.439462 0.057156 0.509210 0.036446 0.508648
