1 0.215998 0.648560 0.214801 0.653607 0.214730 0.658661 0.215252 0.662594 0.215961 0.666491 0.217317 0.668583 0.218973 0.670953 0.220693 0.672808 0.222435 0.673481 0.224531 0.673751 0.226619 0.672342 0.227857 0.670928 0.229511 0.668594 0.230584 0.666036 0.231588 0.663308 0.231904 0.659306 0.231744 0.655122 0.230871 0.650795 0.229538 0.646682 0.227871 0.644712 0.226120 0.643171 0.223565 0.641946 0.221249 0.642391 0.219264 0.643752 0.217854 0.645493
1 0.739451 0.527723 0.736634 0.528999 0.734148 0.531191 0.732675 0.534170 0.731655 0.537796 0.731073 0.541828 0.731095 0.546725 0.731360 0.551085 0.732111 0.554371 0.733134 0.557605 0.734931 0.559955 0.737818 0.562097 0.740811 0.563727 0.743628 0.562451 0.745977 0.560285 0.747708 0.557012 0.748879 0.553602 0.750143 0.549439 0.750530 0.544464 0.750235 0.539620 0.749212 0.536386 0.748189 0.533152 0.746679 0.530991 0.744761 0.528909 0.743339 0.528202 0.741222 0.527383
1 0.276141 0.628667 0.273324 0.629943 0.270839 0.632135 0.269366 0.635114 0.268345 0.638740 0.267763 0.642772 0.267785 0.647669 0.268050 0.652029 0.268801 0.655315 0.269824 0.658549 0.271621 0.660899 0.274508 0.663041 0.277501 0.664671 0.280318 0.663395 0.282668 0.661229 0.284399 0.657956 0.285570 0.654546 0.286833 0.650383 0.287220 0.645408 0.286926 0.640564 0.285902 0.637330 0.284879 0.634096 0.283369 0.631935 0.281451 0.629853 0.280030 0.629146 0.277912 0.628327
1 0.481063 0.585073 0.478246 0.586349 0.475760 0.588541 0.474287 0.591519 0.473267 0.595146 0.472685 0.599178 0.472707 0.604074 0.472972 0.608434 0.473723 0.611721 0.474746 0.614955 0.476543 0.617305 0.479430 0.619446 0.482423 0.621077 0.485240 0.619801 0.487589 0.617635 0.489320 0.614362 0.490491 0.610952 0.491755 0.606789 0.492142 0.601814 0.491847 0.596969 0.490824 0.593735 0.489801 0.590501 0.488291 0.588341 0.486373 0.586259 0.484951 0.585551 0.482834 0.584733
1 0.794123 0.515766 0.791306 0.517042 0.788820 0.519234 0.787347 0.522213 0.786327 0.525839 0.785745 0.529871 0.785766 0.534768 0.786031 0.539128 0.786782 0.542414 0.787806 0.545648 0.789602 0.547998 0.792489 0.550140 0.795483 0.551770 0.798300 0.550494 0.800649 0.548328 0.802380 0.545055 0.803551 0.541645 0.804814 0.537482 0.805201 0.532507 0.804907 0.527663 0.803884 0.524429 0.802860 0.521195 0.801351 0.519034 0.799432 0.516952 0.798011 0.516245 0.795894 0.515426
1 0.536132 0.571994 0.533315 0.573270 0.530829 0.575463 0.529356 0.578441 0.528336 0.582067 0.527754 0.586099 0.527776 0.590996 0.528040 0.595356 0.528791 0.598642 0.529815 0.601876 0.531612 0.604227 0.534498 0.606368 0.537492 0.607998 0.540309 0.606722 0.542658 0.604556 0.544389 0.601283 0.545560 0.597873 0.546823 0.593710 0.547210 0.588735 0.546916 0.583891 0.545893 0.580657 0.544869 0.577423 0.543360 0.575262 0.541441 0.573180 0.540020 0.572473 0.537903 0.571654
0 0.795109 0.209290 0.822900 0.203545 0.832645 0.348929 0.867835 0.343229 0.875240 0.465142 0.833717 0.473114 0.829598 0.404559 0.806185 0.408971
0 0.925729 0.184614 0.950534 0.180596 0.961812 0.374641 0.939324 0.380426 0.944587 0.447833 0.904920 0.457525 0.896903 0.336028 0.933481 0.328554
0 0.536785 0.261753 0.565978 0.256550 0.575820 0.403537 0.612765 0.396689 0.620170 0.518602 0.578647 0.526574 0.573322 0.460684 0.549458 0.465182
0 0.277613 0.321930 0.302172 0.316650 0.310889 0.460144 0.350490 0.451975 0.357896 0.573888 0.316373 0.581859 0.311531 0.512635 0.289217 0.517485
0 0.150343 0.353477 0.175630 0.345320 0.196232 0.541053 0.173166 0.546949 0.177274 0.614578 0.135751 0.622550 0.127735 0.501052 0.162135 0.494565
0 0.410013 0.290504 0.437668 0.283391 0.454083 0.484188 0.429664 0.490344 0.433772 0.557972 0.392249 0.565944 0.384233 0.444447 0.420810 0.436973
0 0.671584 0.233648 0.701818 0.227095 0.714595 0.430780 0.691432 0.435072 0.695394 0.500296 0.652116 0.509416 0.644099 0.387918 0.680676 0.380445
0 0.028439 0.379256 0.051240 0.374313 0.059956 0.517807 0.099558 0.509639 0.106963 0.631551 0.065440 0.639523 0.060599 0.570299 0.040043 0.574811
