1 0.767065 0.613653 0.768561 0.618442 0.768937 0.623454 0.768655 0.627464 0.768185 0.631473 0.766963 0.633812 0.765460 0.636485 0.763862 0.638657 0.762171 0.639659 0.760103 0.640327 0.757942 0.639325 0.756626 0.638156 0.754841 0.636151 0.753619 0.633812 0.752456 0.631292 0.751900 0.627373 0.751806 0.623183 0.752413 0.618714 0.753490 0.614370 0.755029 0.612094 0.756676 0.610227 0.759143 0.608522 0.761472 0.608522 0.763528 0.609496 0.765035 0.610958
1 0.237980 0.591168 0.240857 0.591899 0.243461 0.593604 0.245106 0.596284 0.246339 0.599695 0.247161 0.603593 0.247435 0.608465 0.247435 0.612850 0.246887 0.616261 0.246065 0.619672 0.244420 0.622352 0.241680 0.625031 0.238802 0.627224 0.235924 0.626493 0.233458 0.624788 0.231539 0.621864 0.230169 0.618697 0.228661 0.614799 0.227976 0.609927 0.227976 0.605055 0.228798 0.601644 0.229621 0.598233 0.230991 0.595797 0.232772 0.593361 0.234143 0.592386 0.236198 0.591168
1 0.706068 0.604549 0.708946 0.605279 0.711550 0.606985 0.713194 0.609665 0.714428 0.613075 0.715250 0.616973 0.715524 0.621845 0.715524 0.626231 0.714976 0.629641 0.714153 0.633052 0.712509 0.635732 0.709768 0.638412 0.706891 0.640604 0.704013 0.639873 0.701546 0.638168 0.699628 0.635245 0.698257 0.632077 0.696750 0.628180 0.696065 0.623307 0.696065 0.618435 0.696887 0.615024 0.697709 0.611613 0.699080 0.609177 0.700861 0.606741 0.702231 0.605767 0.704287 0.604549
1 0.499562 0.599432 0.502440 0.600163 0.505044 0.601869 0.506688 0.604548 0.507922 0.607959 0.508744 0.611857 0.509018 0.616729 0.509018 0.621115 0.508470 0.624525 0.507647 0.627936 0.506003 0.630616 0.503262 0.633296 0.500385 0.635488 0.497507 0.634757 0.495040 0.633052 0.493122 0.630128 0.491751 0.626961 0.490244 0.623064 0.489559 0.618191 0.489559 0.613319 0.490381 0.609908 0.491203 0.606497 0.492574 0.604061 0.494355 0.601625 0.495725 0.600651 0.497781 0.599432
1 0.185125 0.588667 0.188002 0.589398 0.190606 0.591103 0.192250 0.593783 0.193484 0.597194 0.194306 0.601092 0.194580 0.605964 0.194580 0.610349 0.194032 0.613760 0.193210 0.617171 0.191565 0.619850 0.188825 0.622530 0.185947 0.624723 0.183069 0.623992 0.180602 0.622287 0.178684 0.619363 0.177314 0.616196 0.175806 0.612298 0.175121 0.607426 0.175121 0.602553 0.175943 0.599143 0.176765 0.595732 0.178136 0.593296 0.179917 0.590860 0.181288 0.589885 0.183343 0.588667
1 0.444158 0.597747 0.447036 0.598478 0.449640 0.600183 0.451284 0.602863 0.452517 0.606274 0.453340 0.610171 0.453614 0.615044 0.453614 0.619429 0.453065 0.622840 0.452243 0.626250 0.450599 0.628930 0.447858 0.631610 0.444980 0.633802 0.442103 0.633072 0.439636 0.631366 0.437717 0.628443 0.436347 0.625276 0.434840 0.621378 0.434155 0.616506 0.434155 0.611633 0.434977 0.608222 0.435799 0.604812 0.437169 0.602376 0.438951 0.599939 0.440321 0.598965 0.442377 0.597747
0 0.167268 0.283426 0.140198 0.283824 0.138835 0.431840 0.101237 0.431278 0.101237 0.553899 0.143002 0.553899 0.142956 0.484955 0.166500 0.484872
0 0.038634 0.283017 0.011916 0.282950 0.010607 0.479639 0.031954 0.481098 0.032153 0.549121 0.072176 0.551185 0.072809 0.428860 0.035992 0.428411
0 0.425226 0.286521 0.395888 0.286919 0.394979 0.434935 0.357835 0.435179 0.357835 0.557801 0.399599 0.557801 0.400915 0.491276 0.424912 0.491193
0 0.688213 0.295834 0.661208 0.295271 0.660301 0.446051 0.621342 0.445488 0.621342 0.568110 0.663107 0.568110 0.663739 0.498362 0.687125 0.498924
0 0.815201 0.301696 0.787027 0.298897 0.782448 0.502753 0.803377 0.503164 0.803377 0.571186 0.847500 0.572235 0.848133 0.449910 0.811181 0.450026
0 0.553138 0.293086 0.525213 0.291293 0.521020 0.494061 0.545669 0.495521 0.545669 0.563543 0.587433 0.563543 0.588066 0.441218 0.551249 0.440769
0 0.290099 0.284791 0.259643 0.284047 0.259242 0.488992 0.282530 0.488839 0.282530 0.554442 0.326109 0.555249 0.326741 0.432924 0.289924 0.432475
0 0.942856 0.308575 0.915670 0.306641 0.914490 0.453066 0.876983 0.452504 0.876983 0.575125 0.918747 0.575125 0.919380 0.505377 0.940090 0.505939
