1 0.785317 0.601671 0.786813 0.606460 0.787189 0.611472 0.786907 0.615481 0.786437 0.619490 0.785215 0.621829 0.783712 0.624502 0.782114 0.626674 0.780423 0.627676 0.778356 0.628345 0.776194 0.627342 0.774879 0.626173 0.773093 0.624168 0.771871 0.621829 0.770709 0.619309 0.770153 0.615390 0.770059 0.611200 0.770665 0.606731 0.771742 0.602388 0.773281 0.600111 0.774928 0.598245 0.777395 0.596539 0.779725 0.596539 0.781780 0.597514 0.783288 0.598975
1 0.257593 0.584274 0.260470 0.585005 0.263074 0.586710 0.264719 0.589390 0.265952 0.592800 0.266774 0.596698 0.267048 0.601571 0.267048 0.605956 0.266500 0.609367 0.265678 0.612777 0.264033 0.615457 0.261293 0.618137 0.258415 0.620329 0.255537 0.619599 0.253071 0.617893 0.251152 0.614970 0.249782 0.611803 0.248274 0.607905 0.247589 0.603032 0.247589 0.598160 0.248411 0.594749 0.249234 0.591339 0.250604 0.588903 0.252385 0.586466 0.253756 0.585492 0.255811 0.584274
1 0.724321 0.593372 0.727198 0.594103 0.729802 0.595808 0.731447 0.598488 0.732680 0.601899 0.733502 0.605797 0.733776 0.610669 0.733776 0.615054 0.733228 0.618465 0.732406 0.621876 0.730761 0.624555 0.728021 0.627235 0.725143 0.629428 0.722265 0.628697 0.719798 0.626992 0.717880 0.624068 0.716510 0.620901 0.715002 0.617003 0.714317 0.612131 0.714317 0.607258 0.715139 0.603848 0.715961 0.600437 0.717332 0.598001 0.719113 0.595565 0.720484 0.594590 0.722539 0.593372
1 0.518128 0.589562 0.521005 0.590293 0.523609 0.591999 0.525253 0.594678 0.526487 0.598089 0.527309 0.601987 0.527583 0.606859 0.527583 0.611245 0.527035 0.614655 0.526213 0.618066 0.524568 0.620746 0.521828 0.623425 0.518950 0.625618 0.516072 0.624887 0.513605 0.623182 0.511687 0.620258 0.510317 0.617091 0.508809 0.613193 0.508124 0.608321 0.508124 0.603449 0.508946 0.600038 0.509768 0.596627 0.511139 0.594191 0.512920 0.591755 0.514291 0.590781 0.516346 0.589562
1 0.204284 0.579047 0.207162 0.579778 0.209766 0.581483 0.211410 0.584163 0.212643 0.587574 0.213465 0.591472 0.213740 0.596344 0.213740 0.600729 0.213191 0.604140 0.212369 0.607551 0.210725 0.610230 0.207984 0.612910 0.205106 0.615103 0.202229 0.614372 0.199762 0.612667 0.197843 0.609743 0.196473 0.606576 0.194966 0.602678 0.194280 0.597806 0.194280 0.592933 0.195103 0.589523 0.195925 0.586112 0.197295 0.583676 0.199077 0.581240 0.200447 0.580265 0.202503 0.579047
1 0.463177 0.587070 0.466055 0.587801 0.468658 0.589507 0.470303 0.592186 0.471536 0.595597 0.472358 0.599495 0.472632 0.604367 0.472632 0.608753 0.472084 0.612163 0.471262 0.615574 0.469618 0.618254 0.466877 0.620933 0.463999 0.623126 0.461121 0.622395 0.458655 0.620690 0.456736 0.617766 0.455366 0.614599 0.453859 0.610701 0.453173 0.605829 0.453173 0.600957 0.453996 0.597546 0.454818 0.594135 0.456188 0.591699 0.457970 0.589263 0.459340 0.588289 0.461396 0.587070
0 0.185973 0.275475 0.157996 0.275067 0.157088 0.421470 0.121758 0.422521 0.121758 0.545142 0.163522 0.545142 0.163477 0.476198 0.187021 0.476115
0 0.054618 0.274510 0.029714 0.275249 0.030220 0.470325 0.052927 0.471785 0.051766 0.539807 0.091789 0.541871 0.092422 0.419546 0.055605 0.419097
0 0.443791 0.278013 0.414453 0.278412 0.413545 0.426428 0.376400 0.426672 0.376400 0.549293 0.418164 0.549293 0.419480 0.482768 0.443477 0.482685
0 0.703743 0.288689 0.679007 0.288127 0.679007 0.432455 0.639141 0.431893 0.639141 0.554514 0.680905 0.554514 0.681538 0.489538 0.704017 0.488669
0 0.830591 0.294608 0.803778 0.293422 0.801013 0.494052 0.821942 0.494464 0.821942 0.562486 0.866065 0.563534 0.866698 0.441209 0.829746 0.441325
0 0.572157 0.285441 0.544232 0.283648 0.540039 0.486417 0.564688 0.487877 0.564688 0.555899 0.606452 0.555899 0.607085 0.433574 0.570268 0.433125
0 0.309431 0.275171 0.278975 0.274427 0.278574 0.479372 0.301862 0.479219 0.301862 0.544822 0.345440 0.545629 0.346073 0.423304 0.309256 0.422855
0 0.956885 0.296342 0.933328 0.296828 0.932149 0.443252 0.894641 0.442690 0.894641 0.565311 0.936406 0.565311 0.937038 0.495563 0.957748 0.496126
