1 0.219695 0.599343 0.218219 0.604152 0.217865 0.609168 0.218163 0.613174 0.218650 0.617177 0.219882 0.619500 0.221397 0.622152 0.223003 0.624303 0.224699 0.625282 0.226769 0.625923 0.228926 0.624892 0.230237 0.623705 0.232014 0.621676 0.233225 0.619321 0.234378 0.616786 0.234917 0.612859 0.234993 0.608668 0.234367 0.604207 0.233272 0.599878 0.231724 0.597623 0.230069 0.595778 0.227595 0.594106 0.225265 0.594137 0.223214 0.595139 0.221713 0.596621
1 0.747319 0.572057 0.744444 0.572827 0.741848 0.574567 0.740215 0.577268 0.738996 0.580695 0.738190 0.584604 0.737937 0.589480 0.737955 0.593865 0.738518 0.597268 0.739354 0.600668 0.741010 0.603326 0.743762 0.605969 0.746649 0.608123 0.749524 0.607353 0.751983 0.605615 0.753889 0.602666 0.755246 0.599481 0.756737 0.595563 0.757401 0.590682 0.757381 0.585809 0.756544 0.582410 0.755707 0.579010 0.754327 0.576592 0.752535 0.574180 0.751161 0.573224 0.749100 0.572033
1 0.280060 0.589188 0.277186 0.589958 0.274589 0.591698 0.272956 0.594399 0.271737 0.597827 0.270932 0.601735 0.270678 0.606611 0.270697 0.610996 0.271259 0.614399 0.272096 0.617799 0.273752 0.620457 0.276504 0.623100 0.279391 0.625254 0.282265 0.624485 0.284725 0.622746 0.286631 0.619797 0.287988 0.616612 0.289478 0.612694 0.290143 0.607813 0.290122 0.602940 0.289286 0.599541 0.288449 0.596141 0.287068 0.593723 0.285277 0.591311 0.283902 0.590355 0.281842 0.589164
1 0.486992 0.581143 0.484117 0.581912 0.481521 0.583652 0.479888 0.586354 0.478669 0.589781 0.477863 0.593690 0.477610 0.598566 0.477628 0.602951 0.478191 0.606354 0.479027 0.609754 0.480683 0.612411 0.483435 0.615054 0.486322 0.617208 0.489197 0.616439 0.491656 0.614701 0.493562 0.611752 0.494919 0.608566 0.496410 0.604649 0.497074 0.599767 0.497054 0.594895 0.496217 0.591495 0.495381 0.588096 0.494000 0.585678 0.492208 0.583266 0.490834 0.582310 0.488773 0.581119
1 0.801799 0.569876 0.798924 0.570645 0.796328 0.572385 0.794695 0.575087 0.793476 0.578514 0.792670 0.582423 0.792417 0.587299 0.792435 0.591684 0.792998 0.595087 0.793835 0.598486 0.795490 0.601144 0.798242 0.603787 0.801129 0.605941 0.804004 0.605172 0.806463 0.603434 0.808369 0.600485 0.809726 0.597299 0.811217 0.593381 0.811882 0.588500 0.811861 0.583628 0.811024 0.580228 0.810188 0.576829 0.808807 0.574411 0.807015 0.571998 0.805641 0.571042 0.803580 0.569852
1 0.543118 0.579997 0.540244 0.580766 0.537647 0.582506 0.536014 0.585208 0.534796 0.588635 0.533990 0.592544 0.533736 0.597420 0.533755 0.601805 0.534317 0.605208 0.535154 0.608607 0.536810 0.611265 0.539562 0.613908 0.542449 0.616062 0.545323 0.615293 0.547783 0.613555 0.549689 0.610606 0.551046 0.607420 0.552537 0.603502 0.553201 0.598621 0.553180 0.593749 0.552344 0.590349 0.551507 0.586950 0.550127 0.584532 0.548335 0.582119 0.546960 0.581163 0.544900 0.579973
0 0.819165 0.263022 0.847140 0.262240 0.848668 0.408627 0.884001 0.409205 0.884520 0.531823 0.842757 0.532382 0.842511 0.463439 0.818967 0.463671
0 0.941320 0.261786 0.966226 0.262192 0.966546 0.457269 0.943845 0.459033 0.945294 0.527037 0.905282 0.529637 0.904131 0.407324 0.940945 0.406383
0 0.560011 0.269342 0.589349 0.269348 0.590884 0.417348 0.628029 0.417095 0.628548 0.539713 0.586785 0.540272 0.585188 0.473766 0.561190 0.474004
0 0.297561 0.280069 0.325242 0.279137 0.326465 0.428694 0.365738 0.427606 0.366257 0.550224 0.324494 0.550783 0.323566 0.481045 0.299915 0.482973
0 0.170910 0.285691 0.200076 0.284115 0.204883 0.487831 0.183956 0.488522 0.184244 0.556542 0.140126 0.558181 0.138976 0.435868 0.175928 0.435489
0 0.432855 0.277527 0.460772 0.275361 0.465823 0.478068 0.441181 0.479857 0.441469 0.547877 0.399706 0.548436 0.398555 0.426123 0.435369 0.425182
0 0.695129 0.266370 0.725580 0.265218 0.726849 0.470152 0.703561 0.470311 0.703839 0.535912 0.660265 0.537301 0.659114 0.414988 0.695928 0.414047
0 0.047596 0.293896 0.069381 0.293042 0.072368 0.441528 0.109872 0.440464 0.110391 0.563082 0.068628 0.563640 0.067700 0.493903 0.046993 0.494742
