1 0.780718 0.595591 0.782214 0.600380 0.782590 0.605391 0.782308 0.609401 0.781838 0.613410 0.780616 0.615749 0.779113 0.618422 0.777515 0.620594 0.775824 0.621596 0.773756 0.622265 0.771595 0.621262 0.770279 0.620093 0.768494 0.618088 0.767272 0.615749 0.766109 0.613229 0.765553 0.609310 0.765459 0.605120 0.766066 0.600651 0.767143 0.596308 0.768682 0.594031 0.770329 0.592165 0.772796 0.590459 0.775125 0.590459 0.777181 0.591434 0.778688 0.592895
1 0.252993 0.575363 0.255871 0.576094 0.258475 0.577800 0.260119 0.580479 0.261353 0.583890 0.262175 0.587788 0.262449 0.592660 0.262449 0.597045 0.261901 0.600456 0.261078 0.603867 0.259434 0.606547 0.256693 0.609226 0.253816 0.611419 0.250938 0.610688 0.248471 0.608983 0.246553 0.606059 0.245182 0.602892 0.243675 0.598994 0.242990 0.594122 0.242990 0.589250 0.243812 0.585839 0.244634 0.582428 0.246005 0.579992 0.247786 0.577556 0.249156 0.576581 0.251212 0.575363
1 0.720311 0.586244 0.723189 0.586975 0.725792 0.588680 0.727437 0.591360 0.728670 0.594770 0.729492 0.598668 0.729766 0.603541 0.729766 0.607926 0.729218 0.611337 0.728396 0.614747 0.726752 0.617427 0.724011 0.620107 0.721133 0.622299 0.718255 0.621569 0.715789 0.619863 0.713870 0.616940 0.712500 0.613773 0.710993 0.609875 0.710307 0.605002 0.710307 0.600130 0.711130 0.596719 0.711952 0.593309 0.713322 0.590873 0.715104 0.588436 0.716474 0.587462 0.718530 0.586244
1 0.513351 0.580966 0.516229 0.581697 0.518833 0.583403 0.520477 0.586082 0.521711 0.589493 0.522533 0.593391 0.522807 0.598263 0.522807 0.602649 0.522259 0.606059 0.521436 0.609470 0.519792 0.612150 0.517051 0.614830 0.514174 0.617022 0.511296 0.616291 0.508829 0.614586 0.506911 0.611662 0.505540 0.608495 0.504033 0.604598 0.503348 0.599725 0.503348 0.594853 0.504170 0.591442 0.504992 0.588031 0.506363 0.585595 0.508144 0.583159 0.509514 0.582185 0.511570 0.580966
1 0.198505 0.573911 0.201383 0.574641 0.203987 0.576347 0.205631 0.579027 0.206865 0.582437 0.207687 0.586335 0.207961 0.591207 0.207961 0.595593 0.207413 0.599003 0.206591 0.602414 0.204946 0.605094 0.202205 0.607774 0.199328 0.609966 0.196450 0.609235 0.193983 0.607530 0.192065 0.604607 0.190694 0.601439 0.189187 0.597542 0.188502 0.592669 0.188502 0.587797 0.189324 0.584386 0.190146 0.580975 0.191517 0.578539 0.193298 0.576103 0.194668 0.575129 0.196724 0.573911
1 0.457221 0.580571 0.460099 0.581302 0.462703 0.583007 0.464347 0.585687 0.465581 0.589098 0.466403 0.592996 0.466677 0.597868 0.466677 0.602253 0.466129 0.605664 0.465307 0.609075 0.463662 0.611754 0.460921 0.614434 0.458044 0.616627 0.455166 0.615896 0.452699 0.614190 0.450781 0.611267 0.449410 0.608100 0.447903 0.604202 0.447218 0.599330 0.447218 0.594457 0.448040 0.591047 0.448862 0.587636 0.450233 0.585200 0.452014 0.582764 0.453384 0.581789 0.455440 0.580571
0 0.179841 0.267298 0.151864 0.266890 0.150955 0.413294 0.115625 0.414344 0.115625 0.536965 0.157390 0.536965 0.157344 0.468021 0.180888 0.467938
0 0.057685 0.267696 0.032780 0.268435 0.033286 0.463511 0.055994 0.464971 0.054833 0.532993 0.094855 0.535057 0.095488 0.412732 0.058671 0.412283
0 0.439015 0.270151 0.409677 0.270550 0.408768 0.418566 0.371624 0.418810 0.371624 0.541431 0.413388 0.541431 0.414704 0.474906 0.438701 0.474823
0 0.701503 0.277368 0.673818 0.276805 0.673228 0.426375 0.633952 0.425813 0.633952 0.548434 0.675716 0.548434 0.676349 0.478686 0.700007 0.480297
0 0.828173 0.281295 0.799002 0.280109 0.795057 0.483884 0.815987 0.484295 0.815987 0.552317 0.860110 0.553366 0.860743 0.431040 0.823790 0.431156
0 0.566201 0.276636 0.538276 0.274843 0.534083 0.477611 0.558732 0.479071 0.558732 0.547093 0.600496 0.547093 0.601129 0.424768 0.564312 0.424319
0 0.303888 0.268986 0.273432 0.268242 0.273031 0.473188 0.296319 0.473034 0.296319 0.538637 0.339898 0.539444 0.340530 0.417119 0.303713 0.416670
0 0.951519 0.287851 0.929731 0.287288 0.927372 0.435810 0.889865 0.435247 0.889865 0.557869 0.931629 0.557869 0.932262 0.488121 0.952972 0.488683
