1 0.213975 0.404409 0.212479 0.399620 0.212104 0.394609 0.212385 0.390599 0.212855 0.386590 0.214077 0.384251 0.215580 0.381578 0.217178 0.379406 0.218870 0.378404 0.220937 0.377735 0.223098 0.378738 0.224414 0.379907 0.226199 0.381912 0.227421 0.384251 0.228584 0.386771 0.229140 0.390690 0.229234 0.394880 0.228627 0.399349 0.227550 0.403692 0.226011 0.405969 0.224364 0.407835 0.221897 0.409541 0.219568 0.409541 0.217512 0.408566 0.216005 0.407105
1 0.741110 0.424637 0.738232 0.423906 0.735629 0.422200 0.733984 0.419521 0.732751 0.416110 0.731929 0.412212 0.731655 0.407340 0.731655 0.402955 0.732203 0.399544 0.733025 0.396133 0.734669 0.393453 0.737410 0.390774 0.740288 0.388581 0.743166 0.389312 0.745632 0.391017 0.747551 0.393941 0.748921 0.397108 0.750428 0.401006 0.751114 0.405878 0.751114 0.410750 0.750291 0.414161 0.749469 0.417572 0.748099 0.420008 0.746317 0.422444 0.744947 0.423419 0.742891 0.424637
1 0.275561 0.412708 0.272684 0.411977 0.270080 0.410272 0.268436 0.407592 0.267202 0.404181 0.266380 0.400283 0.266106 0.395411 0.266106 0.391026 0.266654 0.387615 0.267476 0.384204 0.269121 0.381525 0.271861 0.378845 0.274739 0.376652 0.277617 0.377383 0.280084 0.379088 0.282002 0.382012 0.283372 0.385179 0.284880 0.389077 0.285565 0.393949 0.285565 0.398822 0.284743 0.402232 0.283921 0.405643 0.282550 0.408079 0.280769 0.410515 0.279398 0.411490 0.277343 0.412708
1 0.480752 0.416937 0.477874 0.416206 0.475271 0.414501 0.473626 0.411821 0.472393 0.408410 0.471571 0.404512 0.471297 0.399640 0.471297 0.395255 0.471845 0.391844 0.472667 0.388434 0.474311 0.385754 0.477052 0.383074 0.479930 0.380881 0.482808 0.381612 0.485274 0.383318 0.487193 0.386241 0.488563 0.389408 0.490070 0.393306 0.490756 0.398178 0.490756 0.403051 0.489933 0.406461 0.489111 0.409872 0.487741 0.412308 0.485959 0.414744 0.484589 0.415719 0.482534 0.416937
1 0.794419 0.426089 0.791541 0.425359 0.788937 0.423653 0.787293 0.420973 0.786059 0.417563 0.785237 0.413665 0.784963 0.408793 0.784963 0.404407 0.785511 0.400997 0.786334 0.397586 0.787978 0.394906 0.790719 0.392226 0.793596 0.390034 0.796474 0.390765 0.798941 0.392470 0.800859 0.395393 0.802230 0.398561 0.803737 0.402458 0.804422 0.407331 0.804422 0.412203 0.803600 0.415614 0.802778 0.419025 0.801407 0.421461 0.799626 0.423897 0.798256 0.424871 0.796200 0.426089
1 0.536292 0.419429 0.533415 0.418698 0.530811 0.416993 0.529166 0.414313 0.527933 0.410902 0.527111 0.407004 0.526837 0.402132 0.526837 0.397747 0.527385 0.394336 0.528207 0.390925 0.529852 0.388246 0.532592 0.385566 0.535470 0.383373 0.538348 0.384104 0.540814 0.385810 0.542733 0.388733 0.544103 0.391900 0.545611 0.395798 0.546296 0.400670 0.546296 0.405543 0.545474 0.408953 0.544651 0.412364 0.543281 0.414800 0.541500 0.417236 0.540129 0.418211 0.538074 0.419429
0 0.813909 0.730605 0.841886 0.731013 0.842794 0.584610 0.878124 0.583559 0.878124 0.460938 0.836360 0.460938 0.836406 0.529882 0.812861 0.529965
0 0.944084 0.732304 0.968989 0.731565 0.968483 0.536489 0.945775 0.535029 0.946936 0.467007 0.906914 0.464943 0.906281 0.587268 0.943098 0.587717
0 0.553909 0.728801 0.583247 0.728402 0.584156 0.580386 0.621300 0.580142 0.621300 0.457520 0.579536 0.457520 0.578221 0.524045 0.554223 0.524128
0 0.294959 0.717391 0.319696 0.717953 0.319696 0.573625 0.359562 0.574187 0.359562 0.451566 0.317797 0.451566 0.317165 0.521314 0.294686 0.520752
0 0.168878 0.714512 0.195691 0.715698 0.198456 0.515068 0.177527 0.514656 0.177527 0.446634 0.133404 0.445586 0.132771 0.567911 0.169723 0.567795
0 0.427312 0.724413 0.455237 0.726206 0.459431 0.523437 0.434782 0.521977 0.434782 0.453955 0.393017 0.453955 0.392385 0.576280 0.429202 0.576729
0 0.689036 0.728917 0.719492 0.729662 0.719893 0.524716 0.696605 0.524869 0.696605 0.459266 0.653026 0.458460 0.652394 0.580785 0.689211 0.581233
0 0.041995 0.711101 0.065552 0.710615 0.066731 0.564190 0.104238 0.564753 0.104238 0.442131 0.062474 0.442131 0.061841 0.511879 0.041132 0.511317
