1 0.222032 0.667769 0.220886 0.672854 0.220867 0.677910 0.221430 0.681825 0.222180 0.685698 0.223557 0.687746 0.225237 0.690062 0.226976 0.691860 0.228724 0.692477 0.230823 0.692678 0.232896 0.691201 0.234119 0.689748 0.235748 0.687360 0.236795 0.684767 0.237771 0.682008 0.238046 0.677996 0.237843 0.673817 0.236925 0.669519 0.235550 0.665450 0.233863 0.663536 0.232097 0.662051 0.229529 0.660910 0.227218 0.661430 0.225248 0.662856 0.223855 0.664642
1 0.744920 0.529841 0.742117 0.531209 0.739654 0.533482 0.738212 0.536507 0.737229 0.540166 0.736689 0.544217 0.736761 0.549112 0.737071 0.553462 0.737855 0.556724 0.738912 0.559924 0.740732 0.562215 0.743641 0.564262 0.746651 0.565795 0.749454 0.564428 0.751781 0.562185 0.753477 0.558857 0.754613 0.555409 0.755833 0.551205 0.756169 0.546218 0.755825 0.541385 0.754768 0.538185 0.753712 0.534984 0.752180 0.532873 0.750241 0.530854 0.748813 0.530193 0.746687 0.529444
1 0.283577 0.646931 0.280774 0.648299 0.278311 0.650572 0.276869 0.653597 0.275886 0.657256 0.275346 0.661307 0.275418 0.666202 0.275728 0.670552 0.276513 0.673814 0.277569 0.677014 0.279390 0.679305 0.282298 0.681352 0.285308 0.682885 0.288111 0.681518 0.290438 0.679275 0.292135 0.675947 0.293271 0.672499 0.294491 0.668295 0.294826 0.663308 0.294482 0.658475 0.293426 0.655275 0.292369 0.652074 0.290838 0.649963 0.288898 0.647944 0.287470 0.647283 0.285345 0.646534
1 0.486252 0.596117 0.483449 0.597485 0.480986 0.599758 0.479544 0.602783 0.478561 0.606442 0.478021 0.610493 0.478093 0.615388 0.478403 0.619738 0.479188 0.623000 0.480244 0.626200 0.482065 0.628491 0.484973 0.630538 0.487983 0.632071 0.490786 0.630704 0.493113 0.628461 0.494810 0.625133 0.495946 0.621685 0.497166 0.617481 0.497502 0.612495 0.497157 0.607661 0.496101 0.604461 0.495044 0.601260 0.493513 0.599149 0.491573 0.597130 0.490145 0.596469 0.488020 0.595720
1 0.798390 0.515290 0.795587 0.516657 0.793124 0.518930 0.791682 0.521956 0.790700 0.525615 0.790159 0.529665 0.790231 0.534560 0.790541 0.538911 0.791326 0.542172 0.792382 0.545372 0.794203 0.547664 0.797111 0.549711 0.800121 0.551243 0.802925 0.549876 0.805251 0.547634 0.806948 0.544305 0.808084 0.540857 0.809304 0.536654 0.809640 0.531667 0.809296 0.526833 0.808239 0.523633 0.807182 0.520433 0.805651 0.518322 0.803711 0.516303 0.802283 0.515642 0.800158 0.514892
1 0.542873 0.580866 0.540070 0.582234 0.537607 0.584507 0.536165 0.587532 0.535183 0.591191 0.534642 0.595242 0.534714 0.600137 0.535024 0.604487 0.535809 0.607749 0.536865 0.610949 0.538686 0.613240 0.541594 0.615287 0.544604 0.616820 0.547408 0.615453 0.549734 0.613210 0.551431 0.609882 0.552567 0.606434 0.553787 0.602230 0.554123 0.597243 0.553779 0.592410 0.552722 0.589209 0.551665 0.586009 0.550134 0.583898 0.548194 0.581879 0.546766 0.581218 0.544641 0.580468
0 0.795877 0.209861 0.823604 0.203212 0.834845 0.348254 0.869970 0.341410 0.878630 0.463061 0.837196 0.472383 0.832372 0.403975 0.809008 0.409148
0 0.925364 0.179755 0.950123 0.174930 0.963399 0.368575 0.940974 0.375092 0.946930 0.442316 0.907370 0.453298 0.898103 0.332082 0.934597 0.323419
0 0.537997 0.270441 0.567131 0.264288 0.578486 0.410930 0.615354 0.402881 0.624014 0.524532 0.582580 0.533854 0.576577 0.468149 0.552763 0.473423
0 0.280952 0.340409 0.305453 0.334329 0.315647 0.477515 0.355157 0.468059 0.363818 0.589710 0.322384 0.599032 0.316830 0.529977 0.294569 0.535553
0 0.155998 0.370367 0.182515 0.363206 0.199428 0.561631 0.178693 0.566711 0.183497 0.634194 0.139798 0.645083 0.130531 0.523867 0.167199 0.515734
0 0.412404 0.302064 0.439981 0.294053 0.458462 0.494281 0.434111 0.501231 0.438915 0.568714 0.397482 0.578037 0.388215 0.456821 0.424709 0.448158
0 0.672807 0.239992 0.702969 0.232456 0.717842 0.435690 0.694727 0.440736 0.699360 0.505820 0.656184 0.516347 0.646916 0.395131 0.683411 0.386468
0 0.030826 0.400277 0.054231 0.395501 0.065742 0.540504 0.102913 0.531574 0.111573 0.653225 0.070140 0.662547 0.064586 0.593492 0.044080 0.598673
