1 0.778471 0.590687 0.779967 0.595476 0.780343 0.600488 0.780061 0.604497 0.779591 0.608507 0.778370 0.610846 0.776866 0.613519 0.775269 0.615691 0.773577 0.616693 0.771510 0.617361 0.769348 0.616359 0.768033 0.615189 0.766247 0.613185 0.765026 0.610846 0.763863 0.608326 0.763307 0.604407 0.763213 0.600216 0.763820 0.595748 0.764896 0.591404 0.766435 0.589128 0.768083 0.587261 0.770549 0.585556 0.772879 0.585556 0.774934 0.586530 0.776442 0.587992
1 0.250918 0.575994 0.253796 0.576725 0.256400 0.578430 0.258044 0.581110 0.259277 0.584521 0.260100 0.588419 0.260374 0.593291 0.260374 0.597676 0.259825 0.601087 0.259003 0.604498 0.257359 0.607177 0.254618 0.609857 0.251740 0.612050 0.248863 0.611319 0.246396 0.609614 0.244477 0.606690 0.243107 0.603523 0.241600 0.599625 0.240915 0.594753 0.240915 0.589880 0.241737 0.586470 0.242559 0.583059 0.243929 0.580623 0.245711 0.578187 0.247081 0.577212 0.249137 0.575994
1 0.717326 0.582895 0.720204 0.583626 0.722808 0.585331 0.724452 0.588011 0.725685 0.591422 0.726508 0.595319 0.726782 0.600192 0.726782 0.604577 0.726233 0.607988 0.725411 0.611398 0.723767 0.614078 0.721026 0.616758 0.718148 0.618950 0.715271 0.618220 0.712804 0.616514 0.710885 0.613591 0.709515 0.610424 0.708008 0.606526 0.707323 0.601654 0.707323 0.596781 0.708145 0.593370 0.708967 0.589960 0.710337 0.587524 0.712119 0.585087 0.713489 0.584113 0.715545 0.582895
1 0.510733 0.580297 0.513610 0.581028 0.516214 0.582733 0.517859 0.585413 0.519092 0.588823 0.519914 0.592721 0.520188 0.597594 0.520188 0.601979 0.519640 0.605389 0.518818 0.608800 0.517173 0.611480 0.514433 0.614160 0.511555 0.616352 0.508677 0.615621 0.506211 0.613916 0.504292 0.610993 0.502922 0.607826 0.501414 0.603928 0.500729 0.599055 0.500729 0.594183 0.501551 0.590772 0.502374 0.587362 0.503744 0.584925 0.505525 0.582489 0.506896 0.581515 0.508951 0.580297
1 0.196819 0.573742 0.199696 0.574473 0.202300 0.576178 0.203945 0.578858 0.205178 0.582269 0.206000 0.586167 0.206274 0.591039 0.206274 0.595424 0.205726 0.598835 0.204904 0.602245 0.203259 0.604925 0.200519 0.607605 0.197641 0.609798 0.194763 0.609067 0.192296 0.607361 0.190378 0.604438 0.189008 0.601271 0.187500 0.597373 0.186815 0.592501 0.186815 0.587628 0.187637 0.584218 0.188459 0.580807 0.189830 0.578371 0.191611 0.575935 0.192982 0.574960 0.195037 0.573742
1 0.455880 0.578910 0.458758 0.579641 0.461362 0.581347 0.463006 0.584026 0.464240 0.587437 0.465062 0.591335 0.465336 0.596207 0.465336 0.600593 0.464788 0.604003 0.463965 0.607414 0.462321 0.610094 0.459580 0.612773 0.456703 0.614966 0.453825 0.614235 0.451358 0.612530 0.449440 0.609606 0.448069 0.606439 0.446562 0.602541 0.445877 0.597669 0.445877 0.592797 0.446699 0.589386 0.447521 0.585975 0.448892 0.583539 0.450673 0.581103 0.452043 0.580129 0.454099 0.578910
0 0.177404 0.267075 0.150334 0.267474 0.150889 0.415490 0.113291 0.414927 0.113291 0.537549 0.155055 0.537549 0.155010 0.468604 0.178554 0.468521
0 0.047250 0.269667 0.020532 0.269599 0.020877 0.466288 0.042224 0.467748 0.042424 0.535770 0.082447 0.537834 0.083079 0.415509 0.046262 0.415060
0 0.437261 0.272171 0.407923 0.272570 0.407014 0.419779 0.369870 0.419217 0.369870 0.543451 0.411634 0.543451 0.412949 0.476926 0.436947 0.476843
0 0.698028 0.273860 0.671024 0.273298 0.671296 0.424077 0.632337 0.423514 0.632337 0.546136 0.674102 0.546136 0.674734 0.476388 0.698120 0.476950
0 0.824105 0.280215 0.796838 0.278222 0.792259 0.479658 0.815002 0.480070 0.815002 0.548092 0.856858 0.550753 0.859758 0.426815 0.821899 0.425318
0 0.563838 0.271563 0.535006 0.270577 0.532174 0.474958 0.556822 0.476418 0.556822 0.544440 0.598587 0.544440 0.599220 0.422115 0.562403 0.419247
0 0.301195 0.269635 0.273007 0.266472 0.270791 0.471417 0.293626 0.472877 0.293626 0.541706 0.337204 0.542512 0.337837 0.416155 0.298752 0.414094
0 0.949991 0.286601 0.925209 0.284345 0.925798 0.428673 0.888291 0.428111 0.888291 0.550732 0.928695 0.551539 0.930688 0.480984 0.951398 0.481547
