1 0.215074 0.494918 0.213053 0.499052 0.212100 0.503817 0.211909 0.507843 0.211901 0.511939 0.212823 0.514677 0.213983 0.517846 0.215292 0.520559 0.216830 0.522163 0.218775 0.523579 0.221006 0.523395 0.222429 0.522735 0.224410 0.521432 0.225878 0.519594 0.227309 0.517558 0.228310 0.513929 0.228890 0.509864 0.228818 0.505268 0.228271 0.500622 0.227031 0.497828 0.225637 0.495395 0.223423 0.492818 0.221144 0.491959 0.219019 0.492155 0.217374 0.493030
1 0.735290 0.667893 0.732389 0.667547 0.729643 0.668256 0.727722 0.670272 0.726118 0.673154 0.724859 0.676664 0.724023 0.681330 0.723512 0.685620 0.723650 0.689158 0.724057 0.692798 0.725353 0.696025 0.727722 0.699657 0.730281 0.702862 0.733182 0.703208 0.735794 0.702448 0.738012 0.700295 0.739721 0.697702 0.741651 0.694444 0.742889 0.689930 0.743457 0.685164 0.743050 0.681524 0.742644 0.677885 0.741587 0.674996 0.740128 0.671957 0.738901 0.670498 0.737033 0.668549
1 0.275808 0.508489 0.272907 0.508143 0.270161 0.508852 0.268240 0.510868 0.266636 0.513750 0.265377 0.517260 0.264541 0.521926 0.264029 0.526216 0.264168 0.529754 0.264575 0.533394 0.265871 0.536621 0.268240 0.540253 0.270799 0.543458 0.273700 0.543804 0.276312 0.543045 0.278529 0.540892 0.280239 0.538298 0.282168 0.535041 0.283407 0.530527 0.283975 0.525760 0.283568 0.522120 0.283161 0.518481 0.282105 0.515593 0.280646 0.512553 0.279419 0.511095 0.277550 0.509145
1 0.477675 0.579300 0.474775 0.578955 0.472029 0.579664 0.470107 0.581679 0.468503 0.584561 0.467244 0.588072 0.466408 0.592737 0.465897 0.597027 0.466035 0.600566 0.466442 0.604205 0.467738 0.607433 0.470107 0.611064 0.472667 0.614270 0.475567 0.614615 0.478179 0.613856 0.480397 0.611703 0.482107 0.609110 0.484036 0.605852 0.485274 0.601338 0.485842 0.596571 0.485436 0.592932 0.485029 0.589292 0.483972 0.586404 0.482514 0.583364 0.481287 0.581906 0.479418 0.579957
1 0.787880 0.686539 0.784979 0.686194 0.782233 0.686902 0.780312 0.688918 0.778708 0.691800 0.777449 0.695310 0.776613 0.699976 0.776101 0.704266 0.776240 0.707804 0.776647 0.711444 0.777943 0.714672 0.780312 0.718303 0.782871 0.721509 0.785772 0.721854 0.788384 0.721095 0.790601 0.718942 0.792311 0.716348 0.794240 0.713091 0.795479 0.708577 0.796047 0.703810 0.795640 0.700170 0.795233 0.696531 0.794177 0.693643 0.792718 0.690603 0.791491 0.689145 0.789622 0.687195
1 0.532981 0.597017 0.530081 0.596672 0.527335 0.597381 0.525414 0.599396 0.523809 0.602278 0.522551 0.605789 0.521714 0.610454 0.521203 0.614744 0.521342 0.618283 0.521748 0.621922 0.523045 0.625150 0.525413 0.628781 0.527973 0.631987 0.530873 0.632332 0.533485 0.631573 0.535703 0.629420 0.537413 0.626827 0.539342 0.623569 0.540580 0.619055 0.541148 0.614288 0.540742 0.610649 0.540335 0.607009 0.539279 0.604121 0.537820 0.601081 0.536593 0.599623 0.534724 0.597674
0 0.840189 0.394225 0.866625 0.404591 0.850699 0.549894 0.887546 0.563199 0.873249 0.683157 0.832391 0.667766 0.840475 0.600336 0.817452 0.591579
0 0.967576 0.441793 0.993722 0.451573 0.972069 0.644472 0.951016 0.638033 0.942889 0.704505 0.903495 0.691775 0.917139 0.571874 0.953209 0.585002
0 0.587473 0.302194 0.616127 0.313395 0.599758 0.458531 0.636067 0.472458 0.621770 0.592416 0.580912 0.577025 0.587382 0.511460 0.563915 0.502536
0 0.329430 0.211726 0.355913 0.221127 0.339220 0.368966 0.377399 0.382772 0.363101 0.502730 0.322244 0.487340 0.329757 0.418874 0.306814 0.410806
0 0.203766 0.170383 0.231654 0.178027 0.212365 0.379142 0.191842 0.371832 0.183911 0.438377 0.140624 0.423143 0.154268 0.303241 0.190404 0.316972
0 0.460982 0.259864 0.488510 0.268401 0.468970 0.468310 0.444686 0.460655 0.436755 0.527200 0.395897 0.511809 0.409541 0.391908 0.445611 0.405036
0 0.720616 0.350579 0.750497 0.361074 0.726994 0.561717 0.704230 0.552985 0.696580 0.617163 0.653854 0.601893 0.667498 0.481991 0.703568 0.495120
0 0.078082 0.130070 0.104903 0.138197 0.088984 0.281876 0.125742 0.295148 0.111445 0.415106 0.070587 0.399715 0.078101 0.331249 0.057775 0.324168
