1 0.213827 0.593764 0.212290 0.598511 0.211870 0.603512 0.212117 0.607528 0.212551 0.611550 0.213752 0.613923 0.215232 0.616637 0.216811 0.618853 0.218493 0.619902 0.220555 0.620627 0.222724 0.619685 0.224050 0.618552 0.225853 0.616597 0.227095 0.614292 0.228280 0.611805 0.228870 0.607902 0.229001 0.603714 0.228433 0.599229 0.227394 0.594856 0.225876 0.592538 0.224245 0.590626 0.221793 0.588852 0.219464 0.588788 0.217400 0.589705 0.215880 0.591125
1 0.741640 0.590971 0.738756 0.591622 0.736138 0.593255 0.734470 0.595889 0.733207 0.599265 0.732351 0.603140 0.732034 0.608004 0.731996 0.612389 0.732514 0.615814 0.733306 0.619247 0.734927 0.621972 0.737644 0.624727 0.740502 0.626999 0.743386 0.626348 0.745867 0.624711 0.747811 0.621841 0.749209 0.618713 0.750751 0.614857 0.751478 0.610004 0.751521 0.605132 0.750729 0.601699 0.749936 0.598266 0.748588 0.595792 0.746828 0.593307 0.745466 0.592295 0.743421 0.591020
1 0.274889 0.587154 0.272005 0.587805 0.269387 0.589438 0.267719 0.592072 0.266456 0.595448 0.265600 0.599323 0.265283 0.604187 0.265245 0.608572 0.265763 0.611997 0.266555 0.615430 0.268176 0.618155 0.270893 0.620911 0.273751 0.623183 0.276635 0.622531 0.279116 0.620895 0.281060 0.618025 0.282458 0.614896 0.283999 0.611040 0.284727 0.606187 0.284770 0.601315 0.283978 0.597882 0.283185 0.594449 0.281836 0.591976 0.280077 0.589490 0.278715 0.588478 0.276670 0.587203
1 0.481090 0.589050 0.478207 0.589701 0.475588 0.591334 0.473921 0.593968 0.472658 0.597344 0.471801 0.601219 0.471485 0.606083 0.471446 0.610468 0.471965 0.613893 0.472757 0.617326 0.474378 0.620051 0.477095 0.622807 0.479953 0.625079 0.482837 0.624427 0.485318 0.622790 0.487262 0.619920 0.488660 0.616792 0.490201 0.612936 0.490929 0.608083 0.490971 0.603211 0.490179 0.599778 0.489387 0.596345 0.488038 0.593872 0.486278 0.591386 0.484916 0.590374 0.482872 0.589099
1 0.794988 0.587220 0.792104 0.587871 0.789486 0.589504 0.787818 0.592138 0.786555 0.595514 0.785699 0.599389 0.785382 0.604253 0.785344 0.608638 0.785862 0.612063 0.786654 0.615496 0.788275 0.618221 0.790992 0.620976 0.793850 0.623248 0.796734 0.622597 0.799215 0.620960 0.801159 0.618090 0.802557 0.614962 0.804098 0.611106 0.804826 0.606253 0.804869 0.601381 0.804077 0.597948 0.803284 0.594515 0.801935 0.592041 0.800176 0.589556 0.798814 0.588544 0.796769 0.587269
1 0.536056 0.588079 0.533172 0.588730 0.530554 0.590363 0.528886 0.592997 0.527623 0.596373 0.526767 0.600248 0.526451 0.605112 0.526412 0.609497 0.526930 0.612922 0.527723 0.616355 0.529343 0.619080 0.532060 0.621835 0.534918 0.624107 0.537802 0.623456 0.540284 0.621819 0.542227 0.618949 0.543625 0.615821 0.545167 0.611965 0.545894 0.607112 0.545937 0.602240 0.545145 0.598807 0.544353 0.595374 0.543004 0.592900 0.541244 0.590415 0.539882 0.589403 0.537837 0.588128
0 0.815954 0.284191 0.843931 0.284557 0.843558 0.430968 0.878875 0.432996 0.877801 0.555602 0.836042 0.554447 0.836691 0.485512 0.813151 0.484778
0 0.947302 0.286861 0.972196 0.288289 0.969983 0.483327 0.947265 0.484158 0.947831 0.552204 0.907795 0.553161 0.908233 0.430833 0.945050 0.431403
0 0.558146 0.279595 0.587476 0.280806 0.587089 0.428829 0.624227 0.430101 0.623153 0.552707 0.581394 0.551552 0.580661 0.484998 0.556667 0.484251
0 0.298131 0.283078 0.322870 0.283200 0.321606 0.427510 0.361472 0.428051 0.360399 0.550658 0.318639 0.549502 0.318575 0.484516 0.296107 0.483025
0 0.171247 0.285486 0.198067 0.285042 0.199076 0.485724 0.178145 0.485556 0.177550 0.553570 0.133423 0.553397 0.133861 0.431070 0.170808 0.432208
0 0.429730 0.283471 0.457667 0.282451 0.460085 0.485311 0.435426 0.486088 0.434831 0.554102 0.393072 0.552946 0.393510 0.430619 0.430326 0.431189
0 0.692514 0.280471 0.722973 0.280569 0.721580 0.485502 0.698296 0.484704 0.697722 0.550299 0.654141 0.549900 0.654580 0.427572 0.691396 0.428142
0 0.044953 0.283725 0.068503 0.284862 0.068401 0.431302 0.105908 0.431777 0.104835 0.554384 0.063076 0.553228 0.063053 0.483471 0.042341 0.483461
