1 0.221529 0.590687 0.220033 0.595476 0.219657 0.600488 0.219939 0.604497 0.220409 0.608507 0.221630 0.610846 0.223134 0.613519 0.224731 0.615691 0.226423 0.616693 0.228490 0.617361 0.230652 0.616359 0.231967 0.615189 0.233753 0.613185 0.234974 0.610846 0.236137 0.608326 0.236693 0.604407 0.236787 0.600216 0.236180 0.595748 0.235104 0.591404 0.233565 0.589128 0.231917 0.587261 0.229451 0.585556 0.227121 0.585556 0.225066 0.586530 0.223558 0.587992
1 0.749082 0.575994 0.746204 0.576725 0.743600 0.578430 0.741956 0.581110 0.740723 0.584521 0.739900 0.588419 0.739626 0.593291 0.739626 0.597676 0.740175 0.601087 0.740997 0.604498 0.742641 0.607177 0.745382 0.609857 0.748260 0.612050 0.751137 0.611319 0.753604 0.609614 0.755523 0.606690 0.756893 0.603523 0.758400 0.599625 0.759085 0.594753 0.759085 0.589880 0.758263 0.586470 0.757441 0.583059 0.756071 0.580623 0.754289 0.578187 0.752919 0.577212 0.750863 0.575994
1 0.282674 0.582895 0.279796 0.583626 0.277192 0.585331 0.275548 0.588011 0.274315 0.591422 0.273492 0.595319 0.273218 0.600192 0.273218 0.604577 0.273767 0.607988 0.274589 0.611398 0.276233 0.614078 0.278974 0.616758 0.281852 0.618950 0.284729 0.618220 0.287196 0.616514 0.289115 0.613591 0.290485 0.610424 0.291992 0.606526 0.292677 0.601654 0.292677 0.596781 0.291855 0.593370 0.291033 0.589960 0.289663 0.587524 0.287881 0.585087 0.286511 0.584113 0.284455 0.582895
1 0.489267 0.580297 0.486390 0.581028 0.483786 0.582733 0.482141 0.585413 0.480908 0.588823 0.480086 0.592721 0.479812 0.597594 0.479812 0.601979 0.480360 0.605389 0.481182 0.608800 0.482827 0.611480 0.485567 0.614160 0.488445 0.616352 0.491323 0.615621 0.493789 0.613916 0.495708 0.610993 0.497078 0.607826 0.498586 0.603928 0.499271 0.599055 0.499271 0.594183 0.498449 0.590772 0.497626 0.587362 0.496256 0.584925 0.494475 0.582489 0.493104 0.581515 0.491049 0.580297
1 0.803181 0.573742 0.800304 0.574473 0.797700 0.576178 0.796055 0.578858 0.794822 0.582269 0.794000 0.586167 0.793726 0.591039 0.793726 0.595424 0.794274 0.598835 0.795096 0.602245 0.796741 0.604925 0.799481 0.607605 0.802359 0.609798 0.805237 0.609067 0.807704 0.607361 0.809622 0.604438 0.810992 0.601271 0.812500 0.597373 0.813185 0.592501 0.813185 0.587628 0.812363 0.584218 0.811541 0.580807 0.810170 0.578371 0.808389 0.575935 0.807018 0.574960 0.804963 0.573742
1 0.544120 0.578910 0.541242 0.579641 0.538638 0.581347 0.536994 0.584026 0.535760 0.587437 0.534938 0.591335 0.534664 0.596207 0.534664 0.600593 0.535212 0.604003 0.536035 0.607414 0.537679 0.610094 0.540420 0.612773 0.543297 0.614966 0.546175 0.614235 0.548642 0.612530 0.550560 0.609606 0.551931 0.606439 0.553438 0.602541 0.554123 0.597669 0.554123 0.592797 0.553301 0.589386 0.552479 0.585975 0.551108 0.583539 0.549327 0.581103 0.547957 0.580129 0.545901 0.578910
0 0.822596 0.267075 0.849666 0.267474 0.849111 0.415490 0.886709 0.414927 0.886709 0.537549 0.844945 0.537549 0.844990 0.468604 0.821446 0.468521
0 0.952750 0.269667 0.979468 0.269599 0.979123 0.466288 0.957776 0.467748 0.957576 0.535770 0.917553 0.537834 0.916921 0.415509 0.953738 0.415060
0 0.562739 0.272171 0.592077 0.272570 0.592986 0.419779 0.630130 0.419217 0.630130 0.543451 0.588366 0.543451 0.587051 0.476926 0.563053 0.476843
0 0.301972 0.273860 0.328976 0.273298 0.328704 0.424077 0.367663 0.423514 0.367663 0.546136 0.325898 0.546136 0.325266 0.476388 0.301880 0.476950
0 0.175895 0.280215 0.203162 0.278222 0.207741 0.479658 0.184998 0.480070 0.184998 0.548092 0.143142 0.550753 0.140242 0.426815 0.178101 0.425318
0 0.436162 0.271563 0.464994 0.270577 0.467826 0.474958 0.443178 0.476418 0.443178 0.544440 0.401413 0.544440 0.400780 0.422115 0.437597 0.419247
0 0.698805 0.269635 0.726993 0.266472 0.729209 0.471417 0.706374 0.472877 0.706374 0.541706 0.662796 0.542512 0.662163 0.416155 0.701248 0.414094
0 0.050009 0.286601 0.074791 0.284345 0.074202 0.428673 0.111709 0.428111 0.111709 0.550732 0.071305 0.551539 0.069312 0.480984 0.048602 0.481547
