1 0.215903 0.664576 0.214788 0.669682 0.214799 0.674738 0.215385 0.678642 0.216158 0.682501 0.217547 0.684522 0.219241 0.686807 0.220990 0.688572 0.222743 0.689155 0.224842 0.689317 0.226907 0.687801 0.228121 0.686324 0.229736 0.683906 0.230767 0.681293 0.231726 0.678516 0.231977 0.674499 0.231749 0.670324 0.230806 0.666044 0.229407 0.662001 0.227708 0.660119 0.225933 0.658668 0.223359 0.657575 0.221051 0.658139 0.219089 0.659602 0.217708 0.661415
1 0.738067 0.516622 0.735272 0.518042 0.732823 0.520362 0.731399 0.523415 0.730438 0.527092 0.729922 0.531153 0.730023 0.536046 0.730359 0.540390 0.731163 0.543637 0.732239 0.546817 0.734073 0.549074 0.736994 0.551065 0.740012 0.552541 0.742807 0.551121 0.745121 0.548834 0.746797 0.545474 0.747913 0.542005 0.749107 0.537778 0.749413 0.532786 0.749040 0.527959 0.747964 0.524779 0.746889 0.521599 0.745345 0.519517 0.743393 0.517534 0.741961 0.516900 0.739831 0.516191
1 0.275758 0.642394 0.272963 0.643814 0.270514 0.646134 0.269091 0.649187 0.268130 0.652864 0.267614 0.656925 0.267715 0.661818 0.268051 0.666162 0.268855 0.669409 0.269931 0.672589 0.271765 0.674845 0.274685 0.676837 0.277704 0.678313 0.280499 0.676893 0.282812 0.674606 0.284489 0.671246 0.285604 0.667777 0.286799 0.663550 0.287105 0.658557 0.286732 0.653730 0.285656 0.650550 0.284581 0.647370 0.283037 0.645289 0.281085 0.643306 0.279653 0.642672 0.277523 0.641963
1 0.479435 0.588378 0.476640 0.589798 0.474191 0.592118 0.472767 0.595171 0.471806 0.598848 0.471290 0.602909 0.471391 0.607802 0.471727 0.612146 0.472531 0.615393 0.473607 0.618573 0.475441 0.620829 0.478362 0.622821 0.481381 0.624297 0.484176 0.622877 0.486489 0.620590 0.488166 0.617230 0.489281 0.613761 0.490476 0.609534 0.490781 0.604541 0.490408 0.599714 0.489333 0.596534 0.488257 0.593354 0.486713 0.591273 0.484761 0.589290 0.483329 0.588656 0.481200 0.587947
1 0.790723 0.502294 0.787928 0.503715 0.785479 0.506034 0.784055 0.509087 0.783094 0.512764 0.782578 0.516825 0.782680 0.521718 0.783015 0.526063 0.783820 0.529309 0.784895 0.532489 0.786730 0.534746 0.789650 0.536738 0.792669 0.538213 0.795464 0.536793 0.797777 0.534507 0.799454 0.531146 0.800569 0.527677 0.801764 0.523451 0.802070 0.518458 0.801697 0.513631 0.800621 0.510451 0.799545 0.507271 0.798001 0.505189 0.796050 0.503207 0.794617 0.502573 0.792488 0.501863
1 0.534206 0.571671 0.531410 0.573091 0.528962 0.575411 0.527538 0.578464 0.526577 0.582141 0.526061 0.586202 0.526162 0.591095 0.526498 0.595439 0.527302 0.598686 0.528378 0.601866 0.530212 0.604123 0.533133 0.606114 0.536151 0.607590 0.538946 0.606170 0.541260 0.603883 0.542936 0.600523 0.544052 0.597054 0.545246 0.592827 0.545552 0.587835 0.545179 0.583007 0.544103 0.579828 0.543028 0.576648 0.541484 0.574566 0.539532 0.572583 0.538100 0.571949 0.535970 0.571240
0 0.785307 0.195427 0.812032 0.187674 0.822917 0.334422 0.862369 0.324218 0.871757 0.445698 0.830381 0.455804 0.825148 0.387491 0.801816 0.393106
0 0.915981 0.164726 0.941036 0.157724 0.956493 0.352486 0.934109 0.359426 0.940467 0.426534 0.900975 0.438264 0.890982 0.317230 0.927422 0.307877
0 0.530440 0.263813 0.557165 0.256060 0.568049 0.402808 0.607501 0.392604 0.616889 0.514085 0.575514 0.524190 0.570280 0.455877 0.546949 0.461492
0 0.272109 0.334112 0.296573 0.327570 0.307623 0.470555 0.347075 0.460351 0.356463 0.581831 0.315087 0.591937 0.309120 0.522991 0.286894 0.528988
0 0.145760 0.365519 0.171582 0.356832 0.193371 0.556753 0.170411 0.563835 0.175619 0.631224 0.134244 0.641330 0.124251 0.520296 0.160691 0.510943
0 0.403554 0.296792 0.429223 0.287899 0.449923 0.489144 0.425616 0.496554 0.430824 0.563943 0.389448 0.574049 0.379456 0.453015 0.416345 0.443552
0 0.664151 0.227293 0.690548 0.218466 0.708311 0.419370 0.685351 0.426452 0.690559 0.493841 0.649183 0.503947 0.639191 0.382913 0.675631 0.373560
0 0.023974 0.404242 0.046684 0.398127 0.057734 0.541112 0.097186 0.530908 0.106575 0.652389 0.065199 0.662495 0.059232 0.593549 0.038758 0.599117
