1 0.210059 0.606282 0.208630 0.611135 0.208324 0.616162 0.208662 0.620158 0.209187 0.624145 0.210441 0.626430 0.211981 0.629036 0.213609 0.631137 0.215314 0.632064 0.217390 0.632641 0.219536 0.631544 0.220835 0.630317 0.222592 0.628234 0.223781 0.625843 0.224909 0.623272 0.225410 0.619330 0.225445 0.615137 0.224777 0.610696 0.223640 0.606401 0.222070 0.604193 0.220397 0.602400 0.217907 0.600803 0.215578 0.600906 0.213537 0.601970 0.212050 0.603498
1 0.737340 0.562845 0.734473 0.563702 0.731894 0.565522 0.730288 0.568273 0.729102 0.571737 0.728335 0.575670 0.728128 0.580553 0.728189 0.584936 0.728785 0.588322 0.729654 0.591695 0.731336 0.594302 0.734113 0.596860 0.737020 0.598926 0.739887 0.598069 0.742329 0.596255 0.744206 0.593248 0.745532 0.590022 0.746985 0.586059 0.747602 0.581158 0.747534 0.576287 0.746665 0.572913 0.745795 0.569540 0.744391 0.567165 0.742576 0.564808 0.741193 0.563894 0.739121 0.562767
1 0.270921 0.595302 0.268054 0.596160 0.265475 0.597979 0.263869 0.600730 0.262683 0.604194 0.261916 0.608127 0.261709 0.613010 0.261770 0.617394 0.262366 0.620779 0.263235 0.624153 0.264917 0.626759 0.267694 0.629318 0.270601 0.631383 0.273468 0.630526 0.275910 0.628713 0.277787 0.625706 0.279113 0.622479 0.280566 0.618516 0.281183 0.613615 0.281115 0.608744 0.280246 0.605371 0.279376 0.601997 0.277972 0.599622 0.276157 0.597265 0.274774 0.596351 0.272702 0.595224
1 0.477169 0.581996 0.474302 0.582853 0.471723 0.584673 0.470117 0.587424 0.468931 0.590888 0.468163 0.594821 0.467957 0.599704 0.468018 0.604087 0.468614 0.607473 0.469483 0.610846 0.471164 0.613453 0.473942 0.616011 0.476849 0.618077 0.479716 0.617219 0.482158 0.615406 0.484035 0.612399 0.485361 0.609173 0.486814 0.605210 0.487431 0.600309 0.487363 0.595438 0.486493 0.592064 0.485624 0.588691 0.484220 0.586316 0.482405 0.583959 0.481022 0.583045 0.478950 0.581918
1 0.792381 0.558970 0.789514 0.559827 0.786935 0.561646 0.785328 0.564398 0.784143 0.567861 0.783375 0.571794 0.783169 0.576677 0.783230 0.581061 0.783825 0.584447 0.784695 0.587820 0.786376 0.590427 0.789153 0.592985 0.792061 0.595050 0.794927 0.594193 0.797369 0.592380 0.799247 0.589373 0.800573 0.586147 0.802025 0.582184 0.802642 0.577282 0.802575 0.572412 0.801705 0.569038 0.800836 0.565665 0.799432 0.563290 0.797617 0.560932 0.796233 0.560019 0.794162 0.558891
1 0.532658 0.577061 0.529791 0.577919 0.527212 0.579738 0.525605 0.582489 0.524420 0.585953 0.523652 0.589886 0.523446 0.594769 0.523507 0.599153 0.524102 0.602538 0.524972 0.605912 0.526653 0.608518 0.529430 0.611077 0.532338 0.613142 0.535204 0.612285 0.537646 0.610472 0.539524 0.607465 0.540849 0.604238 0.542302 0.600275 0.542919 0.595374 0.542851 0.590503 0.541982 0.587130 0.541113 0.583756 0.539709 0.581381 0.537894 0.579024 0.536510 0.578110 0.534439 0.576983
0 0.807626 0.253690 0.835589 0.252051 0.838535 0.398370 0.873869 0.397866 0.875576 0.520449 0.833824 0.522287 0.832910 0.453362 0.809372 0.454314
0 0.938946 0.248309 0.963853 0.247952 0.966063 0.442991 0.943383 0.445449 0.945490 0.513399 0.905509 0.517223 0.903173 0.394964 0.939973 0.392895
0 0.547746 0.267980 0.577080 0.267088 0.580049 0.415018 0.617186 0.413628 0.618892 0.536212 0.577141 0.538049 0.574900 0.471603 0.550908 0.472575
0 0.286662 0.289834 0.311383 0.288183 0.313392 0.432467 0.353238 0.430151 0.354944 0.552735 0.313193 0.554572 0.311589 0.484873 0.289125 0.486425
0 0.158360 0.302554 0.183940 0.298144 0.195362 0.496236 0.172102 0.498720 0.173049 0.566721 0.131297 0.568558 0.128962 0.446298 0.163546 0.444893
0 0.420070 0.277987 0.447961 0.274967 0.454976 0.477489 0.430355 0.480032 0.431302 0.548033 0.389550 0.549871 0.387215 0.427611 0.424014 0.425543
0 0.683390 0.259797 0.713826 0.257713 0.717080 0.462578 0.693797 0.463450 0.694710 0.529032 0.651156 0.531756 0.648821 0.409496 0.685620 0.407428
0 0.035674 0.310316 0.058627 0.308743 0.060636 0.453027 0.100482 0.450711 0.102189 0.573295 0.060437 0.575132 0.058834 0.505433 0.038138 0.506907
