1 0.219282 0.595591 0.217786 0.600380 0.217410 0.605391 0.217692 0.609401 0.218162 0.613410 0.219384 0.615749 0.220887 0.618422 0.222485 0.620594 0.224176 0.621596 0.226244 0.622265 0.228405 0.621262 0.229721 0.620093 0.231506 0.618088 0.232728 0.615749 0.233891 0.613229 0.234447 0.609310 0.234541 0.605120 0.233934 0.600651 0.232857 0.596308 0.231318 0.594031 0.229671 0.592165 0.227204 0.590459 0.224875 0.590459 0.222819 0.591434 0.221312 0.592895
1 0.747007 0.575363 0.744129 0.576094 0.741525 0.577800 0.739881 0.580479 0.738647 0.583890 0.737825 0.587788 0.737551 0.592660 0.737551 0.597045 0.738099 0.600456 0.738922 0.603867 0.740566 0.606547 0.743307 0.609226 0.746184 0.611419 0.749062 0.610688 0.751529 0.608983 0.753447 0.606059 0.754818 0.602892 0.756325 0.598994 0.757010 0.594122 0.757010 0.589250 0.756188 0.585839 0.755366 0.582428 0.753995 0.579992 0.752214 0.577556 0.750844 0.576581 0.748788 0.575363
1 0.279689 0.586244 0.276811 0.586975 0.274208 0.588680 0.272563 0.591360 0.271330 0.594770 0.270508 0.598668 0.270234 0.603541 0.270234 0.607926 0.270782 0.611337 0.271604 0.614747 0.273248 0.617427 0.275989 0.620107 0.278867 0.622299 0.281745 0.621569 0.284211 0.619863 0.286130 0.616940 0.287500 0.613773 0.289007 0.609875 0.289693 0.605002 0.289693 0.600130 0.288870 0.596719 0.288048 0.593309 0.286678 0.590873 0.284896 0.588436 0.283526 0.587462 0.281470 0.586244
1 0.486649 0.580966 0.483771 0.581697 0.481167 0.583403 0.479523 0.586082 0.478289 0.589493 0.477467 0.593391 0.477193 0.598263 0.477193 0.602649 0.477741 0.606059 0.478564 0.609470 0.480208 0.612150 0.482949 0.614830 0.485826 0.617022 0.488704 0.616291 0.491171 0.614586 0.493089 0.611662 0.494460 0.608495 0.495967 0.604598 0.496652 0.599725 0.496652 0.594853 0.495830 0.591442 0.495008 0.588031 0.493637 0.585595 0.491856 0.583159 0.490486 0.582185 0.488430 0.580966
1 0.801495 0.573911 0.798617 0.574641 0.796013 0.576347 0.794369 0.579027 0.793135 0.582437 0.792313 0.586335 0.792039 0.591207 0.792039 0.595593 0.792587 0.599003 0.793409 0.602414 0.795054 0.605094 0.797795 0.607774 0.800672 0.609966 0.803550 0.609235 0.806017 0.607530 0.807935 0.604607 0.809306 0.601439 0.810813 0.597542 0.811498 0.592669 0.811498 0.587797 0.810676 0.584386 0.809854 0.580975 0.808483 0.578539 0.806702 0.576103 0.805332 0.575129 0.803276 0.573911
1 0.542779 0.580571 0.539901 0.581302 0.537297 0.583007 0.535653 0.585687 0.534419 0.589098 0.533597 0.592996 0.533323 0.597868 0.533323 0.602253 0.533871 0.605664 0.534693 0.609075 0.536338 0.611754 0.539079 0.614434 0.541956 0.616627 0.544834 0.615896 0.547301 0.614190 0.549219 0.611267 0.550590 0.608100 0.552097 0.604202 0.552782 0.599330 0.552782 0.594457 0.551960 0.591047 0.551138 0.587636 0.549767 0.585200 0.547986 0.582764 0.546616 0.581789 0.544560 0.580571
0 0.820159 0.267298 0.848136 0.266890 0.849045 0.413294 0.884375 0.414344 0.884375 0.536965 0.842610 0.536965 0.842656 0.468021 0.819112 0.467938
0 0.942315 0.267696 0.967220 0.268435 0.966714 0.463511 0.944006 0.464971 0.945167 0.532993 0.905145 0.535057 0.904512 0.412732 0.941329 0.412283
0 0.560985 0.270151 0.590323 0.270550 0.591232 0.418566 0.628376 0.418810 0.628376 0.541431 0.586612 0.541431 0.585296 0.474906 0.561299 0.474823
0 0.298497 0.277368 0.326182 0.276805 0.326772 0.426375 0.366048 0.425813 0.366048 0.548434 0.324284 0.548434 0.323651 0.478686 0.299993 0.480297
0 0.171827 0.281295 0.200998 0.280109 0.204943 0.483884 0.184013 0.484295 0.184013 0.552317 0.139890 0.553366 0.139257 0.431040 0.176210 0.431156
0 0.433799 0.276636 0.461724 0.274843 0.465917 0.477611 0.441268 0.479071 0.441268 0.547093 0.399504 0.547093 0.398871 0.424768 0.435688 0.424319
0 0.696112 0.268986 0.726568 0.268242 0.726969 0.473188 0.703681 0.473034 0.703681 0.538637 0.660102 0.539444 0.659470 0.417119 0.696287 0.416670
0 0.048481 0.287851 0.070269 0.287288 0.072628 0.435810 0.110135 0.435247 0.110135 0.557869 0.068371 0.557869 0.067738 0.488121 0.047028 0.488683
