1 0.788384 0.593494 0.789879 0.598283 0.790255 0.603295 0.789973 0.607304 0.789503 0.611314 0.788282 0.613653 0.786778 0.616326 0.785181 0.618497 0.783489 0.619500 0.781422 0.620168 0.779260 0.619166 0.777945 0.617996 0.776159 0.615992 0.774938 0.613653 0.773775 0.611133 0.773219 0.607214 0.773125 0.603023 0.773732 0.598555 0.774808 0.594211 0.776347 0.591935 0.777995 0.590068 0.780461 0.588363 0.782791 0.588363 0.784846 0.589337 0.786354 0.590799
1 0.261249 0.575363 0.264126 0.576094 0.266730 0.577800 0.268374 0.580479 0.269608 0.583890 0.270430 0.587788 0.270704 0.592660 0.270704 0.597045 0.270156 0.600456 0.269334 0.603867 0.267689 0.606547 0.264949 0.609226 0.262071 0.611419 0.259193 0.610688 0.256726 0.608983 0.254808 0.606059 0.253438 0.602892 0.251930 0.598994 0.251245 0.594122 0.251245 0.589250 0.252067 0.585839 0.252889 0.582428 0.254260 0.579992 0.256041 0.577556 0.257412 0.576581 0.259467 0.575363
1 0.727387 0.585196 0.730265 0.585926 0.732868 0.587632 0.734513 0.590312 0.735746 0.593722 0.736568 0.597620 0.736842 0.602492 0.736842 0.606878 0.736294 0.610288 0.735472 0.613699 0.733828 0.616379 0.731087 0.619059 0.728209 0.621251 0.725331 0.620520 0.722865 0.618815 0.720946 0.615892 0.719576 0.612724 0.718068 0.608827 0.717383 0.603954 0.717383 0.599082 0.718206 0.595671 0.719028 0.592260 0.720398 0.589824 0.722180 0.587388 0.723550 0.586414 0.725605 0.585196
1 0.521607 0.580966 0.524484 0.581697 0.527088 0.583403 0.528732 0.586082 0.529966 0.589493 0.530788 0.593391 0.531062 0.598263 0.531062 0.602649 0.530514 0.606059 0.529692 0.609470 0.528047 0.612150 0.525307 0.614830 0.522429 0.617022 0.519551 0.616291 0.517084 0.614586 0.515166 0.611662 0.513796 0.608495 0.512288 0.604598 0.511603 0.599725 0.511603 0.594853 0.512425 0.591442 0.513247 0.588031 0.514618 0.585595 0.516399 0.583159 0.517770 0.582185 0.519825 0.580966
1 0.206761 0.573911 0.209638 0.574641 0.212242 0.576347 0.213887 0.579027 0.215120 0.582437 0.215942 0.586335 0.216216 0.591207 0.216216 0.595593 0.215668 0.599003 0.214846 0.602414 0.213201 0.605094 0.210461 0.607774 0.207583 0.609966 0.204705 0.609235 0.202239 0.607530 0.200320 0.604607 0.198950 0.601439 0.197442 0.597542 0.196757 0.592669 0.196757 0.587797 0.197579 0.584386 0.198402 0.580975 0.199772 0.578539 0.201553 0.576103 0.202924 0.575129 0.204979 0.573911
1 0.466656 0.579523 0.469534 0.580254 0.472137 0.581959 0.473782 0.584639 0.475015 0.588049 0.475837 0.591947 0.476111 0.596820 0.476111 0.601205 0.475563 0.604616 0.474741 0.608026 0.473097 0.610706 0.470356 0.613386 0.467478 0.615578 0.464600 0.614848 0.462134 0.613142 0.460215 0.610219 0.458845 0.607052 0.457338 0.603154 0.456652 0.598281 0.456652 0.593409 0.457475 0.589998 0.458297 0.586588 0.459667 0.584152 0.461449 0.581715 0.462819 0.580741 0.464875 0.579523
0 0.189040 0.267298 0.161063 0.266890 0.160154 0.413294 0.124824 0.414344 0.124824 0.536965 0.166588 0.536965 0.166543 0.468021 0.190087 0.467938
0 0.057685 0.267696 0.032780 0.268435 0.033286 0.463511 0.055994 0.464971 0.054833 0.532993 0.094855 0.535057 0.095488 0.412732 0.058671 0.412283
0 0.446680 0.270151 0.417343 0.270550 0.416434 0.418566 0.379289 0.418810 0.379289 0.541431 0.421054 0.541431 0.422369 0.474906 0.446367 0.474823
0 0.708579 0.279464 0.682073 0.277854 0.682663 0.427423 0.642797 0.426861 0.642797 0.549482 0.684561 0.549482 0.685194 0.479734 0.707673 0.480297
0 0.835839 0.282343 0.808437 0.282206 0.802133 0.482836 0.825421 0.484295 0.825421 0.552317 0.867186 0.552317 0.867819 0.429992 0.833225 0.430108
0 0.572098 0.259863 0.546532 0.259118 0.542928 0.475515 0.567577 0.476974 0.567577 0.544997 0.609341 0.544997 0.609974 0.422671 0.573157 0.422223
0 0.313323 0.267938 0.282867 0.267193 0.282465 0.472139 0.305753 0.471986 0.305753 0.537589 0.349332 0.538395 0.349965 0.416070 0.313148 0.415622
0 0.959774 0.289947 0.936217 0.289385 0.935628 0.433713 0.896941 0.433151 0.896941 0.555772 0.938705 0.555772 0.939338 0.486024 0.960048 0.485538
