1 0.791332 0.593494 0.792828 0.598283 0.793203 0.603295 0.792922 0.607304 0.792452 0.611314 0.791230 0.613653 0.789726 0.616326 0.788129 0.618497 0.786437 0.619500 0.784370 0.620168 0.782209 0.619166 0.780893 0.617996 0.779108 0.615992 0.777886 0.613653 0.776723 0.611133 0.776167 0.607214 0.776073 0.603023 0.776680 0.598555 0.777757 0.594211 0.779296 0.591935 0.780943 0.590068 0.783410 0.588363 0.785739 0.588363 0.787795 0.589337 0.789302 0.590799
1 0.263607 0.573267 0.266485 0.573998 0.269089 0.575703 0.270733 0.578383 0.271966 0.581793 0.272789 0.585691 0.273063 0.590564 0.273063 0.594949 0.272515 0.598360 0.271692 0.601770 0.270048 0.604450 0.267307 0.607130 0.264429 0.609322 0.261552 0.608592 0.259085 0.606886 0.257167 0.603963 0.255796 0.600796 0.254289 0.596898 0.253604 0.592025 0.253604 0.587153 0.254426 0.583742 0.255248 0.580332 0.256618 0.577896 0.258400 0.575459 0.259770 0.574485 0.261826 0.573267
1 0.730335 0.585196 0.733213 0.585926 0.735817 0.587632 0.737461 0.590312 0.738694 0.593722 0.739517 0.597620 0.739791 0.602492 0.739791 0.606878 0.739243 0.610288 0.738420 0.613699 0.736776 0.616379 0.734035 0.619059 0.731157 0.621251 0.728280 0.620520 0.725813 0.618815 0.723895 0.615892 0.722524 0.612724 0.721017 0.608827 0.720332 0.603954 0.720332 0.599082 0.721154 0.595671 0.721976 0.592260 0.723346 0.589824 0.725128 0.587388 0.726498 0.586414 0.728554 0.585196
1 0.523965 0.580966 0.526843 0.581697 0.529447 0.583403 0.531091 0.586082 0.532324 0.589493 0.533147 0.593391 0.533421 0.598263 0.533421 0.602649 0.532873 0.606059 0.532050 0.609470 0.530406 0.612150 0.527665 0.614830 0.524787 0.617022 0.521910 0.616291 0.519443 0.614586 0.517525 0.611662 0.516154 0.608495 0.514647 0.604598 0.513962 0.599725 0.513962 0.594853 0.514784 0.591442 0.515606 0.588031 0.516976 0.585595 0.518758 0.583159 0.520128 0.582185 0.522184 0.580966
1 0.208530 0.571814 0.211407 0.572545 0.214011 0.574250 0.215656 0.576930 0.216889 0.580341 0.217711 0.584239 0.217985 0.589111 0.217985 0.593496 0.217437 0.596907 0.216615 0.600317 0.214970 0.602997 0.212230 0.605677 0.209352 0.607870 0.206474 0.607139 0.204007 0.605433 0.202089 0.602510 0.200719 0.599343 0.199211 0.595445 0.198526 0.590573 0.198526 0.585700 0.199348 0.582290 0.200170 0.578879 0.201541 0.576443 0.203322 0.574007 0.204693 0.573032 0.206748 0.571814
1 0.468425 0.578475 0.471303 0.579205 0.473906 0.580911 0.475551 0.583591 0.476784 0.587001 0.477606 0.590899 0.477880 0.595771 0.477880 0.600157 0.477332 0.603567 0.476510 0.606978 0.474866 0.609658 0.472125 0.612338 0.469247 0.614530 0.466369 0.613799 0.463903 0.612094 0.461984 0.609170 0.460614 0.606003 0.459107 0.602106 0.458421 0.597233 0.458421 0.592361 0.459244 0.588950 0.460066 0.585539 0.461436 0.583103 0.463218 0.580667 0.464588 0.579693 0.466644 0.578475
0 0.189040 0.267298 0.161063 0.266890 0.160154 0.413294 0.124824 0.414344 0.124824 0.536965 0.166588 0.536965 0.166543 0.468021 0.190087 0.467938
0 0.057685 0.267696 0.032780 0.268435 0.033286 0.463511 0.055994 0.464971 0.054833 0.532993 0.094855 0.535057 0.095488 0.412732 0.058671 0.412283
0 0.449039 0.270151 0.419701 0.270550 0.418793 0.418566 0.381648 0.418810 0.381648 0.541431 0.423412 0.541431 0.424728 0.474906 0.448725 0.474823
0 0.710348 0.280513 0.685611 0.279950 0.685611 0.424278 0.645745 0.423716 0.645745 0.546337 0.687510 0.546337 0.688142 0.476589 0.710621 0.477152
0 0.838787 0.287585 0.813154 0.284302 0.804492 0.482836 0.827780 0.484295 0.827780 0.552317 0.869544 0.552317 0.870177 0.429992 0.835583 0.430108
0 0.576815 0.274539 0.548890 0.272746 0.544697 0.475515 0.569346 0.476974 0.569346 0.544997 0.611110 0.544997 0.611743 0.422671 0.574926 0.422223
0 0.313323 0.267938 0.282867 0.267193 0.282465 0.472139 0.305753 0.471986 0.305753 0.537589 0.349332 0.538395 0.349965 0.416070 0.313148 0.415622
0 0.961543 0.289947 0.938576 0.289385 0.938576 0.433713 0.898710 0.433151 0.898710 0.555772 0.940474 0.555772 0.941107 0.486024 0.961817 0.486587
