1 0.781961 0.593168 0.783456 0.597957 0.783832 0.602969 0.783550 0.606979 0.783080 0.610988 0.781859 0.613327 0.780355 0.616000 0.778758 0.618172 0.777066 0.619174 0.774999 0.619842 0.772837 0.618840 0.771522 0.617671 0.769736 0.615666 0.768515 0.613327 0.767352 0.610807 0.766796 0.606888 0.766702 0.602698 0.767309 0.598229 0.768386 0.593885 0.769924 0.591609 0.771572 0.589742 0.774038 0.588037 0.776368 0.588037 0.778423 0.589011 0.779931 0.590473
1 0.263479 0.580956 0.266357 0.581687 0.268960 0.583393 0.270605 0.586072 0.271838 0.589483 0.272660 0.593381 0.272934 0.598253 0.272934 0.602639 0.272386 0.606049 0.271564 0.609460 0.269920 0.612140 0.267179 0.614820 0.264301 0.617012 0.261423 0.616281 0.258957 0.614576 0.257038 0.611652 0.255668 0.608485 0.254161 0.604588 0.253475 0.599715 0.253475 0.594843 0.254298 0.591432 0.255120 0.588021 0.256490 0.585585 0.258272 0.583149 0.259642 0.582175 0.261698 0.580956
1 0.722211 0.584756 0.725089 0.585487 0.727692 0.587192 0.729337 0.589872 0.730570 0.593282 0.731392 0.597180 0.731666 0.602053 0.731666 0.606438 0.731118 0.609848 0.730296 0.613259 0.728652 0.615939 0.725911 0.618619 0.723033 0.620811 0.720155 0.620080 0.717689 0.618375 0.715770 0.615452 0.714400 0.612285 0.712892 0.608387 0.712207 0.603514 0.712207 0.598642 0.713030 0.595231 0.713852 0.591821 0.715222 0.589385 0.717004 0.586948 0.718374 0.585974 0.720429 0.584756
1 0.520153 0.582158 0.523031 0.582888 0.525635 0.584594 0.527279 0.587274 0.528513 0.590684 0.529335 0.594582 0.529609 0.599454 0.529609 0.603840 0.529061 0.607250 0.528238 0.610661 0.526594 0.613341 0.523853 0.616021 0.520976 0.618213 0.518098 0.617482 0.515631 0.615777 0.513713 0.612854 0.512342 0.609686 0.510835 0.605789 0.510150 0.600916 0.510150 0.596044 0.510972 0.592633 0.511794 0.589222 0.513165 0.586786 0.514946 0.584350 0.516316 0.583376 0.518372 0.582158
1 0.211124 0.579945 0.214002 0.580676 0.216605 0.582381 0.218250 0.585061 0.219483 0.588471 0.220305 0.592369 0.220580 0.597242 0.220580 0.601627 0.220031 0.605038 0.219209 0.608448 0.217565 0.611128 0.214824 0.613808 0.211946 0.616000 0.209069 0.615270 0.206602 0.613564 0.204683 0.610641 0.203313 0.607474 0.201806 0.603576 0.201120 0.598703 0.201120 0.593831 0.201943 0.590420 0.202765 0.587010 0.204135 0.584574 0.205917 0.582137 0.207287 0.581163 0.209343 0.579945
1 0.465301 0.583252 0.468179 0.583983 0.470782 0.585689 0.472427 0.588368 0.473660 0.591779 0.474482 0.595677 0.474756 0.600549 0.474756 0.604935 0.474208 0.608345 0.473386 0.611756 0.471742 0.614436 0.469001 0.617115 0.466123 0.619308 0.463245 0.618577 0.460779 0.616872 0.458860 0.613948 0.457490 0.610781 0.455983 0.606883 0.455297 0.602011 0.455297 0.597139 0.456120 0.593728 0.456942 0.590317 0.458312 0.587881 0.460094 0.585445 0.461464 0.584471 0.463520 0.583252
0 0.191130 0.280281 0.164708 0.280104 0.165263 0.424662 0.127665 0.424100 0.127665 0.546721 0.169429 0.546721 0.169384 0.477777 0.192280 0.477118
0 0.064341 0.282751 0.036326 0.282107 0.036996 0.475339 0.058343 0.476799 0.058542 0.544821 0.098565 0.546885 0.099198 0.424560 0.062381 0.424111
0 0.446332 0.277876 0.416994 0.278275 0.416086 0.426291 0.378941 0.426535 0.378941 0.549156 0.420706 0.549156 0.422021 0.482631 0.446019 0.482548
0 0.701517 0.284274 0.675560 0.284952 0.675483 0.430148 0.638269 0.429586 0.638269 0.552207 0.678637 0.550967 0.679270 0.483080 0.701958 0.483022
0 0.825489 0.287172 0.799212 0.284374 0.794422 0.485232 0.817841 0.485611 0.817896 0.553019 0.859474 0.554713 0.860107 0.432388 0.823155 0.432504
0 0.569973 0.281796 0.543443 0.281244 0.539913 0.481283 0.563864 0.481503 0.563864 0.549525 0.605629 0.549525 0.606261 0.427199 0.567630 0.425945
0 0.313195 0.277759 0.282740 0.277015 0.282338 0.481961 0.305626 0.481808 0.305626 0.547410 0.349205 0.548217 0.349838 0.425892 0.313021 0.425443
0 0.949421 0.293121 0.924511 0.292535 0.925101 0.435365 0.887593 0.434802 0.887593 0.557424 0.929358 0.557424 0.929990 0.487676 0.950700 0.485616
