1 0.235116 0.714351 0.234307 0.719637 0.234616 0.724663 0.235429 0.728437 0.236424 0.732130 0.237925 0.733882 0.239744 0.735839 0.241587 0.737269 0.243364 0.737524 0.245462 0.737294 0.247426 0.735402 0.248546 0.733708 0.250010 0.731003 0.250882 0.728212 0.251672 0.725271 0.251685 0.721230 0.251213 0.717121 0.250023 0.713039 0.248394 0.709279 0.246593 0.707723 0.244743 0.706610 0.242119 0.706002 0.239856 0.706992 0.237991 0.708812 0.236724 0.710871
1 0.744254 0.470733 0.741558 0.472665 0.739259 0.475427 0.738023 0.478728 0.737284 0.482564 0.737009 0.486698 0.737398 0.491546 0.737988 0.495804 0.738978 0.498883 0.740235 0.501845 0.742192 0.503749 0.745214 0.505186 0.748303 0.506093 0.750999 0.504160 0.753165 0.501456 0.754635 0.497802 0.755540 0.494145 0.756479 0.489719 0.756490 0.484697 0.755835 0.479966 0.754578 0.477003 0.753321 0.474041 0.751663 0.472258 0.749605 0.470649 0.748144 0.470285 0.745984 0.469976
1 0.293801 0.680125 0.291105 0.682058 0.288806 0.684820 0.287570 0.688121 0.286831 0.691957 0.286557 0.696091 0.286945 0.700939 0.287535 0.705197 0.288526 0.708276 0.289783 0.711238 0.291740 0.713141 0.294761 0.714579 0.297850 0.715485 0.300546 0.713553 0.302712 0.710849 0.304182 0.707195 0.305087 0.703538 0.306027 0.699112 0.306037 0.694090 0.305382 0.689359 0.304125 0.686396 0.302868 0.683434 0.301210 0.681650 0.299153 0.680042 0.297691 0.679678 0.295531 0.679368
1 0.492477 0.588834 0.489781 0.590767 0.487482 0.593529 0.486245 0.596830 0.485506 0.600665 0.485232 0.604800 0.485621 0.609647 0.486210 0.613905 0.487201 0.616984 0.488458 0.619947 0.490415 0.621850 0.493437 0.623288 0.496526 0.624194 0.499222 0.622262 0.501388 0.619558 0.502858 0.615904 0.503762 0.612246 0.504702 0.607821 0.504712 0.602799 0.504057 0.598068 0.502800 0.595105 0.501544 0.592143 0.499885 0.590359 0.497828 0.588751 0.496366 0.588387 0.494207 0.588077
1 0.795822 0.446671 0.793126 0.448604 0.790827 0.451366 0.789591 0.454667 0.788852 0.458503 0.788578 0.462637 0.788966 0.467485 0.789556 0.471743 0.790547 0.474821 0.791804 0.477784 0.793761 0.479687 0.796782 0.481125 0.799871 0.482031 0.802568 0.480099 0.804733 0.477395 0.806203 0.473741 0.807108 0.470084 0.808048 0.465658 0.808058 0.460636 0.807403 0.455905 0.806146 0.452942 0.804889 0.449980 0.803231 0.448196 0.801174 0.446588 0.799712 0.446224 0.797552 0.445914
1 0.546072 0.562816 0.543376 0.564748 0.541077 0.567510 0.539841 0.570811 0.539102 0.574647 0.538827 0.578781 0.539216 0.583629 0.539806 0.587887 0.540797 0.590966 0.542054 0.593928 0.544011 0.595832 0.547032 0.597269 0.550121 0.598176 0.552817 0.596243 0.554983 0.593539 0.556453 0.589885 0.557358 0.586228 0.558298 0.581802 0.558308 0.576780 0.557653 0.572049 0.556396 0.569086 0.555139 0.566124 0.553481 0.564341 0.551424 0.562732 0.549962 0.562368 0.547802 0.562059
0 0.773809 0.142699 0.800920 0.130416 0.821485 0.272191 0.855932 0.258199 0.872417 0.377266 0.831863 0.395012 0.822639 0.328047 0.799766 0.337970
0 0.899983 0.085739 0.924265 0.075875 0.950000 0.265512 0.928147 0.276578 0.938419 0.342135 0.899834 0.361145 0.882774 0.242634 0.918464 0.226555
0 0.521587 0.254925 0.550128 0.242846 0.570910 0.386186 0.607011 0.370641 0.623496 0.489708 0.582942 0.507454 0.572721 0.443416 0.549408 0.453532
0 0.271676 0.376031 0.295620 0.364974 0.315023 0.505119 0.353658 0.487634 0.370143 0.606702 0.329589 0.624447 0.319598 0.556990 0.297846 0.567087
0 0.149636 0.432397 0.175512 0.419853 0.205170 0.613493 0.184902 0.622786 0.194047 0.688836 0.151344 0.708602 0.134284 0.590091 0.170181 0.574503
0 0.399249 0.312976 0.426124 0.299370 0.457455 0.494480 0.433717 0.506371 0.442862 0.572421 0.402308 0.590167 0.385248 0.471656 0.420938 0.455577
0 0.652782 0.197397 0.682255 0.183733 0.710198 0.382569 0.687564 0.392315 0.696384 0.456017 0.654176 0.475316 0.637116 0.356805 0.672806 0.340726
0 0.026888 0.489622 0.049828 0.480084 0.070658 0.621764 0.107003 0.605281 0.123488 0.724349 0.082934 0.742094 0.072943 0.674637 0.052909 0.683982
