1 0.200744 0.464780 0.198641 0.468784 0.197595 0.473486 0.197323 0.477497 0.197234 0.481590 0.198101 0.484385 0.199196 0.487625 0.200451 0.490419 0.201956 0.492118 0.203871 0.493656 0.206105 0.493612 0.207540 0.493043 0.209545 0.491865 0.211049 0.490121 0.212520 0.488176 0.213593 0.484612 0.214254 0.480586 0.214273 0.475989 0.213819 0.471312 0.212635 0.468441 0.211291 0.465922 0.209129 0.463207 0.206869 0.462205 0.204742 0.462267 0.203080 0.463038
1 0.714896 0.672718 0.712004 0.672190 0.709246 0.672725 0.707285 0.674619 0.705625 0.677398 0.704297 0.680827 0.703368 0.685437 0.702772 0.689692 0.702840 0.693237 0.703174 0.696900 0.704405 0.700207 0.706700 0.703985 0.709194 0.707350 0.712085 0.707878 0.714711 0.707283 0.716970 0.705271 0.718731 0.702787 0.720723 0.699653 0.722051 0.695220 0.722714 0.690492 0.722380 0.686829 0.722046 0.683166 0.721047 0.680213 0.719650 0.677084 0.718453 0.675549 0.716624 0.673484
1 0.260660 0.481769 0.257768 0.481241 0.255010 0.481776 0.253050 0.483670 0.251389 0.486449 0.250061 0.489878 0.249133 0.494488 0.248536 0.498743 0.248604 0.502288 0.248938 0.505951 0.250169 0.509258 0.252464 0.513036 0.254958 0.516401 0.257850 0.516929 0.260475 0.516334 0.262735 0.514322 0.264495 0.511838 0.266488 0.508704 0.267815 0.504271 0.268478 0.499543 0.268144 0.495880 0.267810 0.492217 0.266812 0.489264 0.265415 0.486135 0.264218 0.484600 0.262389 0.482534
1 0.460817 0.567088 0.457926 0.566560 0.455167 0.567095 0.453207 0.568988 0.451547 0.571768 0.450219 0.575197 0.449290 0.579807 0.448693 0.584062 0.448761 0.587607 0.449095 0.591270 0.450327 0.594577 0.452621 0.598355 0.455116 0.601720 0.458007 0.602248 0.460633 0.601653 0.462892 0.599641 0.464652 0.597157 0.466645 0.594023 0.467973 0.589590 0.468635 0.584862 0.468302 0.581199 0.467968 0.577536 0.466969 0.574583 0.465572 0.571454 0.464375 0.569919 0.462546 0.567853
1 0.767606 0.693569 0.764714 0.693041 0.761956 0.693576 0.759996 0.695470 0.758335 0.698249 0.757007 0.701678 0.756078 0.706288 0.755482 0.710543 0.755550 0.714088 0.755884 0.717751 0.757115 0.721058 0.759410 0.724836 0.761904 0.728201 0.764796 0.728729 0.767421 0.728134 0.769680 0.726122 0.771441 0.723638 0.773434 0.720504 0.774761 0.716071 0.775424 0.711343 0.775090 0.707680 0.774756 0.704017 0.773758 0.701064 0.772361 0.697935 0.771163 0.696400 0.769334 0.694334
1 0.515048 0.588545 0.512157 0.588017 0.509398 0.588552 0.507438 0.590446 0.505778 0.593225 0.504450 0.596654 0.503521 0.601264 0.502925 0.605519 0.502993 0.609064 0.503326 0.612727 0.504558 0.616034 0.506852 0.619812 0.509347 0.623177 0.512238 0.623705 0.514864 0.623111 0.517123 0.621099 0.518883 0.618615 0.520876 0.615480 0.522204 0.611047 0.522866 0.606319 0.522533 0.602656 0.522199 0.598993 0.521200 0.596040 0.519803 0.592911 0.518606 0.591376 0.516777 0.589311
0 0.828468 0.406703 0.855670 0.418334 0.835214 0.559435 0.871164 0.574233 0.854099 0.695973 0.813574 0.678019 0.822996 0.611141 0.800161 0.600939
0 0.956402 0.463791 0.980467 0.475213 0.953443 0.664283 0.931211 0.655938 0.923085 0.722441 0.883969 0.707239 0.899993 0.588272 0.935779 0.603663
0 0.576859 0.298175 0.605272 0.311174 0.586021 0.455188 0.622030 0.471392 0.605352 0.590375 0.564827 0.572421 0.572599 0.507305 0.549325 0.496909
0 0.320452 0.192975 0.347396 0.204332 0.327050 0.347503 0.365810 0.364095 0.349131 0.483077 0.308606 0.465124 0.317479 0.397174 0.293899 0.388290
0 0.197389 0.143828 0.223192 0.151876 0.203445 0.350931 0.180650 0.342336 0.171398 0.408340 0.130873 0.390386 0.146897 0.271419 0.180448 0.286403
0 0.451268 0.248215 0.478608 0.258480 0.455097 0.457034 0.430981 0.447854 0.421729 0.513858 0.381204 0.495904 0.397228 0.376937 0.433014 0.392329
0 0.707918 0.352953 0.737572 0.365323 0.710085 0.564359 0.687509 0.554200 0.678586 0.617856 0.636191 0.599905 0.652215 0.480938 0.688001 0.496329
0 0.077148 0.097271 0.099510 0.106599 0.079879 0.246644 0.118639 0.263236 0.101960 0.382218 0.061435 0.364265 0.070308 0.296315 0.050137 0.287958
