1 0.214004 0.462107 0.211870 0.466058 0.210787 0.470734 0.210483 0.474738 0.210362 0.478828 0.211207 0.481644 0.212277 0.484911 0.213510 0.487736 0.215001 0.489472 0.216904 0.491057 0.219138 0.491069 0.220578 0.490535 0.222592 0.489407 0.224109 0.487700 0.225595 0.485792 0.226696 0.482255 0.227388 0.478246 0.227443 0.473650 0.227026 0.468962 0.225865 0.466062 0.224540 0.463510 0.222400 0.460741 0.220148 0.459684 0.218020 0.459693 0.216353 0.460422
1 0.717057 0.685624 0.714170 0.685024 0.711407 0.685491 0.709433 0.687336 0.707750 0.690074 0.706396 0.693469 0.705431 0.698056 0.704801 0.702296 0.704841 0.705842 0.705147 0.709513 0.706352 0.712850 0.708617 0.716685 0.711084 0.720111 0.713972 0.720711 0.716601 0.720182 0.718876 0.718226 0.720656 0.715786 0.722673 0.712701 0.724035 0.708301 0.724735 0.703590 0.724430 0.699919 0.724125 0.696249 0.723150 0.693271 0.721777 0.690107 0.720592 0.688543 0.718779 0.686432
1 0.272981 0.481092 0.270094 0.480492 0.267332 0.480960 0.265357 0.482804 0.263675 0.485542 0.262320 0.488938 0.261355 0.493524 0.260725 0.497764 0.260766 0.501310 0.261071 0.504981 0.262276 0.508319 0.264541 0.512153 0.267008 0.515580 0.269896 0.516179 0.272526 0.515650 0.274800 0.513694 0.276580 0.511254 0.278597 0.508169 0.279960 0.503769 0.280659 0.499058 0.280354 0.495388 0.280049 0.491717 0.279074 0.488739 0.277701 0.485575 0.276516 0.484011 0.274704 0.481900
1 0.468716 0.570288 0.465829 0.569688 0.463066 0.570155 0.461092 0.572000 0.459409 0.574738 0.458055 0.578134 0.457090 0.582720 0.456460 0.586960 0.456500 0.590506 0.456806 0.594177 0.458011 0.597515 0.460276 0.601349 0.462743 0.604775 0.465631 0.605375 0.468260 0.604846 0.470535 0.602890 0.472315 0.600450 0.474332 0.597365 0.475694 0.592965 0.476394 0.588254 0.476089 0.584584 0.475784 0.580913 0.474809 0.577935 0.473436 0.574771 0.472251 0.573207 0.470438 0.571096
1 0.767822 0.708408 0.764935 0.707808 0.762173 0.708276 0.760198 0.710120 0.758516 0.712858 0.757161 0.716254 0.756196 0.720840 0.755566 0.725080 0.755607 0.728626 0.755912 0.732297 0.757117 0.735635 0.759382 0.739470 0.761849 0.742896 0.764737 0.743495 0.767367 0.742966 0.769641 0.741010 0.771421 0.738570 0.773438 0.735485 0.774800 0.731085 0.775500 0.726374 0.775195 0.722704 0.774890 0.719033 0.773915 0.716055 0.772542 0.712891 0.771357 0.711327 0.769545 0.709217
1 0.521593 0.596242 0.518706 0.595643 0.515944 0.596110 0.513969 0.597955 0.512287 0.600693 0.510932 0.604088 0.509967 0.608675 0.509338 0.612914 0.509378 0.616461 0.509683 0.620132 0.510888 0.623469 0.513153 0.627304 0.515621 0.630730 0.518508 0.631329 0.521138 0.630800 0.523412 0.628844 0.525192 0.626404 0.527209 0.623320 0.528572 0.618920 0.529271 0.614209 0.528966 0.610538 0.528661 0.606867 0.527686 0.603890 0.526313 0.600726 0.525128 0.599162 0.523316 0.597051
0 0.830188 0.427749 0.855760 0.439570 0.834463 0.579086 0.870896 0.595607 0.853287 0.714165 0.812906 0.695210 0.822851 0.628571 0.800809 0.617542
0 0.952420 0.487683 0.979599 0.499776 0.951202 0.686300 0.930353 0.678023 0.920392 0.743700 0.881399 0.727531 0.898354 0.608972 0.934015 0.625249
0 0.583788 0.309595 0.612096 0.323296 0.591719 0.466820 0.627597 0.483914 0.609988 0.602472 0.569607 0.583516 0.577889 0.518599 0.554699 0.507627
0 0.336141 0.199960 0.361141 0.212397 0.340364 0.352816 0.376425 0.369163 0.358816 0.487721 0.319963 0.468199 0.329101 0.402275 0.307173 0.391921
0 0.215861 0.146495 0.241669 0.155715 0.217456 0.352091 0.194758 0.341828 0.185024 0.406978 0.144581 0.389745 0.161536 0.271187 0.197247 0.288070
0 0.463682 0.257269 0.489411 0.268776 0.464097 0.463788 0.440909 0.453129 0.431140 0.518897 0.390760 0.499942 0.407715 0.381383 0.445246 0.397703
0 0.712530 0.369909 0.742083 0.383012 0.713039 0.581349 0.690545 0.570631 0.681124 0.634060 0.638874 0.615060 0.655829 0.496502 0.691490 0.512778
0 0.095181 0.095998 0.119350 0.106737 0.098269 0.244566 0.134614 0.261046 0.117005 0.379604 0.076624 0.360648 0.086029 0.292924 0.066301 0.281533
