1 0.257507 0.729104 0.256734 0.734407 0.257078 0.739426 0.257916 0.743182 0.258937 0.746853 0.260449 0.748573 0.262282 0.750490 0.264135 0.751880 0.265914 0.752096 0.268009 0.751821 0.269960 0.749887 0.271069 0.748168 0.272514 0.745432 0.273367 0.742623 0.274137 0.739665 0.274122 0.735623 0.273622 0.731525 0.272404 0.727469 0.270749 0.723745 0.268938 0.722227 0.267080 0.721155 0.264452 0.720604 0.262197 0.721643 0.260344 0.723503 0.259091 0.725590
1 0.766507 0.471420 0.763825 0.473411 0.761545 0.476222 0.760331 0.479550 0.759618 0.483401 0.759372 0.487541 0.759794 0.492380 0.760413 0.496625 0.761425 0.499682 0.762702 0.502617 0.764672 0.504478 0.767703 0.505850 0.770798 0.506690 0.773481 0.504699 0.775628 0.501948 0.777073 0.498263 0.777952 0.494586 0.778862 0.490141 0.778838 0.485118 0.778150 0.480402 0.776873 0.477467 0.775596 0.474532 0.773926 0.472784 0.771857 0.471221 0.770393 0.470888 0.768232 0.470626
1 0.315269 0.693092 0.312586 0.695083 0.310306 0.697894 0.309093 0.701222 0.308380 0.705073 0.308134 0.709213 0.308556 0.714052 0.309175 0.718297 0.310186 0.721354 0.311464 0.724289 0.313434 0.726150 0.316465 0.727522 0.319560 0.728362 0.322242 0.726371 0.324390 0.723620 0.325834 0.719935 0.326714 0.716258 0.327623 0.711812 0.327599 0.706790 0.326912 0.702074 0.325635 0.699139 0.324358 0.696204 0.322687 0.694456 0.320619 0.692892 0.319155 0.692560 0.316993 0.692298
1 0.514452 0.596059 0.511769 0.598050 0.509490 0.600861 0.508276 0.604189 0.507563 0.608040 0.507317 0.612180 0.507739 0.617019 0.508358 0.621264 0.509370 0.624321 0.510647 0.627256 0.512617 0.629117 0.515648 0.630489 0.518743 0.631329 0.521426 0.629338 0.523573 0.626587 0.525018 0.622902 0.525897 0.619225 0.526807 0.614780 0.526782 0.609757 0.526095 0.605041 0.524818 0.602106 0.523541 0.599171 0.521871 0.597423 0.519802 0.595859 0.518338 0.595527 0.516177 0.595265
1 0.817320 0.445431 0.814637 0.447422 0.812357 0.450233 0.811143 0.453561 0.810431 0.457412 0.810185 0.461552 0.810607 0.466391 0.811226 0.470636 0.812237 0.473693 0.813515 0.476628 0.815484 0.478489 0.818516 0.479861 0.821611 0.480701 0.824293 0.478710 0.826441 0.475959 0.827885 0.472274 0.828765 0.468597 0.829674 0.464152 0.829650 0.459129 0.828963 0.454413 0.827686 0.451478 0.826409 0.448543 0.824738 0.446795 0.822670 0.445231 0.821206 0.444899 0.819044 0.444637
1 0.567847 0.569723 0.565165 0.571713 0.562885 0.574525 0.561671 0.577852 0.560958 0.581704 0.560712 0.585844 0.561135 0.590683 0.561753 0.594928 0.562765 0.597985 0.564042 0.600920 0.566012 0.602781 0.569043 0.604153 0.572138 0.604992 0.574821 0.603002 0.576968 0.600251 0.578413 0.596566 0.579293 0.592889 0.580202 0.588443 0.580178 0.583421 0.579490 0.578704 0.578213 0.575769 0.576936 0.572834 0.575266 0.571087 0.573198 0.569523 0.571734 0.569191 0.569572 0.568928
0 0.791541 0.141984 0.817802 0.130300 0.840003 0.272977 0.876320 0.255668 0.893620 0.374369 0.853191 0.392992 0.843508 0.326231 0.820705 0.336649
0 0.916005 0.084231 0.941860 0.072253 0.970877 0.262071 0.950418 0.273002 0.959822 0.338939 0.921370 0.358783 0.903499 0.240650 0.939076 0.223799
0 0.542265 0.260003 0.570722 0.247307 0.592484 0.390187 0.628476 0.373860 0.645776 0.492562 0.605346 0.511185 0.594687 0.447373 0.571445 0.457993
0 0.288999 0.386284 0.315061 0.373698 0.337212 0.519253 0.374846 0.501337 0.392146 0.620038 0.351716 0.638661 0.341263 0.571425 0.318705 0.582397
0 0.166897 0.448582 0.193775 0.433310 0.226969 0.628608 0.206767 0.638338 0.216364 0.704186 0.173799 0.724875 0.155928 0.606742 0.191716 0.590378
0 0.419368 0.323394 0.446147 0.309207 0.478814 0.503624 0.455159 0.516028 0.464756 0.581876 0.424327 0.600498 0.406456 0.482365 0.442033 0.465514
0 0.672829 0.198076 0.702206 0.183775 0.731509 0.381991 0.708944 0.392227 0.718200 0.455733 0.676128 0.475945 0.658257 0.357812 0.693834 0.340961
0 0.044293 0.512162 0.070337 0.498168 0.092137 0.639386 0.128366 0.622117 0.145666 0.740819 0.105237 0.759442 0.094784 0.692206 0.074816 0.701984
