1 0.220650 0.581707 0.219106 0.586447 0.218679 0.591446 0.218920 0.595464 0.219349 0.599488 0.220547 0.601866 0.222023 0.604587 0.223598 0.606810 0.225279 0.607866 0.227339 0.608601 0.229511 0.607668 0.230838 0.606541 0.232644 0.604595 0.233889 0.602295 0.235077 0.599813 0.235673 0.595913 0.235810 0.591726 0.235248 0.587239 0.234216 0.582861 0.232701 0.580536 0.231073 0.578616 0.228624 0.576832 0.226294 0.576757 0.224229 0.577665 0.222707 0.579078
1 0.748267 0.584001 0.745382 0.584639 0.742762 0.586260 0.741090 0.588886 0.739822 0.592257 0.738960 0.596128 0.738637 0.600990 0.738592 0.605375 0.739105 0.608802 0.739893 0.612239 0.741510 0.614971 0.744223 0.617739 0.747078 0.620024 0.749962 0.619386 0.752446 0.617760 0.754394 0.614899 0.755796 0.611777 0.757343 0.607928 0.758078 0.603078 0.758127 0.598207 0.757340 0.594770 0.756553 0.591334 0.755207 0.588854 0.753451 0.586360 0.752091 0.585342 0.750048 0.584058
1 0.281865 0.575885 0.278980 0.576523 0.276360 0.578144 0.274688 0.580770 0.273420 0.584141 0.272559 0.588012 0.272235 0.592874 0.272190 0.597259 0.272704 0.600687 0.273491 0.604123 0.275108 0.606855 0.277821 0.609623 0.280676 0.611908 0.283560 0.611270 0.286044 0.609644 0.287992 0.606783 0.289394 0.603661 0.290941 0.599812 0.291676 0.594962 0.291726 0.590091 0.290938 0.586654 0.290151 0.583218 0.288806 0.580738 0.287049 0.578245 0.285689 0.577226 0.283646 0.575942
1 0.488451 0.579938 0.485566 0.580576 0.482946 0.582197 0.481274 0.584824 0.480006 0.588194 0.479145 0.592065 0.478821 0.596928 0.478776 0.601312 0.479290 0.604740 0.480077 0.608176 0.481694 0.610909 0.484407 0.613676 0.487262 0.615961 0.490146 0.615323 0.492630 0.613697 0.494578 0.610836 0.495980 0.607714 0.497527 0.603865 0.498262 0.599016 0.498312 0.594144 0.497524 0.590707 0.496737 0.587271 0.495392 0.584791 0.493635 0.582298 0.492275 0.581279 0.490232 0.579995
1 0.802380 0.583490 0.799496 0.584129 0.796875 0.585750 0.795204 0.588376 0.793936 0.591747 0.793074 0.595617 0.792750 0.600480 0.792706 0.604865 0.793219 0.608292 0.794006 0.611729 0.795623 0.614461 0.798336 0.617229 0.801191 0.619514 0.804076 0.618876 0.806559 0.617250 0.808507 0.614389 0.809910 0.611266 0.811457 0.607418 0.812191 0.602568 0.812241 0.597696 0.811454 0.594260 0.810666 0.590823 0.809321 0.588343 0.807565 0.585850 0.806204 0.584832 0.804162 0.583548
1 0.543309 0.580318 0.540424 0.580956 0.537803 0.582577 0.536132 0.585204 0.534864 0.588574 0.534002 0.592445 0.533678 0.597308 0.533634 0.601692 0.534147 0.605120 0.534934 0.608556 0.536551 0.611289 0.539264 0.614056 0.542119 0.616341 0.545004 0.615703 0.547488 0.614077 0.549436 0.611216 0.550838 0.608094 0.552385 0.604245 0.553119 0.599395 0.553169 0.594524 0.552382 0.591087 0.551594 0.587651 0.550249 0.585171 0.548493 0.582678 0.547133 0.581659 0.545090 0.580375
0 0.824916 0.277499 0.851977 0.278769 0.849915 0.426743 0.887512 0.427391 0.886263 0.549992 0.844506 0.548648 0.845253 0.479716 0.821714 0.478875
0 0.955022 0.284280 0.981736 0.285073 0.979387 0.481719 0.958029 0.482491 0.957137 0.550495 0.917100 0.551271 0.917713 0.428945 0.954529 0.429682
0 0.565050 0.274228 0.594379 0.275571 0.593788 0.422786 0.630932 0.423420 0.629666 0.547633 0.587909 0.546289 0.587271 0.479732 0.563279 0.478877
0 0.304308 0.267522 0.331313 0.267829 0.329505 0.418575 0.368464 0.419266 0.367215 0.541868 0.325457 0.540523 0.325535 0.470766 0.302147 0.470576
0 0.178187 0.269816 0.205469 0.268702 0.207996 0.470253 0.185252 0.469932 0.184559 0.537943 0.142684 0.539256 0.141046 0.415245 0.178915 0.414967
0 0.438499 0.269546 0.467337 0.269488 0.468087 0.473927 0.443427 0.474593 0.442734 0.542604 0.400977 0.541259 0.401590 0.418934 0.438430 0.417252
0 0.701119 0.276073 0.729335 0.273818 0.729462 0.478801 0.706617 0.479526 0.705916 0.548343 0.662336 0.547746 0.662990 0.421389 0.702090 0.420587
0 0.052257 0.272149 0.077058 0.270691 0.074998 0.414977 0.112505 0.415622 0.111256 0.538223 0.070851 0.537729 0.069576 0.467122 0.048864 0.467017
