1 0.208668 0.593494 0.207172 0.598283 0.206797 0.603295 0.207078 0.607304 0.207548 0.611314 0.208770 0.613653 0.210274 0.616326 0.211871 0.618497 0.213563 0.619500 0.215630 0.620168 0.217791 0.619166 0.219107 0.617996 0.220892 0.615992 0.222114 0.613653 0.223277 0.611133 0.223833 0.607214 0.223927 0.603023 0.223320 0.598555 0.222243 0.594211 0.220704 0.591935 0.219057 0.590068 0.216590 0.588363 0.214261 0.588363 0.212205 0.589337 0.210698 0.590799
1 0.736393 0.573267 0.733515 0.573998 0.730911 0.575703 0.729267 0.578383 0.728034 0.581793 0.727211 0.585691 0.726937 0.590564 0.726937 0.594949 0.727485 0.598360 0.728308 0.601770 0.729952 0.604450 0.732693 0.607130 0.735571 0.609322 0.738448 0.608592 0.740915 0.606886 0.742833 0.603963 0.744204 0.600796 0.745711 0.596898 0.746396 0.592025 0.746396 0.587153 0.745574 0.583742 0.744752 0.580332 0.743382 0.577896 0.741600 0.575459 0.740230 0.574485 0.738174 0.573267
1 0.269665 0.585196 0.266787 0.585926 0.264183 0.587632 0.262539 0.590312 0.261306 0.593722 0.260483 0.597620 0.260209 0.602492 0.260209 0.606878 0.260757 0.610288 0.261580 0.613699 0.263224 0.616379 0.265965 0.619059 0.268843 0.621251 0.271720 0.620520 0.274187 0.618815 0.276105 0.615892 0.277476 0.612724 0.278983 0.608827 0.279668 0.603954 0.279668 0.599082 0.278846 0.595671 0.278024 0.592260 0.276654 0.589824 0.274872 0.587388 0.273502 0.586414 0.271446 0.585196
1 0.476035 0.580966 0.473157 0.581697 0.470553 0.583403 0.468909 0.586082 0.467676 0.589493 0.466853 0.593391 0.466579 0.598263 0.466579 0.602649 0.467127 0.606059 0.467950 0.609470 0.469594 0.612150 0.472335 0.614830 0.475213 0.617022 0.478090 0.616291 0.480557 0.614586 0.482475 0.611662 0.483846 0.608495 0.485353 0.604598 0.486038 0.599725 0.486038 0.594853 0.485216 0.591442 0.484394 0.588031 0.483024 0.585595 0.481242 0.583159 0.479872 0.582185 0.477816 0.580966
1 0.791470 0.571814 0.788593 0.572545 0.785989 0.574250 0.784344 0.576930 0.783111 0.580341 0.782289 0.584239 0.782015 0.589111 0.782015 0.593496 0.782563 0.596907 0.783385 0.600317 0.785030 0.602997 0.787770 0.605677 0.790648 0.607870 0.793526 0.607139 0.795993 0.605433 0.797911 0.602510 0.799281 0.599343 0.800789 0.595445 0.801474 0.590573 0.801474 0.585700 0.800652 0.582290 0.799830 0.578879 0.798459 0.576443 0.796678 0.574007 0.795307 0.573032 0.793252 0.571814
1 0.531575 0.578475 0.528697 0.579205 0.526094 0.580911 0.524449 0.583591 0.523216 0.587001 0.522394 0.590899 0.522120 0.595771 0.522120 0.600157 0.522668 0.603567 0.523490 0.606978 0.525134 0.609658 0.527875 0.612338 0.530753 0.614530 0.533631 0.613799 0.536097 0.612094 0.538016 0.609170 0.539386 0.606003 0.540893 0.602106 0.541579 0.597233 0.541579 0.592361 0.540756 0.588950 0.539934 0.585539 0.538564 0.583103 0.536782 0.580667 0.535412 0.579693 0.533356 0.578475
0 0.808692 0.268104 0.835762 0.266890 0.835310 0.414907 0.875176 0.414344 0.875176 0.536965 0.833412 0.536965 0.833457 0.468021 0.809913 0.467938
0 0.940955 0.266890 0.963137 0.267629 0.965353 0.462705 0.942646 0.464165 0.943807 0.532187 0.903784 0.534251 0.903151 0.411926 0.939968 0.411477
0 0.550507 0.272570 0.577577 0.271356 0.577125 0.419372 0.616991 0.418810 0.616991 0.541431 0.575227 0.541431 0.575272 0.472487 0.551728 0.472404
0 0.289652 0.280513 0.314389 0.279950 0.314389 0.424278 0.354255 0.423716 0.354255 0.546337 0.312490 0.546337 0.311858 0.476589 0.289379 0.477152
0 0.162982 0.281860 0.189228 0.279502 0.195508 0.482836 0.172220 0.484295 0.172220 0.552317 0.130456 0.552317 0.129823 0.429992 0.166640 0.429544
0 0.423185 0.274539 0.448842 0.271133 0.453942 0.475515 0.430654 0.476974 0.430654 0.544997 0.388890 0.544997 0.388257 0.422671 0.425074 0.422223
0 0.686677 0.267938 0.713504 0.265581 0.715720 0.468914 0.692432 0.470373 0.692432 0.538395 0.650668 0.538395 0.650035 0.416070 0.686852 0.415622
0 0.038457 0.289947 0.061424 0.289385 0.061424 0.433713 0.101290 0.433151 0.101290 0.555772 0.059526 0.555772 0.058893 0.486024 0.038183 0.486587
