1 0.207094 0.624714 0.205768 0.629659 0.205568 0.634702 0.205990 0.638673 0.206599 0.642623 0.207900 0.644822 0.209494 0.647324 0.211164 0.649315 0.212887 0.650129 0.214974 0.650568 0.217096 0.649328 0.218368 0.648016 0.220080 0.645818 0.221218 0.643349 0.222291 0.640705 0.222709 0.636733 0.222656 0.632540 0.221894 0.628147 0.220668 0.623930 0.219052 0.621828 0.217343 0.620147 0.214822 0.618717 0.212496 0.618975 0.210479 0.620174 0.209025 0.621799
1 0.733093 0.546256 0.730246 0.547303 0.727707 0.549293 0.726159 0.552149 0.725048 0.555689 0.724363 0.559670 0.724260 0.564564 0.724413 0.568940 0.725079 0.572284 0.726019 0.575597 0.727754 0.578090 0.730583 0.580462 0.733532 0.582333 0.736379 0.581286 0.738781 0.579311 0.740593 0.576182 0.741851 0.572869 0.743219 0.568813 0.743732 0.563874 0.743562 0.559011 0.742622 0.555698 0.741683 0.552384 0.740230 0.550104 0.738367 0.547869 0.736965 0.547048 0.734871 0.546059
1 0.267730 0.611056 0.264884 0.612104 0.262345 0.614093 0.260797 0.616949 0.259685 0.620490 0.259001 0.624471 0.258897 0.629364 0.259051 0.633741 0.259717 0.637084 0.260657 0.640397 0.262392 0.642890 0.265221 0.645263 0.268169 0.647133 0.271016 0.646086 0.273418 0.644112 0.275231 0.640982 0.276488 0.637670 0.277856 0.633613 0.278370 0.628674 0.278200 0.623811 0.277260 0.620498 0.276320 0.617185 0.274867 0.614904 0.273004 0.612670 0.271602 0.611848 0.269508 0.610860
1 0.473507 0.582689 0.470660 0.583736 0.468121 0.585725 0.466573 0.588582 0.465461 0.592122 0.464777 0.596103 0.464674 0.600996 0.464827 0.605373 0.465493 0.608716 0.466433 0.612030 0.468168 0.614523 0.470997 0.616895 0.473946 0.618765 0.476792 0.617718 0.479195 0.615744 0.481007 0.612614 0.482264 0.609302 0.483633 0.605245 0.484146 0.600307 0.483976 0.595444 0.483036 0.592130 0.482096 0.588817 0.480644 0.586537 0.478780 0.584302 0.477379 0.583481 0.475285 0.582492
1 0.788013 0.538725 0.785167 0.539772 0.782628 0.541761 0.781080 0.544618 0.779968 0.548158 0.779284 0.552139 0.779180 0.557032 0.779334 0.561409 0.780000 0.564752 0.780940 0.568066 0.782675 0.570559 0.785504 0.572931 0.788452 0.574801 0.791299 0.573754 0.793701 0.571780 0.795514 0.568650 0.796771 0.565338 0.798139 0.561281 0.798653 0.556342 0.798483 0.551479 0.797543 0.548166 0.796603 0.544853 0.795150 0.542573 0.793287 0.540338 0.791886 0.539517 0.789791 0.538528
1 0.528900 0.575429 0.526053 0.576476 0.523514 0.578466 0.521967 0.581322 0.520855 0.584862 0.520171 0.588843 0.520067 0.593737 0.520220 0.598113 0.520887 0.601457 0.521826 0.604770 0.523561 0.607263 0.526390 0.609635 0.529339 0.611506 0.532186 0.610459 0.534588 0.608484 0.536401 0.605355 0.537658 0.602042 0.539026 0.597986 0.539540 0.593047 0.539370 0.588184 0.538430 0.584871 0.537490 0.581557 0.536037 0.579277 0.534174 0.577042 0.532772 0.576221 0.530678 0.575232
0 0.795357 0.233615 0.822332 0.229415 0.827052 0.377195 0.866821 0.372232 0.871105 0.494616 0.829421 0.499228 0.827058 0.430412 0.803557 0.432928
0 0.927274 0.216439 0.949439 0.214727 0.958466 0.409182 0.935853 0.413146 0.939389 0.480909 0.899515 0.487388 0.894610 0.365369 0.931340 0.360856
0 0.536248 0.265389 0.563224 0.261189 0.567944 0.408969 0.607713 0.404006 0.611997 0.526390 0.570313 0.531002 0.567950 0.462186 0.544448 0.464703
0 0.277847 0.306030 0.302517 0.302738 0.307559 0.446787 0.347328 0.441824 0.351612 0.564209 0.309928 0.568820 0.306860 0.499277 0.284445 0.502320
0 0.149126 0.320255 0.175239 0.315004 0.188611 0.517251 0.165418 0.521280 0.167795 0.589170 0.126111 0.593782 0.121206 0.471763 0.157936 0.467250
0 0.409336 0.284133 0.434824 0.277901 0.447055 0.481325 0.423863 0.485353 0.426239 0.553244 0.384556 0.557855 0.379650 0.435836 0.416381 0.431323
0 0.672902 0.249726 0.699595 0.244411 0.708910 0.447107 0.685718 0.451136 0.688094 0.519026 0.646410 0.523638 0.641505 0.401619 0.678236 0.397106
0 0.026654 0.341907 0.049557 0.338810 0.054599 0.482859 0.094369 0.477896 0.098653 0.600281 0.056969 0.604892 0.053901 0.535349 0.033251 0.538197
