1 0.212404 0.421586 0.210908 0.416797 0.210532 0.411785 0.210814 0.407776 0.211284 0.403766 0.212505 0.401427 0.214009 0.398754 0.215606 0.396583 0.217298 0.395580 0.219365 0.394912 0.221527 0.395914 0.222842 0.397084 0.224628 0.399088 0.225849 0.401427 0.227012 0.403947 0.227568 0.407866 0.227662 0.412057 0.227055 0.416525 0.225979 0.420869 0.224440 0.423145 0.222793 0.425012 0.220326 0.426717 0.217996 0.426717 0.215941 0.425743 0.214433 0.424281
1 0.741682 0.435039 0.738804 0.434308 0.736200 0.432603 0.734556 0.429923 0.733323 0.426512 0.732500 0.422614 0.732226 0.417742 0.732226 0.413357 0.732774 0.409946 0.733597 0.406535 0.735241 0.403856 0.737982 0.401176 0.740860 0.398983 0.743737 0.399714 0.746204 0.401419 0.748122 0.404343 0.749493 0.407510 0.751000 0.411408 0.751685 0.416280 0.751685 0.421153 0.750863 0.424563 0.750041 0.427974 0.748671 0.430410 0.746889 0.432846 0.745519 0.433821 0.743463 0.435039
1 0.273003 0.428251 0.270126 0.427521 0.267522 0.425815 0.265878 0.423135 0.264644 0.419725 0.263822 0.415827 0.263548 0.410954 0.263548 0.406569 0.264096 0.403159 0.264918 0.399748 0.266563 0.397068 0.269303 0.394388 0.272181 0.392196 0.275059 0.392927 0.277526 0.394632 0.279444 0.397555 0.280814 0.400722 0.282322 0.404620 0.283007 0.409493 0.283007 0.414365 0.282185 0.417776 0.281363 0.421186 0.279992 0.423623 0.278211 0.426059 0.276840 0.427033 0.274785 0.428251
1 0.480319 0.429880 0.477441 0.429149 0.474838 0.427444 0.473193 0.424764 0.471960 0.421353 0.471138 0.417455 0.470864 0.412583 0.470864 0.408198 0.471412 0.404787 0.472234 0.401376 0.473878 0.398697 0.476619 0.396017 0.479497 0.393824 0.482375 0.394555 0.484841 0.396260 0.486760 0.399184 0.488130 0.402351 0.489637 0.406249 0.490323 0.411121 0.490323 0.415994 0.489500 0.419404 0.488678 0.422815 0.487308 0.425251 0.485526 0.427687 0.484156 0.428662 0.482100 0.429880
1 0.796086 0.435815 0.793208 0.435084 0.790604 0.433378 0.788960 0.430699 0.787727 0.427288 0.786904 0.423390 0.786630 0.418518 0.786630 0.414132 0.787179 0.410722 0.788001 0.407311 0.789645 0.404631 0.792386 0.401951 0.795264 0.399759 0.798141 0.400490 0.800608 0.402195 0.802527 0.405119 0.803897 0.408286 0.805404 0.412183 0.806089 0.417056 0.806089 0.421928 0.805267 0.425339 0.804445 0.428750 0.803075 0.431186 0.801293 0.433622 0.799923 0.434596 0.797867 0.435815
1 0.535889 0.432585 0.533011 0.431855 0.530408 0.430149 0.528763 0.427469 0.527530 0.424059 0.526708 0.420161 0.526433 0.415288 0.526433 0.410903 0.526982 0.407493 0.527804 0.404082 0.529448 0.401402 0.532189 0.398722 0.535067 0.396530 0.537944 0.397261 0.540411 0.398966 0.542330 0.401889 0.543700 0.405056 0.545207 0.408954 0.545893 0.413827 0.545893 0.418699 0.545070 0.422110 0.544248 0.425520 0.542878 0.427957 0.541096 0.430393 0.539726 0.431367 0.537670 0.432585
0 0.816838 0.740785 0.843908 0.740386 0.843353 0.592370 0.880951 0.592933 0.880951 0.470312 0.839187 0.470312 0.839232 0.539256 0.815688 0.539339
0 0.945063 0.738264 0.971781 0.738331 0.973090 0.541642 0.951743 0.540183 0.951544 0.472161 0.911521 0.470096 0.910888 0.592422 0.947705 0.592870
0 0.555842 0.740582 0.585179 0.740183 0.586088 0.592167 0.623233 0.591923 0.623233 0.469302 0.581468 0.469302 0.580153 0.535827 0.556155 0.535910
0 0.292537 0.737461 0.319542 0.738024 0.320449 0.587245 0.359408 0.587807 0.359408 0.465186 0.317643 0.465186 0.317010 0.534934 0.293625 0.534371
0 0.164919 0.733453 0.193092 0.736252 0.197672 0.532397 0.176742 0.531985 0.176742 0.463963 0.132619 0.462915 0.131986 0.585240 0.168939 0.585124
0 0.428342 0.739895 0.456267 0.741688 0.459099 0.537307 0.434451 0.535847 0.434451 0.467825 0.392686 0.467825 0.392053 0.590150 0.430685 0.591405
0 0.691553 0.741747 0.722009 0.742491 0.722411 0.537545 0.699123 0.537698 0.699123 0.472095 0.655544 0.471289 0.654911 0.593614 0.691728 0.594063
0 0.036991 0.726091 0.064177 0.728025 0.065357 0.581600 0.102864 0.582162 0.102864 0.459541 0.061100 0.459541 0.060467 0.529289 0.039757 0.528727
