1 0.219662 0.654805 0.218442 0.659835 0.218349 0.664889 0.218854 0.668828 0.219546 0.672735 0.220893 0.674845 0.222539 0.677239 0.224250 0.679117 0.225989 0.679815 0.228084 0.680114 0.230178 0.678734 0.231422 0.677337 0.233086 0.675026 0.234170 0.672483 0.235186 0.669769 0.235520 0.665771 0.235379 0.661585 0.234525 0.657246 0.233210 0.653115 0.231551 0.651122 0.229807 0.649556 0.227257 0.648296 0.224939 0.648709 0.222949 0.650042 0.221531 0.651764
1 0.744398 0.541203 0.741575 0.542440 0.739080 0.544598 0.737594 0.547556 0.736558 0.551168 0.735958 0.555192 0.735959 0.560089 0.736204 0.564452 0.736941 0.567749 0.737950 0.570997 0.739736 0.573372 0.742614 0.575553 0.745600 0.577225 0.748422 0.575989 0.750781 0.573855 0.752526 0.570606 0.753712 0.567212 0.754994 0.563067 0.755403 0.558098 0.755130 0.553249 0.754121 0.550001 0.753111 0.546753 0.751611 0.544572 0.749702 0.542463 0.748284 0.541736 0.746170 0.540888
1 0.281492 0.636832 0.278670 0.638069 0.276175 0.640226 0.274689 0.643184 0.273652 0.646796 0.273053 0.650820 0.273053 0.655717 0.273299 0.660080 0.274035 0.663377 0.275044 0.666625 0.276831 0.669000 0.279708 0.671182 0.282694 0.672854 0.285517 0.671617 0.287876 0.669483 0.289621 0.666235 0.290807 0.662841 0.292088 0.658695 0.292497 0.653726 0.292224 0.648878 0.291215 0.645630 0.290206 0.642381 0.288706 0.640200 0.286797 0.638091 0.285378 0.637364 0.283265 0.636516
1 0.484845 0.595446 0.482022 0.596683 0.479527 0.598841 0.478041 0.601798 0.477005 0.605411 0.476405 0.609435 0.476405 0.614331 0.476651 0.618695 0.477388 0.621991 0.478397 0.625239 0.480183 0.627615 0.483060 0.629796 0.486047 0.631468 0.488869 0.630231 0.491228 0.628098 0.492973 0.624849 0.494159 0.621455 0.495441 0.617310 0.495850 0.612340 0.495577 0.607492 0.494567 0.604244 0.493558 0.600996 0.492058 0.598814 0.490149 0.596706 0.488731 0.595979 0.486617 0.595131
1 0.798064 0.529140 0.795242 0.530377 0.792746 0.532534 0.791260 0.535492 0.790224 0.539104 0.789624 0.543128 0.789625 0.548025 0.789870 0.552388 0.790607 0.555685 0.791616 0.558933 0.793402 0.561308 0.796280 0.563490 0.799266 0.565162 0.802088 0.563925 0.804447 0.561791 0.806192 0.558543 0.807379 0.555149 0.808660 0.551003 0.809069 0.546034 0.808796 0.541186 0.807787 0.537938 0.806777 0.534689 0.805277 0.532508 0.803368 0.530399 0.801950 0.529672 0.799837 0.528824
1 0.541671 0.582829 0.538848 0.584066 0.536353 0.586224 0.534867 0.589182 0.533831 0.592794 0.533231 0.596818 0.533231 0.601714 0.533477 0.606078 0.534214 0.609374 0.535223 0.612623 0.537009 0.614998 0.539886 0.617179 0.542873 0.618851 0.545695 0.617614 0.548054 0.615481 0.549799 0.612232 0.550985 0.608838 0.552267 0.604693 0.552676 0.599723 0.552403 0.594875 0.551393 0.591627 0.550384 0.588379 0.548884 0.586198 0.546975 0.584089 0.545557 0.583362 0.543443 0.582514
0 0.800039 0.223699 0.827854 0.218339 0.836960 0.363854 0.872173 0.358643 0.879043 0.480655 0.837487 0.488050 0.833669 0.419441 0.810238 0.423527
0 0.929924 0.199616 0.954745 0.195941 0.965171 0.390137 0.942659 0.395610 0.947625 0.463089 0.907917 0.472229 0.900434 0.350624 0.937043 0.343659
0 0.541357 0.272283 0.570571 0.267485 0.579768 0.414605 0.616742 0.408270 0.623611 0.530282 0.582055 0.537677 0.577019 0.471716 0.553136 0.475882
0 0.283372 0.330292 0.307954 0.325352 0.316040 0.468963 0.355676 0.461344 0.362546 0.583356 0.320989 0.590751 0.316452 0.521462 0.294117 0.526002
0 0.158020 0.354438 0.184633 0.348510 0.198625 0.547653 0.177823 0.551769 0.181634 0.619452 0.137789 0.628308 0.130306 0.506703 0.167081 0.500276
0 0.415342 0.298065 0.443028 0.291336 0.458560 0.492354 0.434116 0.498171 0.437927 0.565855 0.396370 0.573250 0.388887 0.451645 0.425496 0.444679
0 0.676568 0.248105 0.706831 0.241971 0.718712 0.445827 0.695531 0.449798 0.699207 0.515075 0.655890 0.523594 0.648407 0.401989 0.685016 0.395023
0 0.032451 0.378526 0.055919 0.374838 0.065296 0.520326 0.102585 0.513125 0.109455 0.635137 0.067898 0.642532 0.063361 0.573243 0.042786 0.577469
