1 0.215520 0.608121 0.214102 0.612984 0.213808 0.618013 0.214155 0.622007 0.214689 0.625990 0.215948 0.628266 0.217495 0.630861 0.219127 0.632950 0.220834 0.633865 0.222911 0.634427 0.225055 0.633314 0.226351 0.632078 0.228104 0.629982 0.229287 0.627582 0.230408 0.625003 0.230901 0.621057 0.230927 0.616864 0.230247 0.612428 0.229101 0.608141 0.227526 0.605945 0.225849 0.604163 0.223355 0.602585 0.221027 0.602705 0.218988 0.603784 0.217505 0.605322
1 0.743166 0.561796 0.740301 0.562674 0.737726 0.564512 0.736126 0.567275 0.734948 0.570748 0.734190 0.574686 0.733995 0.579571 0.734066 0.583954 0.734669 0.587335 0.735546 0.590702 0.737234 0.593297 0.740017 0.595835 0.742929 0.597879 0.745793 0.597001 0.748231 0.595170 0.750102 0.592149 0.751420 0.588913 0.752864 0.584940 0.753470 0.580034 0.753391 0.575164 0.752513 0.571797 0.751636 0.568430 0.750227 0.566065 0.748407 0.563721 0.747021 0.562817 0.744947 0.561705
1 0.276356 0.596699 0.273492 0.597577 0.270917 0.599415 0.269316 0.602178 0.268139 0.605651 0.267380 0.609589 0.267185 0.614474 0.267256 0.618857 0.267860 0.622238 0.268737 0.625605 0.270424 0.628199 0.273207 0.630738 0.276119 0.632782 0.278984 0.631904 0.281422 0.630073 0.283292 0.627052 0.284611 0.623816 0.286054 0.619843 0.286660 0.614937 0.286581 0.610067 0.285704 0.606700 0.284827 0.603333 0.283417 0.600968 0.281597 0.598624 0.280211 0.597720 0.278137 0.596608
1 0.482266 0.582636 0.479402 0.583514 0.476827 0.585352 0.475226 0.588115 0.474049 0.591587 0.473290 0.595526 0.473095 0.600410 0.473166 0.604793 0.473770 0.608174 0.474647 0.611542 0.476334 0.614136 0.479117 0.616674 0.482029 0.618718 0.484894 0.617840 0.487332 0.616009 0.489202 0.612989 0.490521 0.609753 0.491964 0.605779 0.492570 0.600874 0.492491 0.596003 0.491614 0.592636 0.490737 0.589269 0.489327 0.586904 0.487507 0.584560 0.486121 0.583656 0.484047 0.582544
1 0.796891 0.558152 0.794027 0.559030 0.791452 0.560869 0.789851 0.563632 0.788674 0.567104 0.787915 0.571042 0.787720 0.575927 0.787791 0.580310 0.788395 0.583691 0.789272 0.587058 0.790959 0.589653 0.793742 0.592191 0.796654 0.594235 0.799519 0.593357 0.801957 0.591526 0.803827 0.588506 0.805146 0.585270 0.806589 0.581296 0.807195 0.576391 0.807116 0.571520 0.806239 0.568153 0.805362 0.564786 0.803952 0.562421 0.802132 0.560077 0.800746 0.559173 0.798672 0.558061
1 0.537620 0.578111 0.534755 0.578989 0.532180 0.580827 0.530580 0.583590 0.529403 0.587062 0.528644 0.591001 0.528449 0.595885 0.528520 0.600269 0.529123 0.603650 0.530001 0.607017 0.531688 0.609611 0.534471 0.612149 0.537383 0.614194 0.540248 0.613315 0.542686 0.611484 0.544556 0.608464 0.545874 0.605228 0.547318 0.601254 0.547924 0.596349 0.547845 0.591479 0.546968 0.588111 0.546090 0.584744 0.544681 0.582379 0.542861 0.580036 0.541475 0.579132 0.539401 0.578019
0 0.812071 0.252812 0.840029 0.250971 0.843312 0.397267 0.878645 0.396505 0.880633 0.519076 0.838886 0.521217 0.837813 0.452299 0.814278 0.453423
0 0.942444 0.244912 0.967350 0.244374 0.970009 0.439395 0.947334 0.442018 0.949598 0.509952 0.909625 0.514067 0.907009 0.391825 0.943804 0.389489
0 0.552443 0.268415 0.581775 0.267310 0.585084 0.415218 0.622217 0.413558 0.624206 0.536128 0.582459 0.538269 0.580065 0.471839 0.556076 0.472986
0 0.292437 0.291065 0.317154 0.289235 0.319495 0.433503 0.359335 0.430897 0.361324 0.553468 0.319577 0.555609 0.317813 0.485922 0.295353 0.487636
0 0.167332 0.298505 0.194114 0.295945 0.200132 0.496350 0.179218 0.497834 0.180321 0.565828 0.136234 0.569137 0.133617 0.446895 0.170556 0.445117
0 0.424638 0.278310 0.452522 0.275086 0.460002 0.477556 0.435388 0.480278 0.436491 0.548272 0.394744 0.550413 0.392127 0.428171 0.428922 0.425835
0 0.687499 0.260566 0.717930 0.258261 0.721655 0.463101 0.698374 0.464142 0.699438 0.529717 0.655890 0.532757 0.653274 0.410515 0.690069 0.408180
0 0.040256 0.309482 0.063811 0.308760 0.067365 0.455064 0.104847 0.452579 0.106836 0.575149 0.065089 0.577290 0.063325 0.507604 0.042633 0.509227
