1 0.213628 0.527496 0.211796 0.531900 0.211058 0.536783 0.211046 0.540824 0.211220 0.544908 0.212261 0.547508 0.213557 0.550505 0.214983 0.553026 0.216587 0.554409 0.218589 0.555547 0.220805 0.555051 0.222195 0.554194 0.224111 0.552617 0.225493 0.550579 0.226829 0.548348 0.227666 0.544590 0.228064 0.540456 0.227788 0.535885 0.227036 0.531331 0.225676 0.528719 0.224179 0.526489 0.221857 0.524230 0.219547 0.523694 0.217438 0.524188 0.215837 0.525290
1 0.728636 0.634707 0.725729 0.634769 0.723023 0.635861 0.721198 0.638140 0.719726 0.641238 0.718627 0.644914 0.718001 0.649682 0.717681 0.654031 0.717976 0.657539 0.718543 0.661110 0.719979 0.664146 0.722501 0.667434 0.725195 0.670270 0.728102 0.670207 0.730672 0.669084 0.732787 0.666627 0.734377 0.663802 0.736155 0.660284 0.737189 0.655610 0.737544 0.650779 0.736977 0.647207 0.736410 0.643636 0.735229 0.640905 0.733640 0.638079 0.732352 0.636798 0.730402 0.635117
1 0.273487 0.532904 0.270580 0.532967 0.267875 0.534058 0.266049 0.536337 0.264578 0.539435 0.263478 0.543111 0.262852 0.547880 0.262533 0.552228 0.262828 0.555736 0.263395 0.559307 0.264830 0.562343 0.267353 0.565631 0.270047 0.568467 0.272953 0.568405 0.275523 0.567282 0.277639 0.564824 0.279228 0.561999 0.281007 0.558481 0.282041 0.553807 0.282396 0.548976 0.281829 0.545405 0.281262 0.541833 0.280080 0.539102 0.278491 0.536277 0.277203 0.534995 0.275254 0.533314
1 0.474034 0.576828 0.471127 0.576891 0.468421 0.577982 0.466595 0.580261 0.465124 0.583359 0.464025 0.587035 0.463398 0.591804 0.463079 0.596152 0.463374 0.599660 0.463941 0.603231 0.465377 0.606267 0.467899 0.609555 0.470593 0.612391 0.473500 0.612329 0.476070 0.611206 0.478185 0.608748 0.479775 0.605923 0.481553 0.602405 0.482587 0.597731 0.482942 0.592900 0.482375 0.589329 0.481808 0.585757 0.480627 0.583026 0.479038 0.580201 0.477750 0.578919 0.475800 0.577238
1 0.780624 0.645752 0.777717 0.645815 0.775011 0.646907 0.773186 0.649185 0.771714 0.652284 0.770615 0.655959 0.769989 0.660728 0.769669 0.665076 0.769965 0.668584 0.770531 0.672155 0.771967 0.675191 0.774489 0.678479 0.777183 0.681315 0.780090 0.681253 0.782660 0.680130 0.784775 0.677672 0.786365 0.674847 0.788143 0.671329 0.789178 0.666655 0.789532 0.661824 0.788965 0.658253 0.788398 0.654682 0.787217 0.651951 0.785628 0.649125 0.784340 0.647843 0.782391 0.646162
1 0.528345 0.590537 0.525438 0.590600 0.522732 0.591692 0.520906 0.593970 0.519435 0.597069 0.518336 0.600744 0.517710 0.605513 0.517390 0.609861 0.517685 0.613369 0.518252 0.616940 0.519688 0.619976 0.522210 0.623264 0.524904 0.626100 0.527811 0.626038 0.530381 0.624915 0.532496 0.622457 0.534086 0.619632 0.535864 0.616114 0.536898 0.611440 0.537253 0.606609 0.536686 0.603038 0.536119 0.599467 0.534938 0.596736 0.533349 0.593910 0.532061 0.592628 0.530111 0.590947
0 0.822270 0.353211 0.848483 0.359116 0.837406 0.502331 0.874729 0.510426 0.865800 0.632015 0.824387 0.622404 0.829452 0.554050 0.806797 0.548128
0 0.947812 0.384839 0.975638 0.390648 0.960904 0.582099 0.939630 0.578634 0.934479 0.646038 0.894643 0.638874 0.902923 0.517433 0.939463 0.525461
0 0.569390 0.292096 0.598452 0.299243 0.588575 0.446222 0.625390 0.455012 0.616461 0.576602 0.575048 0.566991 0.578588 0.500723 0.554798 0.495118
0 0.315886 0.239713 0.341576 0.246359 0.331080 0.390351 0.368022 0.398358 0.359093 0.519948 0.319155 0.509427 0.323470 0.441966 0.300977 0.436687
0 0.192747 0.214057 0.219006 0.217329 0.209131 0.417599 0.185881 0.412585 0.180918 0.479414 0.139566 0.471526 0.147846 0.350084 0.184479 0.358703
0 0.446505 0.267529 0.472851 0.273087 0.461786 0.472256 0.438020 0.466961 0.433067 0.534411 0.391654 0.524799 0.399934 0.403358 0.438332 0.411004
0 0.701415 0.322619 0.731669 0.328890 0.717144 0.532204 0.694063 0.526693 0.689286 0.591744 0.646015 0.582514 0.654295 0.461073 0.690835 0.469101
0 0.069424 0.191435 0.094168 0.196586 0.083183 0.338079 0.120416 0.346153 0.111487 0.467742 0.070074 0.458131 0.074525 0.388824 0.054140 0.382015
