1 0.209396 0.568390 0.207770 0.573043 0.207257 0.578017 0.207429 0.582046 0.207788 0.586091 0.208944 0.588533 0.210373 0.591333 0.211909 0.593641 0.213571 0.594789 0.215618 0.595635 0.217804 0.594821 0.219150 0.593767 0.220988 0.591920 0.222273 0.589690 0.223503 0.587273 0.224166 0.583407 0.224375 0.579230 0.223891 0.574714 0.222935 0.570282 0.221460 0.567875 0.219866 0.565868 0.217449 0.563951 0.215122 0.563749 0.213043 0.564544 0.211497 0.565873
1 0.736932 0.598111 0.734038 0.598591 0.731391 0.600069 0.729675 0.602603 0.728349 0.605903 0.727421 0.609725 0.727014 0.614568 0.726894 0.618948 0.727348 0.622402 0.728075 0.625880 0.729644 0.628699 0.732308 0.631613 0.735122 0.634052 0.738017 0.633572 0.740527 0.632082 0.742524 0.629328 0.743979 0.626284 0.745592 0.622521 0.746410 0.617714 0.746543 0.612848 0.745816 0.609370 0.745088 0.605892 0.743786 0.603340 0.742073 0.600752 0.740731 0.599660 0.738712 0.598265
1 0.270547 0.565387 0.267653 0.565868 0.265006 0.567346 0.263290 0.569880 0.261964 0.573179 0.261036 0.577001 0.260629 0.581844 0.260508 0.586224 0.260962 0.589678 0.261690 0.593156 0.263259 0.595975 0.265923 0.598889 0.268737 0.601329 0.271632 0.600848 0.274142 0.599359 0.276138 0.596605 0.277594 0.593561 0.279207 0.589798 0.280025 0.584991 0.280158 0.580124 0.279430 0.576646 0.278703 0.573168 0.277401 0.570616 0.275688 0.568029 0.274346 0.566937 0.272327 0.565542
1 0.477291 0.582241 0.474396 0.582722 0.471749 0.584199 0.470033 0.586733 0.468707 0.590033 0.467779 0.593855 0.467372 0.598698 0.467252 0.603078 0.467706 0.606532 0.468433 0.610010 0.470002 0.612829 0.472666 0.615743 0.475481 0.618182 0.478375 0.617702 0.480885 0.616212 0.482882 0.613459 0.484337 0.610414 0.485950 0.606652 0.486768 0.601844 0.486901 0.596978 0.486174 0.593500 0.485446 0.590022 0.484144 0.587470 0.482432 0.584882 0.481090 0.583790 0.479070 0.582395
1 0.790246 0.600233 0.787352 0.600713 0.784704 0.602191 0.782989 0.604725 0.781663 0.608025 0.780735 0.611847 0.780328 0.616690 0.780207 0.621070 0.780661 0.624524 0.781389 0.628002 0.782958 0.630821 0.785622 0.633735 0.788436 0.636174 0.791331 0.635694 0.793841 0.634204 0.795837 0.631450 0.797293 0.628406 0.798906 0.624643 0.799723 0.619836 0.799857 0.614969 0.799129 0.611492 0.798402 0.608014 0.797100 0.605462 0.795387 0.602874 0.794045 0.601782 0.792026 0.600387
1 0.532244 0.584514 0.529350 0.584995 0.526702 0.586473 0.524986 0.589007 0.523661 0.592306 0.522733 0.596128 0.522326 0.600971 0.522205 0.605351 0.522659 0.608805 0.523387 0.612283 0.524956 0.615102 0.527620 0.618016 0.530434 0.620456 0.533329 0.619975 0.535839 0.618486 0.537835 0.615732 0.539291 0.612688 0.540903 0.608925 0.541721 0.604118 0.541855 0.599251 0.541127 0.595773 0.540400 0.592295 0.539098 0.589743 0.537385 0.587156 0.536043 0.586064 0.534023 0.584669
0 0.816972 0.294525 0.844927 0.296542 0.841820 0.442850 0.877079 0.446961 0.873716 0.569437 0.832002 0.565817 0.833938 0.496959 0.810424 0.494836
0 0.948160 0.306306 0.973014 0.309203 0.967159 0.504003 0.944439 0.503493 0.943733 0.571535 0.903702 0.570128 0.906424 0.447894 0.943210 0.450636
0 0.557931 0.275954 0.587223 0.278895 0.584072 0.426813 0.621165 0.430276 0.617803 0.552752 0.576088 0.549132 0.576599 0.482572 0.552632 0.480410
0 0.299455 0.262850 0.324178 0.264432 0.320220 0.408589 0.360054 0.411482 0.356691 0.533958 0.314977 0.530338 0.316257 0.460618 0.293790 0.459232
0 0.173474 0.253752 0.200287 0.254891 0.197547 0.455522 0.176632 0.454119 0.174766 0.522060 0.130667 0.519283 0.133389 0.397048 0.170295 0.400367
0 0.431815 0.268354 0.459755 0.268984 0.458383 0.471875 0.433724 0.471196 0.431858 0.539137 0.390144 0.535518 0.392866 0.413283 0.429652 0.416026
0 0.692900 0.287548 0.723340 0.289444 0.718121 0.494181 0.694865 0.492010 0.693066 0.557535 0.649517 0.554563 0.652239 0.432329 0.689025 0.435072
0 0.047207 0.247260 0.070723 0.249787 0.067886 0.396140 0.105364 0.398828 0.102002 0.521304 0.060287 0.517684 0.061568 0.447965 0.040867 0.446732
