1 0.204646 0.535820 0.202862 0.540287 0.202178 0.545195 0.202209 0.549235 0.202428 0.553312 0.203497 0.555876 0.204826 0.558827 0.206279 0.561299 0.207898 0.562627 0.209911 0.563696 0.212121 0.563124 0.213501 0.562219 0.215400 0.560577 0.216760 0.558492 0.218072 0.556215 0.218867 0.552429 0.219221 0.548282 0.218895 0.543722 0.218094 0.539194 0.216706 0.536630 0.215184 0.534451 0.212838 0.532273 0.210523 0.531816 0.208419 0.532382 0.206831 0.533539
1 0.730408 0.619155 0.727502 0.619318 0.724809 0.620502 0.723008 0.622843 0.721571 0.625991 0.720512 0.629704 0.719937 0.634493 0.719665 0.638852 0.719998 0.642349 0.720604 0.645900 0.722072 0.648886 0.724630 0.652087 0.727354 0.654830 0.730260 0.654668 0.732817 0.653456 0.734905 0.650927 0.736464 0.648047 0.738204 0.644469 0.739187 0.639760 0.739489 0.634918 0.738883 0.631367 0.738278 0.627816 0.737067 0.625126 0.735447 0.622355 0.734146 0.621118 0.732178 0.619504
1 0.265785 0.539528 0.262880 0.539691 0.260186 0.540875 0.258386 0.543216 0.256948 0.546365 0.255889 0.550077 0.255315 0.554866 0.255043 0.559225 0.255376 0.562722 0.255982 0.566273 0.257450 0.569259 0.260008 0.572460 0.262732 0.575203 0.265638 0.575041 0.268195 0.573829 0.270283 0.571300 0.271841 0.568420 0.273581 0.564842 0.274565 0.560133 0.274867 0.555291 0.274261 0.551740 0.273655 0.548189 0.272444 0.545499 0.270825 0.542728 0.269523 0.541491 0.267556 0.539877
1 0.471159 0.575775 0.468254 0.575938 0.465560 0.577122 0.463760 0.579464 0.462322 0.582612 0.461263 0.586325 0.460689 0.591114 0.460417 0.595472 0.460750 0.598969 0.461356 0.602520 0.462824 0.605506 0.465382 0.608707 0.468106 0.611450 0.471012 0.611288 0.473569 0.610076 0.475657 0.607547 0.477216 0.604668 0.478955 0.601089 0.479939 0.596381 0.480241 0.591538 0.479635 0.587987 0.479029 0.584436 0.477819 0.581746 0.476199 0.578975 0.474897 0.577738 0.472930 0.576125
1 0.785240 0.628507 0.782334 0.628669 0.779640 0.629854 0.777840 0.632195 0.776403 0.635343 0.775344 0.639056 0.774769 0.643845 0.774497 0.648204 0.774830 0.651701 0.775436 0.655252 0.776904 0.658238 0.779462 0.661438 0.782186 0.664182 0.785092 0.664019 0.787649 0.662808 0.789737 0.660278 0.791296 0.657399 0.793036 0.653820 0.794019 0.649112 0.794321 0.644269 0.793715 0.640718 0.793110 0.637167 0.791899 0.634477 0.790279 0.631707 0.788978 0.630470 0.787010 0.628856
1 0.526516 0.584185 0.523610 0.584347 0.520917 0.585532 0.519116 0.587873 0.517679 0.591021 0.516620 0.594734 0.516045 0.599523 0.515773 0.603882 0.516106 0.607379 0.516712 0.610930 0.518180 0.613916 0.520738 0.617116 0.523462 0.619860 0.526368 0.619697 0.528925 0.618486 0.531013 0.615956 0.532572 0.613077 0.534312 0.609499 0.535295 0.604790 0.535597 0.599947 0.534991 0.596396 0.534386 0.592845 0.533175 0.590155 0.531555 0.587385 0.530254 0.586148 0.528286 0.584534
0 0.821192 0.330025 0.848172 0.334124 0.838543 0.481149 0.878201 0.488404 0.870596 0.610278 0.829087 0.602092 0.833407 0.533577 0.810012 0.528880
0 0.952723 0.354742 0.974725 0.359825 0.964829 0.554146 0.942169 0.551146 0.939105 0.618981 0.899198 0.613187 0.906156 0.491484 0.942776 0.498255
0 0.564304 0.283857 0.591285 0.287956 0.581655 0.434981 0.621313 0.442236 0.613708 0.564110 0.572199 0.555924 0.576520 0.487409 0.553124 0.482712
0 0.304547 0.240621 0.329168 0.244910 0.320217 0.388359 0.359874 0.395614 0.352270 0.517488 0.310760 0.509301 0.314457 0.439855 0.292080 0.436008
0 0.178565 0.217131 0.204798 0.219933 0.198429 0.423257 0.175192 0.420143 0.170974 0.487750 0.129464 0.479564 0.136421 0.357861 0.173042 0.364631
0 0.437636 0.260857 0.463348 0.262501 0.455742 0.466636 0.432505 0.463522 0.428286 0.531130 0.386776 0.522944 0.393734 0.401240 0.430354 0.408011
0 0.699931 0.305943 0.726741 0.308859 0.716333 0.511386 0.693096 0.508273 0.688878 0.575880 0.647368 0.567694 0.654326 0.445990 0.690946 0.452761
0 0.054298 0.200761 0.077160 0.204704 0.068209 0.348152 0.107867 0.355407 0.100262 0.477281 0.058752 0.469095 0.062449 0.399648 0.041831 0.396148
