1 0.786025 0.595591 0.787521 0.600380 0.787896 0.605391 0.787615 0.609401 0.787145 0.613410 0.785923 0.615749 0.784420 0.618422 0.782822 0.620594 0.781130 0.621596 0.779063 0.622265 0.776902 0.621262 0.775586 0.620093 0.773801 0.618088 0.772579 0.615749 0.771416 0.613229 0.770860 0.609310 0.770766 0.605120 0.771373 0.600651 0.772450 0.596308 0.773989 0.594031 0.775636 0.592165 0.778103 0.590459 0.780432 0.590459 0.782488 0.591434 0.783995 0.592895
1 0.258890 0.575363 0.261768 0.576094 0.264371 0.577800 0.266016 0.580479 0.267249 0.583890 0.268071 0.587788 0.268345 0.592660 0.268345 0.597045 0.267797 0.600456 0.266975 0.603867 0.265331 0.606547 0.262590 0.609226 0.259712 0.611419 0.256834 0.610688 0.254368 0.608983 0.252449 0.606059 0.251079 0.602892 0.249572 0.598994 0.248886 0.594122 0.248886 0.589250 0.249709 0.585839 0.250531 0.582428 0.251901 0.579992 0.253683 0.577556 0.255053 0.576581 0.257109 0.575363
1 0.724439 0.587292 0.727316 0.588023 0.729920 0.589728 0.731564 0.592408 0.732798 0.595819 0.733620 0.599717 0.733894 0.604589 0.733894 0.608974 0.733346 0.612385 0.732524 0.615796 0.730879 0.618475 0.728139 0.621155 0.725261 0.623348 0.722383 0.622617 0.719916 0.620912 0.717998 0.617988 0.716628 0.614821 0.715120 0.610923 0.714435 0.606051 0.714435 0.601178 0.715257 0.597768 0.716079 0.594357 0.717450 0.591921 0.719231 0.589485 0.720602 0.588510 0.722657 0.587292
1 0.519248 0.583063 0.522126 0.583794 0.524729 0.585499 0.526374 0.588179 0.527607 0.591590 0.528429 0.595488 0.528703 0.600360 0.528703 0.604745 0.528155 0.608156 0.527333 0.611566 0.525689 0.614246 0.522948 0.616926 0.520070 0.619119 0.517192 0.618388 0.514726 0.616682 0.512807 0.613759 0.511437 0.610592 0.509930 0.606694 0.509244 0.601822 0.509244 0.596949 0.510067 0.593539 0.510889 0.590128 0.512259 0.587692 0.514041 0.585256 0.515411 0.584281 0.517466 0.583063
1 0.205581 0.573911 0.208459 0.574641 0.211063 0.576347 0.212707 0.579027 0.213941 0.582437 0.214763 0.586335 0.215037 0.591207 0.215037 0.595593 0.214489 0.599003 0.213666 0.602414 0.212022 0.605094 0.209281 0.607774 0.206404 0.609966 0.203526 0.609235 0.201059 0.607530 0.199141 0.604607 0.197770 0.601439 0.196263 0.597542 0.195578 0.592669 0.195578 0.587797 0.196400 0.584386 0.197222 0.580975 0.198593 0.578539 0.200374 0.576103 0.201744 0.575129 0.203800 0.573911
1 0.463708 0.580571 0.466585 0.581302 0.469189 0.583007 0.470834 0.585687 0.472067 0.589098 0.472889 0.592996 0.473163 0.597868 0.473163 0.602253 0.472615 0.605664 0.471793 0.609075 0.470148 0.611754 0.467408 0.614434 0.464530 0.616627 0.461652 0.615896 0.459186 0.614190 0.457267 0.611267 0.455897 0.608100 0.454389 0.604202 0.453704 0.599330 0.453704 0.594457 0.454526 0.591047 0.455349 0.587636 0.456719 0.585200 0.458500 0.582764 0.459871 0.581789 0.461926 0.580571
0 0.186091 0.269395 0.158114 0.268987 0.157206 0.415390 0.121876 0.416441 0.121876 0.539062 0.163640 0.539062 0.163594 0.470118 0.187139 0.470035
0 0.055916 0.267696 0.031011 0.268435 0.031517 0.463511 0.054225 0.464971 0.053064 0.532993 0.093086 0.535057 0.093719 0.412732 0.056902 0.412283
0 0.446091 0.271199 0.416753 0.271598 0.415844 0.419614 0.378700 0.419858 0.378700 0.542480 0.420464 0.542480 0.421779 0.475955 0.445777 0.475872
0 0.705041 0.282609 0.680304 0.282047 0.680304 0.426375 0.640438 0.425813 0.640438 0.548434 0.682203 0.548434 0.682835 0.478686 0.705314 0.479248
0 0.831122 0.285488 0.804309 0.284302 0.801544 0.484932 0.822473 0.485344 0.822473 0.553366 0.866596 0.554414 0.867229 0.432089 0.830277 0.432205
0 0.572688 0.275587 0.544763 0.273794 0.540569 0.476563 0.565218 0.478023 0.565218 0.546045 0.606983 0.546045 0.607615 0.423720 0.570798 0.423271
0 0.310964 0.271083 0.280508 0.270338 0.280107 0.475284 0.303395 0.475131 0.303395 0.540734 0.346974 0.541540 0.347606 0.419215 0.310789 0.418767
0 0.958005 0.288899 0.934448 0.289385 0.933269 0.435810 0.895762 0.435247 0.895762 0.557869 0.937526 0.557869 0.938159 0.488121 0.958868 0.488683
