1 0.787596 0.578414 0.789092 0.583203 0.789468 0.588215 0.789186 0.592224 0.788716 0.596234 0.787495 0.598573 0.785991 0.601246 0.784394 0.603417 0.782702 0.604420 0.780635 0.605088 0.778473 0.604086 0.777158 0.602916 0.775372 0.600912 0.774151 0.598573 0.772988 0.596053 0.772432 0.592134 0.772338 0.587943 0.772945 0.583475 0.774021 0.579131 0.775560 0.576855 0.777207 0.574988 0.779674 0.573283 0.782004 0.573283 0.784059 0.574257 0.785567 0.575719
1 0.258318 0.564961 0.261196 0.565692 0.263800 0.567397 0.265444 0.570077 0.266677 0.573488 0.267500 0.577386 0.267774 0.582258 0.267774 0.586643 0.267226 0.590054 0.266403 0.593465 0.264759 0.596144 0.262018 0.598824 0.259140 0.601017 0.256263 0.600286 0.253796 0.598581 0.251878 0.595657 0.250507 0.592490 0.249000 0.588592 0.248315 0.583720 0.248315 0.578847 0.249137 0.575437 0.249959 0.572026 0.251329 0.569590 0.253111 0.567154 0.254481 0.566179 0.256537 0.564961
1 0.726997 0.571749 0.729874 0.572479 0.732478 0.574185 0.734122 0.576865 0.735356 0.580275 0.736178 0.584173 0.736452 0.589046 0.736452 0.593431 0.735904 0.596841 0.735082 0.600252 0.733437 0.602932 0.730697 0.605612 0.727819 0.607804 0.724941 0.607073 0.722474 0.605368 0.720556 0.602445 0.719186 0.599278 0.717678 0.595380 0.716993 0.590507 0.716993 0.585635 0.717815 0.582224 0.718637 0.578814 0.720008 0.576377 0.721789 0.573941 0.723160 0.572967 0.725215 0.571749
1 0.519681 0.570120 0.522559 0.570851 0.525162 0.572556 0.526807 0.575236 0.528040 0.578647 0.528862 0.582545 0.529136 0.587417 0.529136 0.591802 0.528588 0.595213 0.527766 0.598624 0.526122 0.601303 0.523381 0.603983 0.520503 0.606176 0.517625 0.605445 0.515159 0.603740 0.513240 0.600816 0.511870 0.597649 0.510363 0.593751 0.509677 0.588879 0.509677 0.584006 0.510500 0.580596 0.511322 0.577185 0.512692 0.574749 0.514474 0.572313 0.515844 0.571338 0.517900 0.570120
1 0.203914 0.564185 0.206792 0.564916 0.209396 0.566622 0.211040 0.569301 0.212273 0.572712 0.213096 0.576610 0.213370 0.581482 0.213370 0.585868 0.212821 0.589278 0.211999 0.592689 0.210355 0.595369 0.207614 0.598049 0.204736 0.600241 0.201859 0.599510 0.199392 0.597805 0.197473 0.594881 0.196103 0.591714 0.194596 0.587817 0.193911 0.582944 0.193911 0.578072 0.194733 0.574661 0.195555 0.571250 0.196925 0.568814 0.198707 0.566378 0.200077 0.565404 0.202133 0.564185
1 0.464111 0.567415 0.466989 0.568145 0.469592 0.569851 0.471237 0.572531 0.472470 0.575941 0.473292 0.579839 0.473567 0.584712 0.473567 0.589097 0.473018 0.592507 0.472196 0.595918 0.470552 0.598598 0.467811 0.601278 0.464933 0.603470 0.462056 0.602739 0.459589 0.601034 0.457670 0.598111 0.456300 0.594944 0.454793 0.591046 0.454107 0.586173 0.454107 0.581301 0.454930 0.577890 0.455752 0.574480 0.457122 0.572043 0.458904 0.569607 0.460274 0.568633 0.462330 0.567415
0 0.183162 0.259215 0.156092 0.259614 0.156647 0.407630 0.119049 0.407067 0.119049 0.529688 0.160813 0.529688 0.160768 0.460744 0.184312 0.460661
0 0.054937 0.261736 0.028219 0.261669 0.026910 0.458358 0.048257 0.459817 0.048456 0.527839 0.088479 0.529904 0.089112 0.407578 0.052295 0.407130
0 0.444158 0.259418 0.414821 0.259817 0.413912 0.407833 0.376767 0.408077 0.376767 0.530698 0.418532 0.530698 0.419847 0.464173 0.443845 0.464090
0 0.707463 0.262539 0.680458 0.261976 0.679551 0.412755 0.640592 0.412193 0.640592 0.534814 0.682357 0.534814 0.682990 0.465066 0.706375 0.465629
0 0.835081 0.266547 0.806908 0.263748 0.802328 0.467603 0.823258 0.468015 0.823258 0.536037 0.867381 0.537085 0.868014 0.414760 0.831061 0.414876
0 0.571658 0.260105 0.543733 0.258312 0.540901 0.462693 0.565549 0.464153 0.565549 0.532175 0.607314 0.532175 0.607947 0.409850 0.569315 0.408595
0 0.308447 0.258253 0.277991 0.257509 0.277589 0.462455 0.300877 0.462302 0.300877 0.527905 0.344456 0.528711 0.345089 0.406386 0.308272 0.405937
0 0.963009 0.273909 0.935823 0.271975 0.934643 0.418400 0.897136 0.417838 0.897136 0.540459 0.938900 0.540459 0.939533 0.470711 0.960243 0.471273
