1 0.212383 0.395604 0.210887 0.390815 0.210511 0.385803 0.210793 0.381793 0.211263 0.377784 0.212485 0.375445 0.213988 0.372772 0.215586 0.370600 0.217277 0.369598 0.219345 0.368930 0.221506 0.369932 0.222822 0.371102 0.224607 0.373106 0.225829 0.375445 0.226992 0.377965 0.227548 0.381884 0.227642 0.386074 0.227035 0.390543 0.225958 0.394887 0.224419 0.397163 0.222772 0.399030 0.220305 0.400735 0.217976 0.400735 0.215920 0.399761 0.214413 0.398299
1 0.740874 0.415726 0.737996 0.414995 0.735393 0.413290 0.733748 0.410610 0.732515 0.407200 0.731693 0.403302 0.731419 0.398429 0.731419 0.394044 0.731967 0.390633 0.732789 0.387223 0.734433 0.384543 0.737174 0.381863 0.740052 0.379671 0.742930 0.380401 0.745396 0.382107 0.747315 0.385030 0.748685 0.388197 0.750193 0.392095 0.750878 0.396968 0.750878 0.401840 0.750056 0.405251 0.749233 0.408661 0.747863 0.411097 0.746082 0.413534 0.744711 0.414508 0.742656 0.415726
1 0.274913 0.402539 0.272035 0.401809 0.269431 0.400103 0.267787 0.397423 0.266554 0.394013 0.265731 0.390115 0.265457 0.385243 0.265457 0.380857 0.266005 0.377447 0.266828 0.374036 0.268472 0.371356 0.271213 0.368676 0.274091 0.366484 0.276968 0.367215 0.279435 0.368920 0.281353 0.371844 0.282724 0.375011 0.284231 0.378908 0.284916 0.383781 0.284916 0.388653 0.284094 0.392064 0.283272 0.395475 0.281902 0.397911 0.280120 0.400347 0.278750 0.401321 0.276694 0.402539
1 0.479573 0.407712 0.476695 0.406981 0.474091 0.405276 0.472447 0.402596 0.471214 0.399185 0.470391 0.395287 0.470117 0.390415 0.470117 0.386030 0.470665 0.382619 0.471488 0.379209 0.473132 0.376529 0.475873 0.373849 0.478751 0.371656 0.481628 0.372387 0.484095 0.374093 0.486013 0.377016 0.487384 0.380183 0.488891 0.384081 0.489576 0.388953 0.489576 0.393826 0.488754 0.397236 0.487932 0.400647 0.486562 0.403083 0.484780 0.405519 0.483410 0.406494 0.481354 0.407712
1 0.794949 0.418227 0.792072 0.417496 0.789468 0.415791 0.787823 0.413111 0.786590 0.409701 0.785768 0.405803 0.785494 0.400930 0.785494 0.396545 0.786042 0.393135 0.786864 0.389724 0.788509 0.387044 0.791249 0.384364 0.794127 0.382172 0.797005 0.382903 0.799472 0.384608 0.801390 0.387531 0.802760 0.390698 0.804268 0.394596 0.804953 0.399469 0.804953 0.404341 0.804131 0.407752 0.803309 0.411162 0.801938 0.413599 0.800157 0.416035 0.798786 0.417009 0.796731 0.418227
1 0.536823 0.410204 0.533945 0.409473 0.531342 0.407768 0.529697 0.405088 0.528464 0.401677 0.527642 0.397779 0.527368 0.392907 0.527368 0.388522 0.527916 0.385111 0.528738 0.381701 0.530382 0.379021 0.533123 0.376341 0.536001 0.374148 0.538879 0.374879 0.541345 0.376585 0.543264 0.379508 0.544634 0.382675 0.546141 0.386573 0.546827 0.391445 0.546827 0.396318 0.546004 0.399728 0.545182 0.403139 0.543812 0.405575 0.542030 0.408011 0.540660 0.408986 0.538604 0.410204
0 0.814027 0.721800 0.842004 0.722207 0.842912 0.575804 0.878242 0.574754 0.878242 0.452132 0.836478 0.452132 0.836523 0.521076 0.812979 0.521160
0 0.944615 0.722765 0.969519 0.722026 0.969013 0.526949 0.946306 0.525490 0.947467 0.457468 0.907444 0.455403 0.906812 0.577728 0.943629 0.578177
0 0.553909 0.719261 0.583247 0.718862 0.584156 0.570846 0.621300 0.570602 0.621300 0.447981 0.579536 0.447981 0.578221 0.514506 0.554223 0.514589
0 0.293957 0.707222 0.318693 0.707785 0.318693 0.563457 0.358559 0.564019 0.358559 0.441398 0.316795 0.441398 0.316162 0.511146 0.293684 0.510583
0 0.167876 0.705392 0.194689 0.706578 0.197454 0.505948 0.176525 0.505536 0.176525 0.437514 0.132401 0.436466 0.131769 0.558791 0.168721 0.558675
0 0.427077 0.715922 0.455001 0.717714 0.459195 0.514946 0.434546 0.513486 0.434546 0.445464 0.392781 0.445464 0.392149 0.567789 0.428966 0.568238
0 0.689803 0.719378 0.720258 0.720122 0.720660 0.515176 0.697372 0.515330 0.697372 0.449727 0.653793 0.448920 0.653160 0.571245 0.689977 0.571694
0 0.041582 0.703658 0.065139 0.703172 0.066318 0.556748 0.103826 0.557310 0.103826 0.434689 0.062061 0.434689 0.061429 0.504437 0.040719 0.503874
