1 0.790274 0.593494 0.791770 0.598283 0.792146 0.603295 0.791864 0.607304 0.791394 0.611314 0.790172 0.613653 0.788669 0.616326 0.787071 0.618497 0.785380 0.619500 0.783312 0.620168 0.781151 0.619166 0.779835 0.617996 0.778050 0.615992 0.776828 0.613653 0.775665 0.611133 0.775109 0.607214 0.775015 0.603023 0.775622 0.598555 0.776699 0.594211 0.778238 0.591935 0.779885 0.590068 0.782352 0.588363 0.784681 0.588363 0.786737 0.589337 0.788244 0.590799
1 0.262549 0.574099 0.265427 0.574830 0.268031 0.576535 0.269675 0.579215 0.270909 0.582626 0.271731 0.586524 0.272005 0.591396 0.272005 0.595781 0.271457 0.599192 0.270635 0.602602 0.268990 0.605282 0.266249 0.607962 0.263372 0.610155 0.260494 0.609424 0.258027 0.607718 0.256109 0.604795 0.254738 0.601628 0.253231 0.597730 0.252546 0.592858 0.252546 0.587985 0.253368 0.584575 0.254190 0.581164 0.255561 0.578728 0.257342 0.576292 0.258712 0.575317 0.260768 0.574099
1 0.729277 0.586876 0.732155 0.587607 0.734759 0.589312 0.736403 0.591992 0.737637 0.595403 0.738459 0.599301 0.738733 0.604173 0.738733 0.608558 0.738185 0.611969 0.737363 0.615379 0.735718 0.618059 0.732977 0.620739 0.730100 0.622932 0.727222 0.622201 0.724755 0.620495 0.722837 0.617572 0.721466 0.614405 0.719959 0.610507 0.719274 0.605635 0.719274 0.600762 0.720096 0.597352 0.720918 0.593941 0.722289 0.591505 0.724070 0.589069 0.725440 0.588094 0.727496 0.586876
1 0.523263 0.582431 0.526141 0.583162 0.528745 0.584867 0.530389 0.587547 0.531622 0.590958 0.532444 0.594855 0.532719 0.599728 0.532719 0.604113 0.532170 0.607524 0.531348 0.610934 0.529704 0.613614 0.526963 0.616294 0.524085 0.618486 0.521208 0.617756 0.518741 0.616050 0.516822 0.613127 0.515452 0.609960 0.513945 0.606062 0.513259 0.601190 0.513259 0.596317 0.514082 0.592906 0.514904 0.589496 0.516274 0.587060 0.518056 0.584623 0.519426 0.583649 0.521482 0.582431
1 0.209241 0.572438 0.212119 0.573169 0.214722 0.574874 0.216367 0.577554 0.217600 0.580965 0.218422 0.584863 0.218696 0.589735 0.218696 0.594120 0.218148 0.597531 0.217326 0.600942 0.215682 0.603621 0.212941 0.606301 0.210063 0.608494 0.207185 0.607763 0.204719 0.606058 0.202800 0.603134 0.201430 0.599967 0.199922 0.596069 0.199237 0.591197 0.199237 0.586324 0.200059 0.582914 0.200882 0.579503 0.202252 0.577067 0.204034 0.574631 0.205404 0.573656 0.207459 0.572438
1 0.467840 0.579939 0.470718 0.580670 0.473321 0.582375 0.474966 0.585055 0.476199 0.588466 0.477021 0.592363 0.477295 0.597236 0.477295 0.601621 0.476747 0.605032 0.475925 0.608442 0.474281 0.611122 0.471540 0.613802 0.468662 0.615995 0.465784 0.615264 0.463318 0.613558 0.461399 0.610635 0.460029 0.607468 0.458521 0.603570 0.457836 0.598698 0.457836 0.593825 0.458658 0.590415 0.459481 0.587004 0.460851 0.584568 0.462633 0.582131 0.464003 0.581157 0.466058 0.579939
0 0.189040 0.267298 0.161063 0.266890 0.160154 0.413294 0.124824 0.414344 0.124824 0.536965 0.166588 0.536965 0.166543 0.468021 0.190087 0.467938
0 0.057685 0.267696 0.032780 0.268435 0.033286 0.463511 0.055994 0.464971 0.054833 0.532993 0.094855 0.535057 0.095488 0.412732 0.058671 0.412283
0 0.448869 0.271199 0.419531 0.271598 0.418622 0.419614 0.381478 0.419858 0.381478 0.542480 0.423242 0.542480 0.424558 0.475955 0.448555 0.475872
0 0.709109 0.277787 0.682840 0.278587 0.683606 0.427004 0.643740 0.426442 0.643740 0.549063 0.685505 0.549063 0.686137 0.479315 0.709663 0.480498
0 0.838257 0.279618 0.809911 0.279794 0.805612 0.484513 0.826542 0.484924 0.826542 0.552946 0.870665 0.553995 0.871298 0.431669 0.834345 0.431785
0 0.575990 0.275902 0.548065 0.274109 0.543872 0.476878 0.568520 0.478337 0.568520 0.546359 0.610285 0.546359 0.610918 0.424034 0.574100 0.423586
0 0.313742 0.269437 0.283286 0.268692 0.282885 0.473638 0.306173 0.473485 0.306173 0.539088 0.349752 0.539894 0.350384 0.417569 0.313567 0.417120
0 0.959185 0.286802 0.935628 0.287288 0.934448 0.433713 0.896941 0.433151 0.896941 0.555772 0.938705 0.555772 0.939338 0.486024 0.960048 0.486587
