1 0.205947 0.405700 0.204451 0.400911 0.204075 0.395899 0.204357 0.391889 0.204827 0.387880 0.206048 0.385541 0.207552 0.382868 0.209150 0.380696 0.210841 0.379694 0.212908 0.379026 0.215070 0.380028 0.216385 0.381197 0.218171 0.383202 0.219393 0.385541 0.220555 0.388061 0.221111 0.391980 0.221205 0.396170 0.220598 0.400639 0.219522 0.404983 0.217983 0.407259 0.216336 0.409126 0.213869 0.410831 0.211539 0.410831 0.209484 0.409857 0.207976 0.408395
1 0.734578 0.425927 0.731701 0.425196 0.729097 0.423491 0.727453 0.420811 0.726219 0.417400 0.725397 0.413502 0.725123 0.408630 0.725123 0.404245 0.725671 0.400834 0.726493 0.397423 0.728138 0.394744 0.730878 0.392064 0.733756 0.389871 0.736634 0.390602 0.739101 0.392307 0.741019 0.395231 0.742389 0.398398 0.743897 0.402296 0.744582 0.407168 0.744582 0.412041 0.743760 0.415451 0.742938 0.418862 0.741567 0.421298 0.739786 0.423734 0.738415 0.424709 0.736360 0.425927
1 0.266943 0.413192 0.264066 0.412461 0.261462 0.410756 0.259817 0.408076 0.258584 0.404665 0.257762 0.400767 0.257488 0.395895 0.257488 0.391510 0.258036 0.388099 0.258858 0.384688 0.260503 0.382008 0.263243 0.379329 0.266121 0.377136 0.268999 0.377867 0.271465 0.379572 0.273384 0.382496 0.274754 0.385663 0.276262 0.389561 0.276947 0.394433 0.276947 0.399305 0.276125 0.402716 0.275302 0.406127 0.273932 0.408563 0.272151 0.410999 0.270780 0.411974 0.268725 0.413192
1 0.472860 0.417421 0.469982 0.416690 0.467378 0.414985 0.465734 0.412305 0.464500 0.408894 0.463678 0.404996 0.463404 0.400124 0.463404 0.395739 0.463952 0.392328 0.464775 0.388917 0.466419 0.386238 0.469160 0.383558 0.472037 0.381365 0.474915 0.382096 0.477382 0.383801 0.479300 0.386725 0.480671 0.389892 0.482178 0.393790 0.482863 0.398662 0.482863 0.403534 0.482041 0.406945 0.481219 0.410356 0.479848 0.412792 0.478067 0.415228 0.476697 0.416203 0.474641 0.417421
1 0.787842 0.427380 0.784964 0.426649 0.782360 0.424943 0.780716 0.422264 0.779482 0.418853 0.778660 0.414955 0.778386 0.410083 0.778386 0.405698 0.778934 0.402287 0.779757 0.398876 0.781401 0.396196 0.784142 0.393517 0.787019 0.391324 0.789897 0.392055 0.792364 0.393760 0.794282 0.396684 0.795653 0.399851 0.797160 0.403749 0.797845 0.408621 0.797845 0.413493 0.797023 0.416904 0.796201 0.420315 0.794830 0.422751 0.793049 0.425187 0.791679 0.426162 0.789623 0.427380
1 0.528400 0.420719 0.525522 0.419988 0.522918 0.418283 0.521274 0.415603 0.520041 0.412192 0.519219 0.408295 0.518944 0.403422 0.518944 0.399037 0.519493 0.395626 0.520315 0.392216 0.521959 0.389536 0.524700 0.386856 0.527578 0.384664 0.530455 0.385394 0.532922 0.387100 0.534841 0.390023 0.536211 0.393190 0.537718 0.397088 0.538404 0.401960 0.538404 0.406833 0.537581 0.410244 0.536759 0.413654 0.535389 0.416090 0.533607 0.418527 0.532237 0.419501 0.530181 0.420719
0 0.805971 0.732702 0.833041 0.733916 0.832589 0.585900 0.872455 0.586462 0.872455 0.463841 0.830690 0.463841 0.830736 0.532785 0.807192 0.532868
0 0.937779 0.731498 0.963137 0.732371 0.963539 0.535682 0.940831 0.534223 0.941992 0.466201 0.901970 0.464136 0.901337 0.586462 0.938154 0.586910
0 0.548239 0.726623 0.575309 0.727837 0.574857 0.579821 0.614723 0.580384 0.614723 0.457762 0.572959 0.457762 0.573004 0.526707 0.549460 0.526790
0 0.286931 0.719487 0.311667 0.720050 0.311667 0.575722 0.351533 0.576284 0.351533 0.453663 0.309769 0.453663 0.309136 0.523411 0.286658 0.522848
0 0.159353 0.718947 0.185600 0.721304 0.191879 0.517971 0.168591 0.516511 0.168591 0.448489 0.126827 0.448489 0.126194 0.570814 0.163011 0.571263
0 0.420010 0.724655 0.446120 0.727254 0.451221 0.522872 0.426572 0.521413 0.426572 0.453391 0.384807 0.453391 0.384175 0.575716 0.421445 0.576164
0 0.683502 0.730449 0.710329 0.732807 0.712545 0.529474 0.689257 0.528014 0.689257 0.459992 0.647493 0.459992 0.646860 0.582317 0.683677 0.582766
0 0.035735 0.710053 0.058703 0.710615 0.058703 0.566287 0.098569 0.566849 0.098569 0.444228 0.056804 0.444228 0.056171 0.513976 0.035462 0.513413
