1 0.209726 0.406506 0.208230 0.401717 0.207854 0.396705 0.208136 0.392696 0.208606 0.388686 0.209828 0.386347 0.211331 0.383674 0.212929 0.381503 0.214620 0.380500 0.216688 0.379832 0.218849 0.380834 0.220165 0.382004 0.221950 0.384008 0.223172 0.386347 0.224335 0.388867 0.224891 0.392786 0.224985 0.396977 0.224378 0.401445 0.223301 0.405789 0.221762 0.408065 0.220115 0.409932 0.217648 0.411637 0.215319 0.411637 0.213263 0.410663 0.211756 0.409201
1 0.737451 0.425901 0.734573 0.425170 0.731969 0.423465 0.730325 0.420785 0.729091 0.417374 0.728269 0.413476 0.727995 0.408604 0.727995 0.404219 0.728543 0.400808 0.729365 0.397398 0.731010 0.394718 0.733751 0.392038 0.736628 0.389845 0.739506 0.390576 0.741973 0.392282 0.743891 0.395205 0.745262 0.398372 0.746769 0.402270 0.747454 0.407142 0.747454 0.412015 0.746632 0.415425 0.745810 0.418836 0.744439 0.421272 0.742658 0.423708 0.741288 0.424683 0.739232 0.425901
1 0.270723 0.413124 0.267845 0.412393 0.265241 0.410688 0.263597 0.408008 0.262363 0.404597 0.261541 0.400699 0.261267 0.395827 0.261267 0.391442 0.261815 0.388031 0.262637 0.384621 0.264282 0.381941 0.267023 0.379261 0.269900 0.377068 0.272778 0.377799 0.275245 0.379505 0.277163 0.382428 0.278534 0.385595 0.280041 0.389493 0.280726 0.394365 0.280726 0.399238 0.279904 0.402648 0.279082 0.406059 0.277711 0.408495 0.275930 0.410931 0.274560 0.411906 0.272504 0.413124
1 0.476737 0.417569 0.473859 0.416838 0.471255 0.415133 0.469611 0.412453 0.468378 0.409042 0.467556 0.405145 0.467281 0.400272 0.467281 0.395887 0.467830 0.392476 0.468652 0.389066 0.470296 0.386386 0.473037 0.383706 0.475915 0.381514 0.478792 0.382244 0.481259 0.383950 0.483178 0.386873 0.484548 0.390040 0.486055 0.393938 0.486741 0.398810 0.486741 0.403683 0.485918 0.407094 0.485096 0.410504 0.483726 0.412940 0.481944 0.415377 0.480574 0.416351 0.478518 0.417569
1 0.790759 0.427562 0.787881 0.426831 0.785278 0.425126 0.783633 0.422446 0.782400 0.419035 0.781578 0.415137 0.781304 0.410265 0.781304 0.405880 0.781852 0.402469 0.782674 0.399058 0.784318 0.396379 0.787059 0.393699 0.789937 0.391506 0.792815 0.392237 0.795281 0.393942 0.797200 0.396866 0.798570 0.400033 0.800078 0.403931 0.800763 0.408803 0.800763 0.413676 0.799941 0.417086 0.799118 0.420497 0.797748 0.422933 0.795966 0.425369 0.794596 0.426344 0.792541 0.427562
1 0.532160 0.420061 0.529282 0.419330 0.526679 0.417625 0.525034 0.414945 0.523801 0.411534 0.522979 0.407637 0.522705 0.402764 0.522705 0.398379 0.523253 0.394968 0.524075 0.391558 0.525719 0.388878 0.528460 0.386198 0.531338 0.384005 0.534216 0.384736 0.536682 0.386442 0.538601 0.389365 0.539971 0.392532 0.541479 0.396430 0.542164 0.401302 0.542164 0.406175 0.541342 0.409585 0.540519 0.412996 0.539149 0.415432 0.537367 0.417869 0.535997 0.418843 0.533942 0.420061
0 0.810960 0.732702 0.838937 0.733110 0.839846 0.586706 0.875176 0.585656 0.875176 0.463035 0.833412 0.463035 0.833457 0.531979 0.809913 0.532062
0 0.942315 0.732304 0.967220 0.731565 0.966714 0.536489 0.944006 0.535029 0.945167 0.467007 0.905145 0.464943 0.904512 0.587268 0.941329 0.587717
0 0.551131 0.728801 0.580469 0.728402 0.581378 0.580386 0.618522 0.580142 0.618522 0.457520 0.576758 0.457520 0.575442 0.524045 0.551445 0.524128
0 0.290891 0.722213 0.317160 0.721413 0.316394 0.572996 0.356260 0.573558 0.356260 0.450937 0.314495 0.450937 0.313863 0.520685 0.290337 0.519502
0 0.161743 0.720382 0.190089 0.720206 0.194388 0.515487 0.173458 0.515076 0.173458 0.447054 0.129335 0.446005 0.128702 0.568331 0.165655 0.568215
0 0.424010 0.724098 0.451935 0.725891 0.456128 0.523122 0.431480 0.521663 0.431480 0.453641 0.389715 0.453641 0.389082 0.575966 0.425900 0.576414
0 0.686258 0.730563 0.716714 0.731308 0.717115 0.526362 0.693827 0.526515 0.693827 0.460912 0.650248 0.460106 0.649616 0.582431 0.686433 0.582880
0 0.040815 0.713198 0.064372 0.712712 0.065552 0.566287 0.103059 0.566849 0.103059 0.444228 0.061295 0.444228 0.060662 0.513976 0.039952 0.513413
