1 0.212383 0.604396 0.210887 0.609185 0.210511 0.614197 0.210793 0.618207 0.211263 0.622216 0.212485 0.624555 0.213988 0.627228 0.215586 0.629400 0.217277 0.630402 0.219345 0.631070 0.221506 0.630068 0.222822 0.628898 0.224607 0.626894 0.225829 0.624555 0.226992 0.622035 0.227548 0.618116 0.227642 0.613926 0.227035 0.609457 0.225958 0.605113 0.224419 0.602837 0.222772 0.600970 0.220305 0.599265 0.217976 0.599265 0.215920 0.600239 0.214413 0.601701
1 0.740874 0.584274 0.737996 0.585005 0.735393 0.586710 0.733748 0.589390 0.732515 0.592800 0.731693 0.596698 0.731419 0.601571 0.731419 0.605956 0.731967 0.609367 0.732789 0.612777 0.734433 0.615457 0.737174 0.618137 0.740052 0.620329 0.742930 0.619599 0.745396 0.617893 0.747315 0.614970 0.748685 0.611803 0.750193 0.607905 0.750878 0.603032 0.750878 0.598160 0.750056 0.594749 0.749233 0.591339 0.747863 0.588903 0.746082 0.586466 0.744711 0.585492 0.742656 0.584274
1 0.274913 0.597461 0.272035 0.598191 0.269431 0.599897 0.267787 0.602577 0.266554 0.605987 0.265731 0.609885 0.265457 0.614757 0.265457 0.619143 0.266005 0.622553 0.266828 0.625964 0.268472 0.628644 0.271213 0.631324 0.274091 0.633516 0.276968 0.632785 0.279435 0.631080 0.281353 0.628156 0.282724 0.624989 0.284231 0.621092 0.284916 0.616219 0.284916 0.611347 0.284094 0.607936 0.283272 0.604525 0.281902 0.602089 0.280120 0.599653 0.278750 0.598679 0.276694 0.597461
1 0.479573 0.592288 0.476695 0.593019 0.474091 0.594724 0.472447 0.597404 0.471214 0.600815 0.470391 0.604713 0.470117 0.609585 0.470117 0.613970 0.470665 0.617381 0.471488 0.620791 0.473132 0.623471 0.475873 0.626151 0.478751 0.628344 0.481628 0.627613 0.484095 0.625907 0.486013 0.622984 0.487384 0.619817 0.488891 0.615919 0.489576 0.611047 0.489576 0.606174 0.488754 0.602764 0.487932 0.599353 0.486562 0.596917 0.484780 0.594481 0.483410 0.593506 0.481354 0.592288
1 0.794949 0.581773 0.792072 0.582504 0.789468 0.584209 0.787823 0.586889 0.786590 0.590299 0.785768 0.594197 0.785494 0.599070 0.785494 0.603455 0.786042 0.606865 0.786864 0.610276 0.788509 0.612956 0.791249 0.615636 0.794127 0.617828 0.797005 0.617097 0.799472 0.615392 0.801390 0.612469 0.802760 0.609302 0.804268 0.605404 0.804953 0.600531 0.804953 0.595659 0.804131 0.592248 0.803309 0.588838 0.801938 0.586401 0.800157 0.583965 0.798786 0.582991 0.796731 0.581773
1 0.536823 0.589796 0.533945 0.590527 0.531342 0.592232 0.529697 0.594912 0.528464 0.598323 0.527642 0.602221 0.527368 0.607093 0.527368 0.611478 0.527916 0.614889 0.528738 0.618299 0.530382 0.620979 0.533123 0.623659 0.536001 0.625852 0.538879 0.625121 0.541345 0.623415 0.543264 0.620492 0.544634 0.617325 0.546141 0.613427 0.546827 0.608555 0.546827 0.603682 0.546004 0.600272 0.545182 0.596861 0.543812 0.594425 0.542030 0.591989 0.540660 0.591014 0.538604 0.589796
0 0.814027 0.278200 0.842004 0.277793 0.842912 0.424196 0.878242 0.425246 0.878242 0.547868 0.836478 0.547868 0.836523 0.478924 0.812979 0.478840
0 0.944615 0.277235 0.969519 0.277974 0.969013 0.473051 0.946306 0.474510 0.947467 0.542532 0.907444 0.544597 0.906812 0.422272 0.943629 0.421823
0 0.553909 0.280739 0.583247 0.281138 0.584156 0.429154 0.621300 0.429398 0.621300 0.552019 0.579536 0.552019 0.578221 0.485494 0.554223 0.485411
0 0.293957 0.292778 0.318693 0.292215 0.318693 0.436543 0.358559 0.435981 0.358559 0.558602 0.316795 0.558602 0.316162 0.488854 0.293684 0.489417
0 0.167876 0.294608 0.194689 0.293422 0.197454 0.494052 0.176525 0.494464 0.176525 0.562486 0.132401 0.563534 0.131769 0.441209 0.168721 0.441325
0 0.427077 0.284078 0.455001 0.282286 0.459195 0.485054 0.434546 0.486514 0.434546 0.554536 0.392781 0.554536 0.392149 0.432211 0.428966 0.431762
0 0.689803 0.280622 0.720258 0.279878 0.720660 0.484824 0.697372 0.484670 0.697372 0.550273 0.653793 0.551080 0.653160 0.428755 0.689977 0.428306
0 0.041582 0.296342 0.065139 0.296828 0.066318 0.443252 0.103826 0.442690 0.103826 0.565311 0.062061 0.565311 0.061429 0.495563 0.040719 0.496126
