1 0.204834 0.405532 0.203338 0.400743 0.202962 0.395731 0.203244 0.391722 0.203714 0.387712 0.204936 0.385374 0.206439 0.382701 0.208037 0.380529 0.209728 0.379526 0.211796 0.378858 0.213957 0.379861 0.215273 0.381030 0.217058 0.383035 0.218280 0.385374 0.219443 0.387893 0.219999 0.391812 0.220093 0.396003 0.219486 0.400472 0.218409 0.404815 0.216870 0.407092 0.215223 0.408958 0.212756 0.410664 0.210427 0.410664 0.208371 0.409689 0.206864 0.408227
1 0.732011 0.424786 0.729133 0.424055 0.726529 0.422349 0.724885 0.419670 0.723652 0.416259 0.722829 0.412361 0.722555 0.407489 0.722555 0.403104 0.723103 0.399693 0.723926 0.396282 0.725570 0.393602 0.728311 0.390923 0.731189 0.388730 0.734066 0.389461 0.736533 0.391166 0.738451 0.394090 0.739822 0.397257 0.741329 0.401155 0.742014 0.406027 0.742014 0.410899 0.741192 0.414310 0.740370 0.417721 0.739000 0.420157 0.737218 0.422593 0.735848 0.423568 0.733792 0.424786
1 0.265283 0.414804 0.262405 0.414074 0.259801 0.412368 0.258157 0.409688 0.256924 0.406278 0.256101 0.402380 0.255827 0.397508 0.255827 0.393122 0.256376 0.389712 0.257198 0.386301 0.258842 0.383621 0.261583 0.380941 0.264461 0.378749 0.267338 0.379480 0.269805 0.381185 0.271724 0.384108 0.273094 0.387276 0.274601 0.391173 0.275286 0.396046 0.275286 0.400918 0.274464 0.404329 0.273642 0.407740 0.272272 0.410176 0.270490 0.412612 0.269120 0.413586 0.267064 0.414804
1 0.471105 0.418060 0.468227 0.417329 0.465624 0.415624 0.463979 0.412944 0.462746 0.409533 0.461924 0.405635 0.461650 0.400763 0.461650 0.396378 0.462198 0.392967 0.463020 0.389556 0.464664 0.386877 0.467405 0.384197 0.470283 0.382004 0.473161 0.382735 0.475627 0.384440 0.477546 0.387364 0.478916 0.390531 0.480423 0.394429 0.481109 0.399301 0.481109 0.404173 0.480286 0.407584 0.479464 0.410995 0.478094 0.413431 0.476312 0.415867 0.474942 0.416842 0.472887 0.418060
1 0.785993 0.427212 0.783115 0.426481 0.780511 0.424776 0.778867 0.422096 0.777634 0.418686 0.776812 0.414788 0.776537 0.409915 0.776537 0.405530 0.777086 0.402120 0.777908 0.398709 0.779552 0.396029 0.782293 0.393349 0.785171 0.391157 0.788048 0.391888 0.790515 0.393593 0.792434 0.396516 0.793804 0.399683 0.795311 0.403581 0.795997 0.408454 0.795997 0.413326 0.795174 0.416737 0.794352 0.420147 0.792982 0.422584 0.791200 0.425020 0.789830 0.425994 0.787774 0.427212
1 0.526645 0.420552 0.523768 0.419821 0.521164 0.418116 0.519519 0.415436 0.518286 0.412025 0.517464 0.408127 0.517190 0.403255 0.517190 0.398870 0.517738 0.395459 0.518560 0.392048 0.520205 0.389368 0.522945 0.386689 0.525823 0.384496 0.528701 0.385227 0.531167 0.386932 0.533086 0.389856 0.534456 0.393023 0.535964 0.396921 0.536649 0.401793 0.536649 0.406665 0.535827 0.410076 0.535004 0.413487 0.533634 0.415923 0.531853 0.418359 0.530482 0.419334 0.528427 0.420552
0 0.806031 0.731728 0.834008 0.732136 0.833350 0.586429 0.870246 0.587523 0.870246 0.462061 0.828482 0.462061 0.828528 0.531005 0.804983 0.531088
0 0.937933 0.731330 0.962838 0.730591 0.962332 0.535515 0.939624 0.534055 0.940785 0.466033 0.900763 0.463969 0.900130 0.586294 0.936947 0.586743
0 0.547127 0.728875 0.576465 0.728476 0.577373 0.580460 0.614518 0.580216 0.614518 0.457595 0.572753 0.457595 0.571438 0.524120 0.547440 0.524203
0 0.284020 0.720731 0.311709 0.721293 0.311441 0.573625 0.351307 0.574187 0.351307 0.451566 0.309542 0.451566 0.308909 0.521314 0.284820 0.519797
0 0.157924 0.715518 0.184056 0.718800 0.191970 0.517164 0.168682 0.515705 0.168682 0.447683 0.126918 0.447683 0.126285 0.570008 0.160879 0.569892
0 0.418468 0.723364 0.446392 0.725157 0.450586 0.522389 0.425937 0.520929 0.425937 0.452907 0.384172 0.452907 0.383540 0.575232 0.420357 0.575681
0 0.681748 0.732062 0.712203 0.732807 0.712605 0.527861 0.689317 0.528014 0.689317 0.462411 0.645738 0.461605 0.645105 0.583930 0.681922 0.584378
0 0.034919 0.709004 0.057886 0.709567 0.057886 0.565239 0.097752 0.565801 0.097752 0.443180 0.055988 0.443180 0.055355 0.512928 0.034645 0.512365
