1 0.209726 0.593494 0.208230 0.598283 0.207854 0.603295 0.208136 0.607304 0.208606 0.611314 0.209828 0.613653 0.211331 0.616326 0.212929 0.618497 0.214620 0.619500 0.216688 0.620168 0.218849 0.619166 0.220165 0.617996 0.221950 0.615992 0.223172 0.613653 0.224335 0.611133 0.224891 0.607214 0.224985 0.603023 0.224378 0.598555 0.223301 0.594211 0.221762 0.591935 0.220115 0.590068 0.217648 0.588363 0.215319 0.588363 0.213263 0.589337 0.211756 0.590799
1 0.737451 0.574099 0.734573 0.574830 0.731969 0.576535 0.730325 0.579215 0.729091 0.582626 0.728269 0.586524 0.727995 0.591396 0.727995 0.595781 0.728543 0.599192 0.729365 0.602602 0.731010 0.605282 0.733751 0.607962 0.736628 0.610155 0.739506 0.609424 0.741973 0.607718 0.743891 0.604795 0.745262 0.601628 0.746769 0.597730 0.747454 0.592858 0.747454 0.587985 0.746632 0.584575 0.745810 0.581164 0.744439 0.578728 0.742658 0.576292 0.741288 0.575317 0.739232 0.574099
1 0.270723 0.586876 0.267845 0.587607 0.265241 0.589312 0.263597 0.591992 0.262363 0.595403 0.261541 0.599301 0.261267 0.604173 0.261267 0.608558 0.261815 0.611969 0.262637 0.615379 0.264282 0.618059 0.267023 0.620739 0.269900 0.622932 0.272778 0.622201 0.275245 0.620495 0.277163 0.617572 0.278534 0.614405 0.280041 0.610507 0.280726 0.605635 0.280726 0.600762 0.279904 0.597352 0.279082 0.593941 0.277711 0.591505 0.275930 0.589069 0.274560 0.588094 0.272504 0.586876
1 0.476737 0.582431 0.473859 0.583162 0.471255 0.584867 0.469611 0.587547 0.468378 0.590958 0.467556 0.594855 0.467281 0.599728 0.467281 0.604113 0.467830 0.607524 0.468652 0.610934 0.470296 0.613614 0.473037 0.616294 0.475915 0.618486 0.478792 0.617756 0.481259 0.616050 0.483178 0.613127 0.484548 0.609960 0.486055 0.606062 0.486741 0.601190 0.486741 0.596317 0.485918 0.592906 0.485096 0.589496 0.483726 0.587060 0.481944 0.584623 0.480574 0.583649 0.478518 0.582431
1 0.790759 0.572438 0.787881 0.573169 0.785278 0.574874 0.783633 0.577554 0.782400 0.580965 0.781578 0.584863 0.781304 0.589735 0.781304 0.594120 0.781852 0.597531 0.782674 0.600942 0.784318 0.603621 0.787059 0.606301 0.789937 0.608494 0.792815 0.607763 0.795281 0.606058 0.797200 0.603134 0.798570 0.599967 0.800078 0.596069 0.800763 0.591197 0.800763 0.586324 0.799941 0.582914 0.799118 0.579503 0.797748 0.577067 0.795966 0.574631 0.794596 0.573656 0.792541 0.572438
1 0.532160 0.579939 0.529282 0.580670 0.526679 0.582375 0.525034 0.585055 0.523801 0.588466 0.522979 0.592363 0.522705 0.597236 0.522705 0.601621 0.523253 0.605032 0.524075 0.608442 0.525719 0.611122 0.528460 0.613802 0.531338 0.615995 0.534216 0.615264 0.536682 0.613558 0.538601 0.610635 0.539971 0.607468 0.541479 0.603570 0.542164 0.598698 0.542164 0.593825 0.541342 0.590415 0.540519 0.587004 0.539149 0.584568 0.537367 0.582131 0.535997 0.581157 0.533942 0.579939
0 0.810960 0.267298 0.838937 0.266890 0.839846 0.413294 0.875176 0.414344 0.875176 0.536965 0.833412 0.536965 0.833457 0.468021 0.809913 0.467938
0 0.942315 0.267696 0.967220 0.268435 0.966714 0.463511 0.944006 0.464971 0.945167 0.532993 0.905145 0.535057 0.904512 0.412732 0.941329 0.412283
0 0.551131 0.271199 0.580469 0.271598 0.581378 0.419614 0.618522 0.419858 0.618522 0.542480 0.576758 0.542480 0.575442 0.475955 0.551445 0.475872
0 0.290891 0.277787 0.317160 0.278587 0.316394 0.427004 0.356260 0.426442 0.356260 0.549063 0.314495 0.549063 0.313863 0.479315 0.290337 0.480498
0 0.161743 0.279618 0.190089 0.279794 0.194388 0.484513 0.173458 0.484924 0.173458 0.552946 0.129335 0.553995 0.128702 0.431669 0.165655 0.431785
0 0.424010 0.275902 0.451935 0.274109 0.456128 0.476878 0.431480 0.478337 0.431480 0.546359 0.389715 0.546359 0.389082 0.424034 0.425900 0.423586
0 0.686258 0.269437 0.716714 0.268692 0.717115 0.473638 0.693827 0.473485 0.693827 0.539088 0.650248 0.539894 0.649616 0.417569 0.686433 0.417120
0 0.040815 0.286802 0.064372 0.287288 0.065552 0.433713 0.103059 0.433151 0.103059 0.555772 0.061295 0.555772 0.060662 0.486024 0.039952 0.486587
