1 0.787617 0.604396 0.789113 0.609185 0.789489 0.614197 0.789207 0.618207 0.788737 0.622216 0.787515 0.624555 0.786012 0.627228 0.784414 0.629400 0.782723 0.630402 0.780655 0.631070 0.778494 0.630068 0.777178 0.628898 0.775393 0.626894 0.774171 0.624555 0.773008 0.622035 0.772452 0.618116 0.772358 0.613926 0.772965 0.609457 0.774042 0.605113 0.775581 0.602837 0.777228 0.600970 0.779695 0.599265 0.782024 0.599265 0.784080 0.600239 0.785587 0.601701
1 0.259126 0.584274 0.262004 0.585005 0.264607 0.586710 0.266252 0.589390 0.267485 0.592800 0.268307 0.596698 0.268581 0.601571 0.268581 0.605956 0.268033 0.609367 0.267211 0.612777 0.265567 0.615457 0.262826 0.618137 0.259948 0.620329 0.257070 0.619599 0.254604 0.617893 0.252685 0.614970 0.251315 0.611803 0.249807 0.607905 0.249122 0.603032 0.249122 0.598160 0.249944 0.594749 0.250767 0.591339 0.252137 0.588903 0.253918 0.586466 0.255289 0.585492 0.257344 0.584274
1 0.725087 0.597461 0.727965 0.598191 0.730569 0.599897 0.732213 0.602577 0.733446 0.605987 0.734269 0.609885 0.734543 0.614757 0.734543 0.619143 0.733995 0.622553 0.733172 0.625964 0.731528 0.628644 0.728787 0.631324 0.725909 0.633516 0.723032 0.632785 0.720565 0.631080 0.718647 0.628156 0.717276 0.624989 0.715769 0.621092 0.715084 0.616219 0.715084 0.611347 0.715906 0.607936 0.716728 0.604525 0.718098 0.602089 0.719880 0.599653 0.721250 0.598679 0.723306 0.597461
1 0.520427 0.592288 0.523305 0.593019 0.525909 0.594724 0.527553 0.597404 0.528786 0.600815 0.529609 0.604713 0.529883 0.609585 0.529883 0.613970 0.529335 0.617381 0.528512 0.620791 0.526868 0.623471 0.524127 0.626151 0.521249 0.628344 0.518372 0.627613 0.515905 0.625907 0.513987 0.622984 0.512616 0.619817 0.511109 0.615919 0.510424 0.611047 0.510424 0.606174 0.511246 0.602764 0.512068 0.599353 0.513438 0.596917 0.515220 0.594481 0.516590 0.593506 0.518646 0.592288
1 0.205051 0.581773 0.207928 0.582504 0.210532 0.584209 0.212177 0.586889 0.213410 0.590299 0.214232 0.594197 0.214506 0.599070 0.214506 0.603455 0.213958 0.606865 0.213136 0.610276 0.211491 0.612956 0.208751 0.615636 0.205873 0.617828 0.202995 0.617097 0.200528 0.615392 0.198610 0.612469 0.197240 0.609302 0.195732 0.605404 0.195047 0.600531 0.195047 0.595659 0.195869 0.592248 0.196691 0.588838 0.198062 0.586401 0.199843 0.583965 0.201214 0.582991 0.203269 0.581773
1 0.463177 0.589796 0.466055 0.590527 0.468658 0.592232 0.470303 0.594912 0.471536 0.598323 0.472358 0.602221 0.472632 0.607093 0.472632 0.611478 0.472084 0.614889 0.471262 0.618299 0.469618 0.620979 0.466877 0.623659 0.463999 0.625852 0.461121 0.625121 0.458655 0.623415 0.456736 0.620492 0.455366 0.617325 0.453859 0.613427 0.453173 0.608555 0.453173 0.603682 0.453996 0.600272 0.454818 0.596861 0.456188 0.594425 0.457970 0.591989 0.459340 0.591014 0.461396 0.589796
0 0.185973 0.278200 0.157996 0.277793 0.157088 0.424196 0.121758 0.425246 0.121758 0.547868 0.163522 0.547868 0.163477 0.478924 0.187021 0.478840
0 0.055385 0.277235 0.030481 0.277974 0.030987 0.473051 0.053694 0.474510 0.052533 0.542532 0.092556 0.544597 0.093188 0.422272 0.056371 0.421823
0 0.446091 0.280739 0.416753 0.281138 0.415844 0.429154 0.378700 0.429398 0.378700 0.552019 0.420464 0.552019 0.421779 0.485494 0.445777 0.485411
0 0.706043 0.292778 0.681307 0.292215 0.681307 0.436543 0.641441 0.435981 0.641441 0.558602 0.683205 0.558602 0.683838 0.488854 0.706316 0.489417
0 0.832124 0.294608 0.805311 0.293422 0.802546 0.494052 0.823475 0.494464 0.823475 0.562486 0.867599 0.563534 0.868231 0.441209 0.831279 0.441325
0 0.572923 0.284078 0.544999 0.282286 0.540805 0.485054 0.565454 0.486514 0.565454 0.554536 0.607219 0.554536 0.607851 0.432211 0.571034 0.431762
0 0.310197 0.280622 0.279742 0.279878 0.279340 0.484824 0.302628 0.484670 0.302628 0.550273 0.346207 0.551080 0.346840 0.428755 0.310023 0.428306
0 0.958418 0.296342 0.934861 0.296828 0.933682 0.443252 0.896174 0.442690 0.896174 0.565311 0.937939 0.565311 0.938571 0.495563 0.959281 0.496126
