1 0.212564 0.508108 0.210650 0.512402 0.209822 0.517239 0.209734 0.521276 0.209831 0.525368 0.210823 0.528029 0.212062 0.531100 0.213440 0.533704 0.215017 0.535182 0.216996 0.536438 0.219221 0.536073 0.220625 0.535299 0.222570 0.533837 0.223989 0.531882 0.225367 0.529731 0.226274 0.526024 0.226749 0.521917 0.226559 0.517332 0.225893 0.512735 0.224583 0.510045 0.223128 0.507727 0.220850 0.505332 0.218551 0.504660 0.216434 0.505028 0.214813 0.506035
1 0.733915 0.651282 0.731009 0.651172 0.728284 0.652103 0.726416 0.654272 0.724888 0.657282 0.723720 0.660890 0.723005 0.665619 0.722604 0.669946 0.722834 0.673470 0.723333 0.677072 0.724711 0.680191 0.727171 0.683627 0.729810 0.686621 0.732716 0.686731 0.735306 0.685761 0.737466 0.683430 0.739107 0.680701 0.740951 0.677290 0.742072 0.672680 0.742517 0.667872 0.742018 0.664269 0.741518 0.660667 0.740388 0.657867 0.738853 0.654949 0.737590 0.653592 0.735673 0.651796
1 0.273646 0.518164 0.270739 0.518055 0.268014 0.518986 0.266147 0.521155 0.264618 0.524164 0.263451 0.527773 0.262735 0.532502 0.262335 0.536829 0.262564 0.540352 0.263064 0.543955 0.264442 0.547074 0.266901 0.550510 0.269540 0.553504 0.272447 0.553614 0.275036 0.552643 0.277196 0.550313 0.278838 0.547583 0.280681 0.544172 0.281803 0.539562 0.282248 0.534755 0.281748 0.531152 0.281248 0.527549 0.280119 0.524750 0.278583 0.521831 0.277320 0.520474 0.275403 0.518679
1 0.476708 0.574872 0.473801 0.574762 0.471076 0.575693 0.469209 0.577862 0.467680 0.580872 0.466513 0.584480 0.465798 0.589209 0.465397 0.593536 0.465626 0.597060 0.466126 0.600662 0.467504 0.603781 0.469963 0.607217 0.472602 0.610211 0.475509 0.610321 0.478098 0.609351 0.480258 0.607020 0.481900 0.604291 0.483743 0.600880 0.484865 0.596270 0.485310 0.591462 0.484810 0.587859 0.484310 0.584257 0.483181 0.581457 0.481646 0.578539 0.480382 0.577182 0.478465 0.575386
1 0.789214 0.662428 0.786308 0.662318 0.783583 0.663249 0.781716 0.665418 0.780187 0.668428 0.779020 0.672036 0.778304 0.676765 0.777904 0.681092 0.778133 0.684616 0.778633 0.688218 0.780010 0.691337 0.782470 0.694773 0.785109 0.697767 0.788015 0.697877 0.790605 0.696907 0.792765 0.694576 0.794407 0.691847 0.796250 0.688436 0.797371 0.683826 0.797817 0.679018 0.797317 0.675415 0.796817 0.671813 0.795688 0.669013 0.794152 0.666095 0.792889 0.664738 0.790972 0.662942
1 0.533341 0.590827 0.530435 0.590717 0.527710 0.591648 0.525842 0.593817 0.524314 0.596827 0.523146 0.600435 0.522431 0.605164 0.522030 0.609491 0.522259 0.613014 0.522759 0.616617 0.524137 0.619736 0.526596 0.623172 0.529236 0.626166 0.532142 0.626276 0.534732 0.625305 0.536892 0.622975 0.538533 0.620245 0.540377 0.616834 0.541498 0.612225 0.541943 0.607417 0.541443 0.603814 0.540944 0.600211 0.539814 0.597412 0.538279 0.594494 0.537016 0.593136 0.535099 0.591341
0 0.837258 0.364225 0.863932 0.372434 0.849862 0.518325 0.887012 0.528626 0.875810 0.649619 0.834600 0.637560 0.840943 0.569545 0.817719 0.562665
0 0.962386 0.403395 0.988756 0.411043 0.972078 0.605498 0.950882 0.600775 0.944470 0.667836 0.904790 0.658317 0.915341 0.537434 0.951711 0.547621
0 0.580680 0.291476 0.609592 0.300340 0.596966 0.446654 0.633595 0.457619 0.622393 0.578612 0.581183 0.566554 0.585963 0.500532 0.562291 0.493521
0 0.320491 0.219564 0.347188 0.226806 0.334309 0.375845 0.372802 0.386539 0.361599 0.507533 0.320389 0.495474 0.326137 0.426469 0.303010 0.420272
0 0.194105 0.187705 0.222160 0.193078 0.208055 0.395549 0.187366 0.389912 0.181152 0.457031 0.137519 0.445326 0.148070 0.324442 0.184521 0.335226
0 0.454038 0.257238 0.481755 0.263532 0.465879 0.466018 0.441424 0.460341 0.435209 0.527460 0.393999 0.515401 0.404550 0.394518 0.442784 0.404434
0 0.713437 0.330205 0.743557 0.338264 0.725229 0.540605 0.702265 0.533730 0.696271 0.598462 0.653197 0.586675 0.663748 0.465791 0.700118 0.475979
0 0.067786 0.158203 0.094787 0.164145 0.082574 0.308966 0.119635 0.319240 0.108432 0.440234 0.067222 0.428175 0.072970 0.359170 0.052484 0.353746
