1 0.204492 0.531544 0.202688 0.535985 0.201981 0.540883 0.201994 0.544923 0.202194 0.549003 0.203251 0.551583 0.204566 0.554553 0.206008 0.557046 0.207621 0.558397 0.209629 0.559496 0.211842 0.558955 0.213226 0.558071 0.215132 0.556456 0.216501 0.554390 0.217824 0.552133 0.218637 0.548358 0.219009 0.544217 0.218704 0.539652 0.217924 0.535112 0.216547 0.532528 0.215036 0.530328 0.212700 0.528116 0.210387 0.527626 0.208281 0.528161 0.206687 0.529295
1 0.729854 0.622486 0.726948 0.622606 0.724249 0.623752 0.722438 0.626067 0.720986 0.629194 0.719910 0.632892 0.719314 0.637672 0.719022 0.642026 0.719339 0.645528 0.719929 0.649088 0.721383 0.652095 0.723926 0.655333 0.726638 0.658115 0.729544 0.657995 0.732107 0.656821 0.734206 0.654321 0.735778 0.651465 0.737534 0.647911 0.738539 0.643217 0.738863 0.638379 0.738274 0.634820 0.737684 0.631260 0.736486 0.628553 0.734879 0.625759 0.733583 0.624503 0.731623 0.622861
1 0.265612 0.536137 0.262706 0.536258 0.260007 0.537403 0.258196 0.539718 0.256744 0.542845 0.255668 0.546543 0.255072 0.551323 0.254780 0.555678 0.255097 0.559180 0.255686 0.562739 0.257141 0.565746 0.259684 0.568984 0.262396 0.571766 0.265302 0.571646 0.267865 0.570472 0.269964 0.567973 0.271536 0.565116 0.273292 0.561563 0.274297 0.556869 0.274621 0.552031 0.274032 0.548471 0.273442 0.544911 0.272244 0.542204 0.270637 0.539410 0.269341 0.538154 0.267381 0.536512
1 0.470813 0.575356 0.467907 0.575476 0.465208 0.576621 0.463397 0.578936 0.461945 0.582064 0.460869 0.585761 0.460273 0.590542 0.459981 0.594896 0.460298 0.598398 0.460888 0.601958 0.462342 0.604965 0.464885 0.608202 0.467597 0.610985 0.470503 0.610865 0.473066 0.609690 0.475165 0.607191 0.476737 0.604334 0.478493 0.600781 0.479498 0.596087 0.479822 0.591249 0.479233 0.587689 0.478644 0.584130 0.477445 0.581422 0.475838 0.578628 0.474542 0.577372 0.472582 0.575730
1 0.784642 0.632631 0.781735 0.632751 0.779037 0.633897 0.777225 0.636212 0.775774 0.639339 0.774698 0.643037 0.774101 0.647817 0.773809 0.652171 0.774127 0.655673 0.774716 0.659233 0.776170 0.662240 0.778713 0.665478 0.781425 0.668260 0.784331 0.668140 0.786894 0.666966 0.788994 0.664466 0.790565 0.661610 0.792321 0.658056 0.793326 0.653362 0.793651 0.648524 0.793061 0.644965 0.792472 0.641405 0.791273 0.638698 0.789666 0.635904 0.788371 0.634648 0.786411 0.633006
1 0.526129 0.584566 0.523223 0.584686 0.520524 0.585832 0.518713 0.588147 0.517261 0.591274 0.516185 0.594972 0.515589 0.599752 0.515297 0.604106 0.515614 0.607608 0.516204 0.611168 0.517658 0.614175 0.520201 0.617413 0.522913 0.620195 0.525819 0.620075 0.528382 0.618901 0.530481 0.616401 0.532053 0.613545 0.533809 0.609991 0.534814 0.605298 0.535138 0.600459 0.534549 0.596900 0.533959 0.593340 0.532761 0.590633 0.531154 0.587839 0.529858 0.586583 0.527898 0.584941
0 0.821960 0.334679 0.848920 0.339169 0.838618 0.486049 0.878242 0.493878 0.870079 0.615638 0.828608 0.606851 0.833243 0.538401 0.809870 0.533365
0 0.953374 0.361299 0.975351 0.366700 0.964566 0.560871 0.941920 0.557543 0.938545 0.625332 0.898666 0.618961 0.906181 0.497363 0.942769 0.504663
0 0.565292 0.284795 0.592252 0.289284 0.581950 0.436165 0.621574 0.443994 0.613411 0.565754 0.571940 0.556967 0.576575 0.488517 0.553202 0.483481
0 0.305741 0.237801 0.330341 0.242446 0.320734 0.385760 0.360357 0.393589 0.352194 0.515349 0.310724 0.506562 0.314738 0.437171 0.292380 0.433000
0 0.179871 0.212488 0.206090 0.215669 0.198790 0.418895 0.175569 0.415445 0.171041 0.482989 0.129570 0.474202 0.137084 0.352604 0.173673 0.359904
0 0.438733 0.259962 0.464436 0.261979 0.455896 0.465997 0.432674 0.462547 0.428146 0.530091 0.386675 0.521304 0.394190 0.399705 0.430778 0.407006
0 0.700813 0.308843 0.727609 0.312147 0.716274 0.514517 0.693052 0.511067 0.688524 0.578611 0.647053 0.569824 0.654568 0.448226 0.691156 0.455526
0 0.055683 0.194320 0.078526 0.198594 0.068919 0.341908 0.108542 0.349737 0.100379 0.471497 0.058908 0.462710 0.062923 0.393319 0.042321 0.389520
