1 0.239254 0.670082 0.238125 0.675179 0.238122 0.680235 0.238698 0.684144 0.239459 0.688009 0.240843 0.690043 0.242531 0.692342 0.244275 0.694122 0.246026 0.694722 0.248125 0.694902 0.250193 0.693404 0.251411 0.691938 0.253033 0.689534 0.254072 0.686930 0.255039 0.684161 0.255300 0.680146 0.255084 0.675970 0.254153 0.671681 0.252765 0.667626 0.251071 0.665729 0.249300 0.664262 0.246729 0.663147 0.244420 0.663691 0.242454 0.665136 0.241068 0.666937
1 0.754940 0.533296 0.752141 0.534692 0.749685 0.536990 0.748253 0.540030 0.747282 0.543699 0.746755 0.547755 0.746843 0.552649 0.747166 0.556996 0.747961 0.560249 0.749028 0.563439 0.750856 0.565712 0.753771 0.567729 0.756786 0.569231 0.759585 0.567836 0.761904 0.565570 0.763590 0.562224 0.764715 0.558765 0.765922 0.554549 0.766241 0.549559 0.765882 0.544729 0.764815 0.541539 0.763748 0.538350 0.762210 0.536254 0.760264 0.534255 0.758833 0.533608 0.756706 0.532880
1 0.298101 0.646230 0.295302 0.647626 0.292847 0.649924 0.291414 0.652964 0.290444 0.656633 0.289916 0.660689 0.290004 0.665583 0.290328 0.669931 0.291123 0.673184 0.292190 0.676373 0.294018 0.678646 0.296932 0.680664 0.299947 0.682166 0.302746 0.680770 0.305066 0.678504 0.306752 0.675159 0.307876 0.671699 0.309083 0.667483 0.309403 0.662493 0.309043 0.657663 0.307976 0.654474 0.306909 0.651284 0.305371 0.649189 0.303425 0.647189 0.301995 0.646543 0.299867 0.645815
1 0.500163 0.596959 0.497364 0.598354 0.494909 0.600652 0.493476 0.603692 0.492506 0.607361 0.491978 0.611417 0.492066 0.616312 0.492390 0.620659 0.493185 0.623912 0.494252 0.627101 0.496080 0.629375 0.498994 0.631392 0.502009 0.632894 0.504808 0.631498 0.507128 0.629232 0.508814 0.625887 0.509938 0.622427 0.511145 0.618212 0.511465 0.613222 0.511105 0.608391 0.510038 0.605202 0.508971 0.602012 0.507433 0.599917 0.505487 0.597917 0.504057 0.597271 0.501929 0.596543
1 0.807591 0.518993 0.804792 0.520388 0.802337 0.522686 0.800905 0.525727 0.799934 0.529395 0.799406 0.533451 0.799494 0.538346 0.799818 0.542693 0.800613 0.545946 0.801680 0.549136 0.803508 0.551409 0.806423 0.553426 0.809437 0.554928 0.812236 0.553533 0.814556 0.551267 0.816242 0.547921 0.817367 0.544462 0.818573 0.540246 0.818893 0.535256 0.818533 0.530425 0.817466 0.527236 0.816400 0.524047 0.814861 0.521951 0.812915 0.519952 0.811485 0.519305 0.809357 0.518577
1 0.553908 0.584434 0.551109 0.585830 0.548654 0.588127 0.547221 0.591168 0.546250 0.594837 0.545723 0.598893 0.545811 0.603787 0.546134 0.608134 0.546929 0.611387 0.547996 0.614577 0.549824 0.616850 0.552739 0.618867 0.555754 0.620369 0.558553 0.618974 0.560872 0.616708 0.562558 0.613362 0.563683 0.609903 0.564890 0.605687 0.565209 0.600697 0.564850 0.595866 0.563783 0.592677 0.562716 0.589488 0.561178 0.587392 0.559232 0.585393 0.557801 0.584746 0.555674 0.584018
0 0.805017 0.213521 0.831883 0.207602 0.842257 0.354467 0.879489 0.345140 0.888539 0.466701 0.847135 0.476443 0.842092 0.408084 0.818745 0.413494
0 0.931332 0.186558 0.957815 0.180259 0.971989 0.375328 0.950935 0.381755 0.955757 0.449235 0.916233 0.460618 0.906577 0.339498 0.943043 0.330465
0 0.549740 0.275498 0.578854 0.269049 0.590679 0.415574 0.627520 0.407151 0.636570 0.528712 0.595167 0.538455 0.588953 0.472812 0.565157 0.478327
0 0.295204 0.342469 0.320504 0.335322 0.332517 0.481461 0.371098 0.471816 0.380148 0.593377 0.338745 0.603120 0.332969 0.534122 0.309827 0.540135
0 0.170325 0.372379 0.198048 0.363032 0.217634 0.564057 0.196916 0.569347 0.201936 0.636781 0.158272 0.648112 0.148617 0.526992 0.185258 0.518488
0 0.426629 0.306543 0.454180 0.298252 0.472072 0.500205 0.447745 0.507402 0.452765 0.574836 0.411362 0.584578 0.401706 0.463458 0.439911 0.453203
0 0.682663 0.242852 0.712801 0.235010 0.728325 0.438090 0.705227 0.443370 0.710069 0.508406 0.666927 0.519371 0.657271 0.398251 0.693737 0.389218
0 0.047659 0.408624 0.074037 0.402582 0.084105 0.545800 0.121246 0.536493 0.130297 0.658055 0.088893 0.667797 0.083118 0.598799 0.062629 0.604188
