1 0.220831 0.403730 0.219335 0.398941 0.218959 0.393929 0.219241 0.389920 0.219711 0.385910 0.220933 0.383572 0.222436 0.380899 0.224034 0.378727 0.225725 0.377724 0.227793 0.377056 0.229954 0.378059 0.231269 0.379228 0.233055 0.381233 0.234277 0.383572 0.235439 0.386092 0.235995 0.390010 0.236089 0.394201 0.235483 0.398670 0.234406 0.403013 0.232867 0.405290 0.231220 0.407156 0.228753 0.408862 0.226423 0.408862 0.224368 0.407887 0.222860 0.406426
1 0.749082 0.420904 0.746204 0.420174 0.743600 0.418468 0.741956 0.415788 0.740723 0.412378 0.739900 0.408480 0.739626 0.403607 0.739626 0.399222 0.740175 0.395812 0.740997 0.392401 0.742641 0.389721 0.745382 0.387041 0.748260 0.384849 0.751137 0.385580 0.753604 0.387285 0.755523 0.390208 0.756893 0.393375 0.758400 0.397273 0.759085 0.402146 0.759085 0.407018 0.758263 0.410429 0.757441 0.413839 0.756071 0.416276 0.754289 0.418712 0.752919 0.419686 0.750863 0.420904
1 0.281278 0.412763 0.278400 0.412032 0.275797 0.410327 0.274152 0.407647 0.272919 0.404236 0.272097 0.400339 0.271823 0.395466 0.271823 0.391081 0.272371 0.387670 0.273193 0.384260 0.274838 0.381580 0.277578 0.378900 0.280456 0.376707 0.283334 0.377438 0.285800 0.379144 0.287719 0.382067 0.289089 0.385234 0.290597 0.389132 0.291282 0.394004 0.291282 0.398877 0.290460 0.402287 0.289637 0.405698 0.288267 0.408134 0.286486 0.410571 0.285115 0.411545 0.283060 0.412763
1 0.486825 0.414121 0.483947 0.413390 0.481343 0.411685 0.479699 0.409005 0.478466 0.405594 0.477643 0.401696 0.477369 0.396824 0.477369 0.392439 0.477918 0.389028 0.478740 0.385617 0.480384 0.382938 0.483125 0.380258 0.486003 0.378065 0.488880 0.378796 0.491347 0.380501 0.493266 0.383425 0.494636 0.386592 0.496143 0.390490 0.496828 0.395362 0.496828 0.400234 0.496006 0.403645 0.495184 0.407056 0.493814 0.409492 0.492032 0.411928 0.490662 0.412903 0.488606 0.414121
1 0.803181 0.421916 0.800304 0.421185 0.797700 0.419480 0.796055 0.416800 0.794822 0.413389 0.794000 0.409491 0.793726 0.404619 0.793726 0.400234 0.794274 0.396823 0.795096 0.393413 0.796741 0.390733 0.799481 0.388053 0.802359 0.385860 0.805237 0.386591 0.807704 0.388297 0.809622 0.391220 0.810992 0.394387 0.812500 0.398285 0.813185 0.403157 0.813185 0.408030 0.812363 0.411440 0.811541 0.414851 0.810170 0.417287 0.808389 0.419723 0.807018 0.420698 0.804963 0.421916
1 0.543422 0.417368 0.540544 0.416637 0.537940 0.414932 0.536296 0.412252 0.535063 0.408841 0.534240 0.404943 0.533966 0.400071 0.533966 0.395686 0.534514 0.392275 0.535337 0.388864 0.536981 0.386185 0.539722 0.383505 0.542600 0.381312 0.545477 0.382043 0.547944 0.383748 0.549862 0.386672 0.551233 0.389839 0.552740 0.393737 0.553425 0.398609 0.553425 0.403482 0.552603 0.406892 0.551781 0.410303 0.550411 0.412739 0.548629 0.415175 0.547259 0.416150 0.545203 0.417368
0 0.821830 0.727474 0.848899 0.727075 0.848345 0.579059 0.885943 0.579622 0.885943 0.457000 0.844178 0.457000 0.844224 0.525944 0.820680 0.526027
0 0.951983 0.726245 0.978702 0.726312 0.978356 0.529623 0.957009 0.528164 0.956810 0.460142 0.916787 0.458078 0.916154 0.580403 0.952971 0.580851
0 0.562739 0.726466 0.592077 0.726067 0.592986 0.578051 0.630130 0.577807 0.630130 0.455186 0.588366 0.455186 0.587051 0.521711 0.563053 0.521794
0 0.301972 0.720689 0.328976 0.721251 0.328704 0.570472 0.367663 0.571035 0.367663 0.448413 0.325898 0.448413 0.325266 0.518161 0.301880 0.517599
0 0.173174 0.714584 0.201347 0.717383 0.205927 0.513528 0.184998 0.513116 0.184998 0.445094 0.140874 0.444046 0.140242 0.566371 0.177194 0.566255
0 0.432470 0.726267 0.460395 0.728060 0.463227 0.523679 0.438578 0.522219 0.438578 0.454197 0.396814 0.454197 0.396181 0.576522 0.434812 0.577777
0 0.697272 0.726583 0.727728 0.727327 0.728129 0.522381 0.704841 0.522535 0.704841 0.456932 0.661262 0.456125 0.660630 0.578450 0.697447 0.578899
0 0.048195 0.710367 0.074791 0.710204 0.074202 0.565876 0.111709 0.566438 0.111709 0.443817 0.069945 0.443817 0.069312 0.513565 0.048602 0.513002
