1 0.228955 0.607789 0.227460 0.612578 0.227084 0.617590 0.227366 0.621600 0.227836 0.625609 0.229057 0.627948 0.230561 0.630621 0.232158 0.632793 0.233850 0.633795 0.235917 0.634463 0.238079 0.633461 0.239394 0.632292 0.241180 0.630287 0.242401 0.627948 0.243564 0.625428 0.244120 0.621509 0.244214 0.617319 0.243607 0.612850 0.242530 0.608506 0.240992 0.606230 0.239344 0.604363 0.236878 0.602658 0.234548 0.602658 0.232493 0.603632 0.230985 0.605094
1 0.750278 0.592476 0.747400 0.593207 0.744797 0.594912 0.743152 0.597592 0.741919 0.601003 0.741097 0.604901 0.740823 0.609773 0.740823 0.614158 0.741371 0.617569 0.742193 0.620980 0.743837 0.623659 0.746578 0.626339 0.749456 0.628532 0.752334 0.627801 0.754800 0.626096 0.756719 0.623172 0.758089 0.620005 0.759597 0.616107 0.760282 0.611235 0.760282 0.606362 0.759460 0.602952 0.758637 0.599541 0.757267 0.597105 0.755485 0.594669 0.754115 0.593694 0.752060 0.592476
1 0.289054 0.597870 0.286176 0.598601 0.283573 0.600307 0.281928 0.602986 0.280695 0.606397 0.279873 0.610295 0.279599 0.615167 0.279599 0.619552 0.280147 0.622963 0.280969 0.626374 0.282613 0.629054 0.285354 0.631733 0.288232 0.633926 0.291109 0.633195 0.293576 0.631490 0.295495 0.628566 0.296865 0.625399 0.298372 0.621501 0.299058 0.616629 0.299058 0.611757 0.298235 0.608346 0.297413 0.604935 0.296043 0.602499 0.294261 0.600063 0.292891 0.599088 0.290835 0.597870
1 0.493006 0.596158 0.490128 0.596889 0.487524 0.598595 0.485880 0.601274 0.484646 0.604685 0.483824 0.608583 0.483550 0.613455 0.483550 0.617840 0.484098 0.621251 0.484920 0.624662 0.486565 0.627342 0.489306 0.630021 0.492183 0.632214 0.495061 0.631483 0.497528 0.629778 0.499446 0.626854 0.500817 0.623687 0.502324 0.619789 0.503009 0.614917 0.503009 0.610045 0.502187 0.606634 0.501365 0.603223 0.499994 0.600787 0.498213 0.598351 0.496843 0.597376 0.494787 0.596158
1 0.803530 0.590578 0.800653 0.591309 0.798049 0.593015 0.796404 0.595694 0.795171 0.599105 0.794349 0.603003 0.794075 0.607875 0.794075 0.612260 0.794623 0.615671 0.795445 0.619082 0.797090 0.621762 0.799830 0.624441 0.802708 0.626634 0.805586 0.625903 0.808052 0.624198 0.809971 0.621274 0.811341 0.618107 0.812849 0.614209 0.813534 0.609337 0.813534 0.604465 0.812712 0.601054 0.811889 0.597643 0.810519 0.595207 0.808738 0.592771 0.807367 0.591796 0.805312 0.590578
1 0.547210 0.596278 0.544332 0.597009 0.541729 0.598715 0.540084 0.601394 0.538851 0.604805 0.538029 0.608703 0.537755 0.613575 0.537755 0.617961 0.538303 0.621371 0.539125 0.624782 0.540769 0.627462 0.543510 0.630142 0.546388 0.632334 0.549266 0.631603 0.551732 0.629898 0.553651 0.626974 0.555021 0.623807 0.556528 0.619910 0.557214 0.615037 0.557214 0.610165 0.556391 0.606754 0.555569 0.603343 0.554199 0.600907 0.552417 0.598471 0.551047 0.597497 0.548991 0.596278
0 0.823524 0.287147 0.850594 0.287546 0.850039 0.435562 0.887637 0.434999 0.887637 0.557621 0.845873 0.557621 0.845918 0.488677 0.822374 0.488594
0 0.950737 0.289882 0.977455 0.289815 0.977110 0.486504 0.955763 0.487964 0.955564 0.555986 0.915541 0.558050 0.914908 0.435725 0.951725 0.435276
0 0.565880 0.289041 0.595217 0.289440 0.596126 0.437456 0.633271 0.437700 0.633271 0.560321 0.591506 0.560321 0.590191 0.493796 0.566193 0.493713
0 0.308601 0.296059 0.334210 0.294876 0.335333 0.442554 0.374292 0.441992 0.374292 0.564613 0.332528 0.564613 0.331895 0.494865 0.308509 0.495427
0 0.182594 0.296581 0.210768 0.293782 0.215348 0.497637 0.194418 0.498049 0.194418 0.566071 0.150295 0.567119 0.149662 0.444794 0.186615 0.444910
0 0.441541 0.291101 0.469466 0.289308 0.472299 0.493689 0.447650 0.495149 0.447650 0.563171 0.405886 0.563171 0.405253 0.440846 0.443884 0.439591
0 0.700063 0.287684 0.730519 0.286939 0.730921 0.491885 0.707632 0.491732 0.707632 0.557335 0.664054 0.558141 0.663421 0.435816 0.700238 0.435368
0 0.058314 0.303899 0.084910 0.304063 0.084320 0.448391 0.121827 0.447828 0.121827 0.570450 0.080063 0.570450 0.079430 0.500702 0.058721 0.501264
