1 0.788384 0.593494 0.789879 0.598283 0.790255 0.603295 0.789973 0.607304 0.789503 0.611314 0.788282 0.613653 0.786778 0.616326 0.785181 0.618497 0.783489 0.619500 0.781422 0.620168 0.779260 0.619166 0.777945 0.617996 0.776159 0.615992 0.774938 0.613653 0.773775 0.611133 0.773219 0.607214 0.773125 0.603023 0.773732 0.598555 0.774808 0.594211 0.776347 0.591935 0.777995 0.590068 0.780461 0.588363 0.782791 0.588363 0.784846 0.589337 0.786354 0.590799
1 0.260659 0.577460 0.263537 0.578191 0.266140 0.579896 0.267785 0.582576 0.269018 0.585987 0.269840 0.589885 0.270114 0.594757 0.270114 0.599142 0.269566 0.602553 0.268744 0.605963 0.267100 0.608643 0.264359 0.611323 0.261481 0.613516 0.258603 0.612785 0.256137 0.611079 0.254218 0.608156 0.252848 0.604989 0.251341 0.601091 0.250655 0.596219 0.250655 0.591346 0.251478 0.587936 0.252300 0.584525 0.253670 0.582089 0.255452 0.579653 0.256822 0.578678 0.258878 0.577460
1 0.727387 0.585196 0.730265 0.585926 0.732868 0.587632 0.734513 0.590312 0.735746 0.593722 0.736568 0.597620 0.736842 0.602492 0.736842 0.606878 0.736294 0.610288 0.735472 0.613699 0.733828 0.616379 0.731087 0.619059 0.728209 0.621251 0.725331 0.620520 0.722865 0.618815 0.720946 0.615892 0.719576 0.612724 0.718068 0.608827 0.717383 0.603954 0.717383 0.599082 0.718206 0.595671 0.719028 0.592260 0.720398 0.589824 0.722180 0.587388 0.723550 0.586414 0.725605 0.585196
1 0.520427 0.584111 0.523305 0.584842 0.525909 0.586548 0.527553 0.589227 0.528786 0.592638 0.529609 0.596536 0.529883 0.601408 0.529883 0.605793 0.529335 0.609204 0.528512 0.612615 0.526868 0.615295 0.524127 0.617974 0.521249 0.620167 0.518372 0.619436 0.515905 0.617731 0.513987 0.614807 0.512616 0.611640 0.511109 0.607742 0.510424 0.602870 0.510424 0.597998 0.511246 0.594587 0.512068 0.591176 0.513438 0.588740 0.515220 0.586304 0.516590 0.585329 0.518646 0.584111
1 0.207350 0.574959 0.210228 0.575690 0.212832 0.577395 0.214476 0.580075 0.215710 0.583485 0.216532 0.587383 0.216806 0.592256 0.216806 0.596641 0.216258 0.600052 0.215435 0.603462 0.213791 0.606142 0.211050 0.608822 0.208173 0.611014 0.205295 0.610284 0.202828 0.608578 0.200910 0.605655 0.199539 0.602488 0.198032 0.598590 0.197347 0.593717 0.197347 0.588845 0.198169 0.585434 0.198991 0.582024 0.200362 0.579588 0.202143 0.577151 0.203513 0.576177 0.205569 0.574959
1 0.465477 0.581619 0.468354 0.582350 0.470958 0.584056 0.472603 0.586735 0.473836 0.590146 0.474658 0.594044 0.474932 0.598916 0.474932 0.603301 0.474384 0.606712 0.473562 0.610123 0.471917 0.612803 0.469177 0.615482 0.466299 0.617675 0.463421 0.616944 0.460955 0.615239 0.459036 0.612315 0.457666 0.609148 0.456158 0.605250 0.455473 0.600378 0.455473 0.595506 0.456295 0.592095 0.457118 0.588684 0.458488 0.586248 0.460269 0.583812 0.461640 0.582837 0.463695 0.581619
0 0.189040 0.267298 0.161063 0.266890 0.160154 0.413294 0.124824 0.414344 0.124824 0.536965 0.166588 0.536965 0.166543 0.468021 0.190087 0.467938
0 0.057685 0.267696 0.032780 0.268435 0.033286 0.463511 0.055994 0.464971 0.054833 0.532993 0.094855 0.535057 0.095488 0.412732 0.058671 0.412283
0 0.448282 0.271199 0.418944 0.271598 0.418035 0.419614 0.380891 0.419858 0.380891 0.542480 0.422655 0.542480 0.423970 0.475955 0.447968 0.475872
0 0.706810 0.280513 0.682073 0.279950 0.682073 0.424278 0.642207 0.423716 0.642207 0.546337 0.683972 0.546337 0.684604 0.476589 0.707083 0.477152
0 0.832891 0.282343 0.806078 0.281157 0.803313 0.481787 0.824242 0.482199 0.824242 0.550221 0.868365 0.551269 0.868998 0.428944 0.832046 0.429060
0 0.574457 0.274539 0.546532 0.272746 0.542338 0.475515 0.566987 0.476974 0.566987 0.544997 0.608752 0.544997 0.609384 0.422671 0.572567 0.422223
0 0.313155 0.271083 0.282699 0.270338 0.282298 0.475284 0.305586 0.475131 0.305586 0.540734 0.349165 0.541540 0.349797 0.419215 0.312980 0.418767
0 0.959185 0.286802 0.935628 0.287288 0.934448 0.433713 0.896941 0.433151 0.896941 0.555772 0.938705 0.555772 0.939338 0.486024 0.960048 0.486587
