1 0.224686 0.678954 0.223668 0.684124 0.223774 0.689177 0.224434 0.693044 0.225279 0.696854 0.226706 0.698791 0.228442 0.700973 0.230224 0.702632 0.231986 0.703111 0.234087 0.703147 0.236122 0.701509 0.237307 0.699960 0.238876 0.697447 0.239857 0.694774 0.240763 0.691941 0.240938 0.687911 0.240632 0.683753 0.239608 0.679531 0.238133 0.675574 0.236400 0.673794 0.234598 0.672450 0.232005 0.671512 0.229709 0.672213 0.227776 0.673792 0.226429 0.675687
1 0.742482 0.502405 0.739715 0.503992 0.737312 0.506457 0.735946 0.509593 0.735056 0.513325 0.734616 0.517414 0.734810 0.522299 0.735228 0.526621 0.736093 0.529817 0.737228 0.532931 0.739104 0.535077 0.742061 0.536893 0.745106 0.538188 0.747872 0.536601 0.750141 0.534178 0.751753 0.530719 0.752802 0.527186 0.753916 0.522890 0.754128 0.517882 0.753664 0.513080 0.752528 0.509966 0.751393 0.506852 0.749811 0.504864 0.747823 0.502999 0.746379 0.502451 0.744238 0.501869
1 0.284011 0.652414 0.281244 0.654001 0.278841 0.656465 0.277475 0.659601 0.276585 0.663334 0.276146 0.667423 0.276340 0.672308 0.276757 0.676629 0.277622 0.679826 0.278757 0.682940 0.280633 0.685086 0.283590 0.686902 0.286635 0.688197 0.289401 0.686610 0.291670 0.684187 0.293282 0.680728 0.294331 0.677194 0.295446 0.672899 0.295657 0.667891 0.295193 0.663088 0.294058 0.659975 0.292922 0.656861 0.291340 0.654872 0.289352 0.653007 0.287909 0.652460 0.285767 0.651878
1 0.486417 0.586301 0.483651 0.587888 0.481247 0.590352 0.479881 0.593489 0.478991 0.597221 0.478552 0.601310 0.478746 0.606195 0.479163 0.610517 0.480028 0.613713 0.481164 0.616827 0.483039 0.618973 0.485996 0.620789 0.489041 0.622084 0.491807 0.620497 0.494076 0.618074 0.495688 0.614615 0.496737 0.611082 0.497852 0.606786 0.498063 0.601778 0.497599 0.596976 0.496464 0.593862 0.495328 0.590748 0.493746 0.588760 0.491758 0.586895 0.490315 0.586347 0.488173 0.585765
1 0.796045 0.484571 0.793278 0.486158 0.790874 0.488623 0.789509 0.491759 0.788618 0.495491 0.788179 0.499580 0.788373 0.504465 0.788791 0.508787 0.789656 0.511983 0.790791 0.515097 0.792667 0.517243 0.795623 0.519059 0.798668 0.520354 0.801435 0.518767 0.803704 0.516344 0.805316 0.512885 0.806365 0.509352 0.807479 0.505056 0.807690 0.500048 0.807226 0.495246 0.806091 0.492132 0.804956 0.489018 0.803373 0.487030 0.801386 0.485165 0.799942 0.484617 0.797800 0.484035
1 0.540437 0.568337 0.537670 0.569924 0.535266 0.572388 0.533901 0.575524 0.533010 0.579257 0.532571 0.583346 0.532765 0.588231 0.533183 0.592553 0.534048 0.595749 0.535183 0.598863 0.537059 0.601009 0.540015 0.602825 0.543060 0.604120 0.545827 0.602533 0.548096 0.600110 0.549708 0.596651 0.550757 0.593117 0.551871 0.588822 0.552083 0.583814 0.551618 0.579012 0.550483 0.575898 0.549348 0.572784 0.547765 0.570795 0.545778 0.568931 0.544334 0.568383 0.542192 0.567801
0 0.784306 0.177052 0.811841 0.168229 0.826680 0.312244 0.861600 0.302644 0.873279 0.423495 0.832118 0.436067 0.825596 0.368105 0.802384 0.375110
0 0.913802 0.137903 0.938417 0.131135 0.956499 0.323547 0.934259 0.331821 0.941882 0.398511 0.902634 0.412593 0.890359 0.292225 0.926602 0.280700
0 0.530658 0.257420 0.559610 0.248981 0.574603 0.394587 0.611235 0.383646 0.622914 0.504496 0.581752 0.517068 0.574120 0.451900 0.550461 0.459042
0 0.273428 0.345436 0.299397 0.335870 0.313062 0.483457 0.352299 0.470902 0.363978 0.591753 0.322817 0.604325 0.315550 0.535775 0.293449 0.543096
0 0.148280 0.386582 0.175273 0.378197 0.200595 0.574032 0.177782 0.582481 0.184261 0.649521 0.143099 0.662093 0.130825 0.541725 0.164930 0.531426
0 0.406071 0.285034 0.431197 0.276604 0.455360 0.488791 0.431206 0.497649 0.437685 0.564689 0.396523 0.577261 0.384249 0.456893 0.420491 0.445368
0 0.661879 0.215095 0.691824 0.205193 0.711740 0.407059 0.688773 0.413918 0.695022 0.478574 0.652149 0.492487 0.639875 0.372118 0.676117 0.360593
0 0.026858 0.431383 0.050022 0.423737 0.064349 0.565804 0.102424 0.553604 0.114103 0.674455 0.072942 0.687027 0.065675 0.618477 0.045218 0.624232
