1 0.220670 0.399974 0.219174 0.395185 0.218798 0.390174 0.219080 0.386164 0.219550 0.382155 0.220772 0.379816 0.222275 0.377143 0.223873 0.374971 0.225564 0.373969 0.227632 0.373300 0.229793 0.374303 0.231109 0.375472 0.232894 0.377477 0.234116 0.379816 0.235279 0.382336 0.235835 0.386255 0.235929 0.390445 0.235322 0.394914 0.234245 0.399257 0.232706 0.401534 0.231059 0.403400 0.228592 0.405106 0.226263 0.405106 0.224207 0.404131 0.222700 0.402670
1 0.749755 0.422459 0.746878 0.421729 0.744274 0.420023 0.742630 0.417343 0.741396 0.413933 0.740574 0.410035 0.740300 0.405162 0.740300 0.400777 0.740848 0.397367 0.741670 0.393956 0.743315 0.391276 0.746055 0.388596 0.748933 0.386404 0.751811 0.387135 0.754278 0.388840 0.756196 0.391763 0.757566 0.394930 0.759074 0.398828 0.759759 0.403701 0.759759 0.408573 0.758937 0.411984 0.758115 0.415394 0.756744 0.417831 0.754963 0.420267 0.753592 0.421241 0.751537 0.422459
1 0.281667 0.409079 0.278789 0.408348 0.276185 0.406643 0.274541 0.403963 0.273307 0.400553 0.272485 0.396655 0.272211 0.391782 0.272211 0.387397 0.272759 0.383986 0.273582 0.380576 0.275226 0.377896 0.277967 0.375216 0.280844 0.373024 0.283722 0.373754 0.286189 0.375460 0.288107 0.378383 0.289478 0.381550 0.290985 0.385448 0.291670 0.390321 0.291670 0.395193 0.290848 0.398604 0.290026 0.402014 0.288655 0.404450 0.286874 0.406887 0.285504 0.407861 0.283448 0.409079
1 0.487406 0.414195 0.484528 0.413464 0.481925 0.411759 0.480280 0.409079 0.479047 0.405669 0.478225 0.401771 0.477951 0.396898 0.477951 0.392513 0.478499 0.389103 0.479321 0.385692 0.480965 0.383012 0.483706 0.380332 0.486584 0.378140 0.489462 0.378871 0.491928 0.380576 0.493847 0.383499 0.495217 0.386666 0.496725 0.390564 0.497410 0.395437 0.497410 0.400309 0.496588 0.403720 0.495765 0.407130 0.494395 0.409567 0.492613 0.412003 0.491243 0.412977 0.489188 0.414195
1 0.803377 0.423598 0.800499 0.422867 0.797896 0.421162 0.796251 0.418482 0.795018 0.415071 0.794196 0.411173 0.793921 0.406301 0.793921 0.401916 0.794470 0.398505 0.795292 0.395094 0.796936 0.392415 0.799677 0.389735 0.802555 0.387542 0.805432 0.388273 0.807899 0.389978 0.809818 0.392902 0.811188 0.396069 0.812695 0.399967 0.813381 0.404839 0.813381 0.409711 0.812558 0.413122 0.811736 0.416533 0.810366 0.418969 0.808584 0.421405 0.807214 0.422380 0.805158 0.423598
1 0.543577 0.417244 0.540699 0.416513 0.538095 0.414807 0.536451 0.412128 0.535218 0.408717 0.534395 0.404819 0.534121 0.399947 0.534121 0.395562 0.534670 0.392151 0.535492 0.388740 0.537136 0.386060 0.539877 0.383381 0.542755 0.381188 0.545632 0.381919 0.548099 0.383624 0.550018 0.386548 0.551388 0.389715 0.552895 0.393613 0.553580 0.398485 0.553580 0.403357 0.552758 0.406768 0.551936 0.410179 0.550566 0.412615 0.548784 0.415051 0.547414 0.416026 0.545358 0.417244
0 0.820467 0.728839 0.847537 0.728441 0.848900 0.580425 0.886498 0.580987 0.886498 0.458366 0.844733 0.458366 0.844779 0.527310 0.821235 0.527393
0 0.950634 0.729248 0.977353 0.729315 0.978661 0.532626 0.957314 0.531166 0.957115 0.463144 0.917092 0.461080 0.916459 0.583405 0.953276 0.583854
0 0.562509 0.725744 0.591847 0.725346 0.592756 0.577330 0.629900 0.577086 0.629900 0.454464 0.588136 0.454464 0.586821 0.520989 0.562823 0.521072
0 0.299522 0.719157 0.326527 0.719719 0.327434 0.568940 0.366393 0.569502 0.366393 0.446881 0.324628 0.446881 0.323996 0.516629 0.300610 0.516066
0 0.171768 0.713294 0.199941 0.716093 0.204521 0.512238 0.183591 0.511826 0.183591 0.443804 0.139468 0.442756 0.138836 0.565081 0.175788 0.564965
0 0.433830 0.720542 0.461755 0.722335 0.465949 0.519566 0.441300 0.518107 0.441300 0.450085 0.399535 0.450085 0.398903 0.572410 0.435720 0.572858
0 0.698402 0.727474 0.728858 0.728218 0.729260 0.523272 0.705972 0.523426 0.705972 0.457823 0.662393 0.457016 0.661760 0.579341 0.698577 0.579790
0 0.044113 0.706416 0.071299 0.708349 0.072478 0.561924 0.109985 0.562487 0.109985 0.439866 0.068221 0.439866 0.067588 0.509613 0.046879 0.509051
