1 0.211616 0.406506 0.210121 0.401717 0.209745 0.396705 0.210027 0.392696 0.210497 0.388686 0.211718 0.386347 0.213222 0.383674 0.214819 0.381503 0.216511 0.380500 0.218578 0.379832 0.220740 0.380834 0.222055 0.382004 0.223841 0.384008 0.225062 0.386347 0.226225 0.388867 0.226781 0.392786 0.226875 0.396977 0.226268 0.401445 0.225192 0.405789 0.223653 0.408065 0.222005 0.409932 0.219539 0.411637 0.217209 0.411637 0.215154 0.410663 0.213646 0.409201
1 0.738751 0.424637 0.735874 0.423906 0.733270 0.422200 0.731626 0.419521 0.730392 0.416110 0.729570 0.412212 0.729296 0.407340 0.729296 0.402955 0.729844 0.399544 0.730666 0.396133 0.732311 0.393453 0.735051 0.390774 0.737929 0.388581 0.740807 0.389312 0.743274 0.391017 0.745192 0.393941 0.746562 0.397108 0.748070 0.401006 0.748755 0.405878 0.748755 0.410750 0.747933 0.414161 0.747111 0.417572 0.745740 0.420008 0.743959 0.422444 0.742588 0.423419 0.740533 0.424637
1 0.272613 0.414804 0.269735 0.414074 0.267132 0.412368 0.265487 0.409688 0.264254 0.406278 0.263432 0.402380 0.263158 0.397508 0.263158 0.393122 0.263706 0.389712 0.264528 0.386301 0.266172 0.383621 0.268913 0.380941 0.271791 0.378749 0.274669 0.379480 0.277135 0.381185 0.279054 0.384108 0.280424 0.387276 0.281932 0.391173 0.282617 0.396046 0.282617 0.400918 0.281794 0.404329 0.280972 0.407740 0.279602 0.410176 0.277820 0.412612 0.276450 0.413586 0.274395 0.414804
1 0.478393 0.419034 0.475516 0.418303 0.472912 0.416597 0.471268 0.413918 0.470034 0.410507 0.469212 0.406609 0.468938 0.401737 0.468938 0.397351 0.469486 0.393941 0.470308 0.390530 0.471953 0.387850 0.474693 0.385170 0.477571 0.382978 0.480449 0.383709 0.482916 0.385414 0.484834 0.388338 0.486204 0.391505 0.487712 0.395402 0.488397 0.400275 0.488397 0.405147 0.487575 0.408558 0.486753 0.411969 0.485382 0.414405 0.483601 0.416841 0.482230 0.417815 0.480175 0.419034
1 0.793239 0.426089 0.790362 0.425359 0.787758 0.423653 0.786113 0.420973 0.784880 0.417563 0.784058 0.413665 0.783784 0.408793 0.783784 0.404407 0.784332 0.400997 0.785154 0.397586 0.786799 0.394906 0.789539 0.392226 0.792417 0.390034 0.795295 0.390765 0.797761 0.392470 0.799680 0.395393 0.801050 0.398561 0.802558 0.402458 0.803243 0.407331 0.803243 0.412203 0.802421 0.415614 0.801598 0.419025 0.800228 0.421461 0.798447 0.423897 0.797076 0.424871 0.795021 0.426089
1 0.533344 0.420477 0.530466 0.419746 0.527863 0.418041 0.526218 0.415361 0.524985 0.411951 0.524163 0.408053 0.523889 0.403180 0.523889 0.398795 0.524437 0.395384 0.525259 0.391974 0.526903 0.389294 0.529644 0.386614 0.532522 0.384422 0.535400 0.385152 0.537866 0.386858 0.539785 0.389781 0.541155 0.392948 0.542662 0.396846 0.543348 0.401719 0.543348 0.406591 0.542525 0.410002 0.541703 0.413412 0.540333 0.415848 0.538551 0.418285 0.537181 0.419259 0.535125 0.420477
0 0.810960 0.732702 0.838937 0.733110 0.839846 0.586706 0.875176 0.585656 0.875176 0.463035 0.833412 0.463035 0.833457 0.531979 0.809913 0.532062
0 0.942315 0.732304 0.967220 0.731565 0.966714 0.536489 0.944006 0.535029 0.945167 0.467007 0.905145 0.464943 0.904512 0.587268 0.941329 0.587717
0 0.553320 0.729849 0.582657 0.729450 0.583566 0.581434 0.620711 0.581190 0.620711 0.458569 0.578946 0.458569 0.577631 0.525094 0.553633 0.525177
0 0.291421 0.720536 0.317927 0.722146 0.317337 0.572577 0.357203 0.573139 0.357203 0.450518 0.315439 0.450518 0.314806 0.520266 0.292327 0.519703
0 0.164161 0.717657 0.191563 0.717794 0.197867 0.517164 0.174579 0.515705 0.174579 0.447683 0.132814 0.447683 0.132181 0.570008 0.166775 0.569892
0 0.427902 0.740137 0.453468 0.740882 0.457072 0.524485 0.432423 0.523026 0.432423 0.455003 0.390659 0.455003 0.390026 0.577329 0.426843 0.577777
0 0.686677 0.732062 0.717133 0.732807 0.717535 0.527861 0.694247 0.528014 0.694247 0.462411 0.650668 0.461605 0.650035 0.583930 0.686852 0.584378
0 0.040226 0.710053 0.063783 0.710615 0.064372 0.566287 0.103059 0.566849 0.103059 0.444228 0.061295 0.444228 0.060662 0.513976 0.039952 0.514462
