1 0.203302 0.592131 0.201807 0.596920 0.201431 0.601932 0.201713 0.605942 0.202182 0.609951 0.203404 0.612290 0.204908 0.614963 0.206505 0.617135 0.208197 0.618137 0.210264 0.618805 0.212425 0.617803 0.213741 0.616634 0.215526 0.614629 0.216748 0.612290 0.217911 0.609770 0.218467 0.605851 0.218561 0.601661 0.217954 0.597192 0.216877 0.592848 0.215339 0.590572 0.213691 0.588705 0.211225 0.587000 0.208895 0.587000 0.206839 0.587974 0.205332 0.589436
1 0.731027 0.571904 0.728149 0.572635 0.725545 0.574340 0.723901 0.577020 0.722668 0.580431 0.721845 0.584329 0.721571 0.589201 0.721571 0.593586 0.722119 0.596997 0.722942 0.600407 0.724586 0.603087 0.727327 0.605767 0.730205 0.607960 0.733082 0.607229 0.735549 0.605523 0.737467 0.602600 0.738838 0.599433 0.740345 0.595535 0.741030 0.590663 0.741030 0.585790 0.740208 0.582380 0.739386 0.578969 0.738016 0.576533 0.736234 0.574097 0.734864 0.573122 0.732808 0.571904
1 0.264299 0.585196 0.261421 0.585926 0.258817 0.587632 0.257173 0.590312 0.255940 0.593722 0.255117 0.597620 0.254843 0.602492 0.254843 0.606878 0.255392 0.610288 0.256214 0.613699 0.257858 0.616379 0.260599 0.619059 0.263477 0.621251 0.266354 0.620520 0.268821 0.618815 0.270740 0.615892 0.272110 0.612724 0.273617 0.608827 0.274302 0.603954 0.274302 0.599082 0.273480 0.595671 0.272658 0.592260 0.271288 0.589824 0.269506 0.587388 0.268136 0.586414 0.266080 0.585196
1 0.470669 0.579604 0.467791 0.580335 0.465187 0.582040 0.463543 0.584720 0.462310 0.588130 0.461487 0.592028 0.461213 0.596901 0.461213 0.601286 0.461762 0.604696 0.462584 0.608107 0.464228 0.610787 0.466969 0.613467 0.469847 0.615659 0.472724 0.614928 0.475191 0.613223 0.477110 0.610300 0.478480 0.607133 0.479987 0.603235 0.480672 0.598362 0.480672 0.593490 0.479850 0.590079 0.479028 0.586669 0.477658 0.584232 0.475876 0.581796 0.474506 0.580822 0.472450 0.579604
1 0.786104 0.570451 0.783227 0.571182 0.780623 0.572887 0.778979 0.575567 0.777745 0.578978 0.776923 0.582876 0.776649 0.587748 0.776649 0.592133 0.777197 0.595544 0.778019 0.598955 0.779664 0.601634 0.782404 0.604314 0.785282 0.606507 0.788160 0.605776 0.790627 0.604071 0.792545 0.601147 0.793915 0.597980 0.795423 0.594082 0.796108 0.589210 0.796108 0.584337 0.795286 0.580927 0.794464 0.577516 0.793093 0.575080 0.791312 0.572644 0.789941 0.571669 0.787886 0.570451
1 0.526209 0.578475 0.523331 0.579205 0.520728 0.580911 0.519083 0.583591 0.517850 0.587001 0.517028 0.590899 0.516754 0.595771 0.516754 0.600157 0.517302 0.603567 0.518124 0.606978 0.519768 0.609658 0.522509 0.612338 0.525387 0.614530 0.528265 0.613799 0.530731 0.612094 0.532650 0.609170 0.534020 0.606003 0.535528 0.602106 0.536213 0.597233 0.536213 0.592361 0.535390 0.588950 0.534568 0.585539 0.533198 0.583103 0.531416 0.580667 0.530046 0.579693 0.527991 0.578475
0 0.804093 0.266742 0.831163 0.265528 0.830711 0.413544 0.870577 0.412981 0.870577 0.535603 0.828812 0.535603 0.828858 0.466659 0.805314 0.466576
0 0.936355 0.264164 0.958538 0.264903 0.960754 0.459979 0.938046 0.461439 0.939207 0.529461 0.899185 0.531525 0.898552 0.409200 0.935369 0.408752
0 0.544375 0.269845 0.571445 0.268631 0.570993 0.416647 0.610859 0.416084 0.610859 0.538706 0.569094 0.538706 0.569140 0.469762 0.545596 0.469679
0 0.285053 0.281875 0.309790 0.281313 0.309790 0.425641 0.349656 0.425079 0.349656 0.547700 0.307891 0.547700 0.307258 0.477952 0.284780 0.478515
0 0.156083 0.281860 0.182329 0.279502 0.188609 0.482836 0.165321 0.484295 0.165321 0.552317 0.123557 0.552317 0.122924 0.429992 0.159741 0.429544
0 0.417052 0.274539 0.442709 0.271133 0.447810 0.475515 0.424522 0.476974 0.424522 0.544997 0.382757 0.544997 0.382124 0.422671 0.418942 0.422223
0 0.681311 0.269301 0.708139 0.266943 0.710354 0.470277 0.687066 0.471736 0.687066 0.539758 0.645302 0.539758 0.644669 0.417433 0.681486 0.416985
0 0.033091 0.289947 0.056058 0.289385 0.056058 0.433713 0.095924 0.433151 0.095924 0.555772 0.054160 0.555772 0.053527 0.486024 0.032817 0.486587
