1 0.786116 0.593494 0.787611 0.598283 0.787987 0.603295 0.787705 0.607304 0.787235 0.611314 0.786014 0.613653 0.784510 0.616326 0.782913 0.618497 0.781221 0.619500 0.779154 0.620168 0.776992 0.619166 0.775677 0.617996 0.773891 0.615992 0.772670 0.613653 0.771507 0.611133 0.770951 0.607214 0.770857 0.603023 0.771464 0.598555 0.772541 0.594211 0.774079 0.591935 0.775727 0.590068 0.778193 0.588363 0.780523 0.588363 0.782578 0.589337 0.784086 0.590799
1 0.257937 0.574234 0.260815 0.574965 0.263419 0.576671 0.265063 0.579350 0.266297 0.582761 0.267119 0.586659 0.267393 0.591531 0.267393 0.595917 0.266845 0.599327 0.266023 0.602738 0.264378 0.605418 0.261637 0.608097 0.258760 0.610290 0.255882 0.609559 0.253415 0.607854 0.251497 0.604930 0.250126 0.601763 0.248619 0.597865 0.247934 0.592993 0.247934 0.588121 0.248756 0.584710 0.249578 0.581299 0.250949 0.578863 0.252730 0.576427 0.254100 0.575453 0.256156 0.574234
1 0.725119 0.585196 0.727997 0.585926 0.730600 0.587632 0.732245 0.590312 0.733478 0.593722 0.734300 0.597620 0.734574 0.602492 0.734574 0.606878 0.734026 0.610288 0.733204 0.613699 0.731560 0.616379 0.728819 0.619059 0.725941 0.621251 0.723063 0.620520 0.720597 0.618815 0.718678 0.615892 0.717308 0.612724 0.715801 0.608827 0.715115 0.603954 0.715115 0.599082 0.715938 0.595671 0.716760 0.592260 0.718130 0.589824 0.719912 0.587388 0.721282 0.586414 0.723338 0.585196
1 0.519067 0.581692 0.521944 0.582423 0.524548 0.584128 0.526192 0.586808 0.527426 0.590219 0.528248 0.594117 0.528522 0.598989 0.528522 0.603374 0.527974 0.606785 0.527152 0.610196 0.525507 0.612875 0.522766 0.615555 0.519889 0.617748 0.517011 0.617017 0.514544 0.615312 0.512626 0.612388 0.511255 0.609221 0.509748 0.605323 0.509063 0.600451 0.509063 0.595579 0.509885 0.592168 0.510707 0.588757 0.512078 0.586321 0.513859 0.583885 0.515230 0.582910 0.517285 0.581692
1 0.204175 0.573346 0.207053 0.574077 0.209657 0.575782 0.211301 0.578462 0.212534 0.581873 0.213357 0.585771 0.213631 0.590643 0.213631 0.595028 0.213083 0.598439 0.212260 0.601849 0.210616 0.604529 0.207875 0.607209 0.204997 0.609402 0.202120 0.608671 0.199653 0.606965 0.197735 0.604042 0.196364 0.600875 0.194857 0.596977 0.194172 0.592105 0.194172 0.587232 0.194994 0.583822 0.195816 0.580411 0.197186 0.577975 0.198968 0.575539 0.200338 0.574564 0.202394 0.573346
1 0.463662 0.580007 0.466540 0.580737 0.469144 0.582443 0.470788 0.585123 0.472022 0.588533 0.472844 0.592431 0.473118 0.597304 0.473118 0.601689 0.472570 0.605099 0.471747 0.608510 0.470103 0.611190 0.467362 0.613870 0.464485 0.616062 0.461607 0.615331 0.459140 0.613626 0.457222 0.610703 0.455851 0.607536 0.454344 0.603638 0.453659 0.598765 0.453659 0.593893 0.454481 0.590482 0.455303 0.587072 0.456674 0.584635 0.458455 0.582199 0.459825 0.581225 0.461881 0.580007
0 0.184050 0.268911 0.156073 0.268503 0.155165 0.414907 0.119834 0.415957 0.119834 0.538578 0.161599 0.538578 0.161553 0.469634 0.185097 0.469551
0 0.053602 0.267696 0.028698 0.268435 0.029204 0.463511 0.051911 0.464971 0.050750 0.532993 0.090773 0.535057 0.091406 0.412732 0.054589 0.412283
0 0.443823 0.271199 0.414485 0.271598 0.413576 0.419614 0.376432 0.419858 0.376432 0.542480 0.418196 0.542480 0.419512 0.475955 0.443509 0.475872
0 0.704088 0.280513 0.679352 0.279950 0.679352 0.424278 0.639486 0.423716 0.639486 0.546337 0.681250 0.546337 0.681883 0.476589 0.704361 0.477152
0 0.829262 0.281537 0.802449 0.280351 0.799684 0.480981 0.820613 0.481392 0.820613 0.549414 0.864736 0.550463 0.865369 0.428137 0.828417 0.428254
0 0.571735 0.274539 0.543810 0.272746 0.539617 0.475515 0.564266 0.476974 0.564266 0.544997 0.606030 0.544997 0.606663 0.422671 0.569846 0.422223
0 0.308696 0.270276 0.278240 0.269532 0.277839 0.474478 0.301127 0.474325 0.301127 0.539928 0.344706 0.540734 0.345338 0.418409 0.308521 0.417960
0 0.956463 0.285996 0.932906 0.286482 0.931727 0.432907 0.894219 0.432344 0.894219 0.554966 0.935984 0.554966 0.936617 0.485218 0.957326 0.485780
