1 0.795166 0.594468 0.796662 0.599257 0.797038 0.604269 0.796756 0.608278 0.796286 0.612288 0.795064 0.614626 0.793561 0.617299 0.791963 0.619471 0.790272 0.620474 0.788204 0.621142 0.786043 0.620139 0.784727 0.618970 0.782942 0.616965 0.781720 0.614626 0.780557 0.612107 0.780001 0.608188 0.779907 0.603997 0.780514 0.599528 0.781591 0.595185 0.783130 0.592908 0.784777 0.591042 0.787244 0.589336 0.789573 0.589336 0.791629 0.590311 0.793136 0.591773
1 0.267989 0.575214 0.270867 0.575945 0.273471 0.577651 0.275115 0.580330 0.276348 0.583741 0.277171 0.587639 0.277445 0.592511 0.277445 0.596896 0.276897 0.600307 0.276074 0.603718 0.274430 0.606398 0.271689 0.609077 0.268811 0.611270 0.265934 0.610539 0.263467 0.608834 0.261549 0.605910 0.260178 0.602743 0.258671 0.598845 0.257986 0.593973 0.257986 0.589101 0.258808 0.585690 0.259630 0.582279 0.261000 0.579843 0.262782 0.577407 0.264152 0.576432 0.266208 0.575214
1 0.734717 0.585196 0.737595 0.585926 0.740199 0.587632 0.741843 0.590312 0.743076 0.593722 0.743899 0.597620 0.744173 0.602492 0.744173 0.606878 0.743624 0.610288 0.742802 0.613699 0.741158 0.616379 0.738417 0.619059 0.735539 0.621251 0.732662 0.620520 0.730195 0.618815 0.728276 0.615892 0.726906 0.612724 0.725399 0.608827 0.724714 0.603954 0.724714 0.599082 0.725536 0.595671 0.726358 0.592260 0.727728 0.589824 0.729510 0.587388 0.730880 0.586414 0.732936 0.585196
1 0.528895 0.581940 0.531773 0.582671 0.534376 0.584376 0.536021 0.587056 0.537254 0.590467 0.538076 0.594365 0.538350 0.599237 0.538350 0.603622 0.537802 0.607033 0.536980 0.610444 0.535336 0.613123 0.532595 0.615803 0.529717 0.617996 0.526839 0.617265 0.524373 0.615560 0.522454 0.612636 0.521084 0.609469 0.519577 0.605571 0.518891 0.600699 0.518891 0.595827 0.519714 0.592416 0.520536 0.589005 0.521906 0.586569 0.523688 0.584133 0.525058 0.583158 0.527113 0.581940
1 0.214007 0.572788 0.216885 0.573519 0.219489 0.575224 0.221133 0.577904 0.222366 0.581314 0.223188 0.585212 0.223463 0.590085 0.223463 0.594470 0.222914 0.597880 0.222092 0.601291 0.220448 0.603971 0.217707 0.606651 0.214829 0.608843 0.211952 0.608112 0.209485 0.606407 0.207566 0.603484 0.206196 0.600317 0.204689 0.596419 0.204003 0.591546 0.204003 0.586674 0.204826 0.583263 0.205648 0.579853 0.207018 0.577416 0.208800 0.574980 0.210170 0.574006 0.212226 0.572788
1 0.473355 0.579448 0.476232 0.580179 0.478836 0.581884 0.480481 0.584564 0.481714 0.587975 0.482536 0.591873 0.482810 0.596745 0.482810 0.601130 0.482262 0.604541 0.481440 0.607952 0.479795 0.610632 0.477055 0.613311 0.474177 0.615504 0.471299 0.614773 0.468833 0.613068 0.466914 0.610144 0.465544 0.606977 0.464036 0.603079 0.463351 0.598207 0.463351 0.593335 0.464173 0.589924 0.464996 0.586513 0.466366 0.584077 0.468147 0.581641 0.469518 0.580666 0.471573 0.579448
0 0.193969 0.268272 0.165992 0.267864 0.166650 0.413571 0.129754 0.412477 0.129754 0.537939 0.171518 0.537939 0.171472 0.468995 0.195017 0.468912
0 0.062067 0.268670 0.037162 0.269409 0.037668 0.464485 0.060376 0.465945 0.059215 0.533967 0.099237 0.536031 0.099870 0.413706 0.063053 0.413257
0 0.452873 0.271125 0.423535 0.271524 0.422627 0.419540 0.385482 0.419784 0.385482 0.542405 0.427247 0.542405 0.428562 0.475880 0.452560 0.475797
0 0.715980 0.279269 0.688291 0.278707 0.688559 0.426375 0.648693 0.425813 0.648693 0.548434 0.690458 0.548434 0.691091 0.478686 0.715180 0.480203
0 0.842076 0.284482 0.815944 0.281200 0.808030 0.482836 0.831318 0.484295 0.831318 0.552317 0.873082 0.552317 0.873715 0.429992 0.839121 0.430108
0 0.581532 0.276636 0.553608 0.274843 0.549414 0.477611 0.574063 0.479071 0.574063 0.547093 0.615828 0.547093 0.616460 0.424768 0.579643 0.424319
0 0.318252 0.267938 0.287797 0.267193 0.287395 0.472139 0.310683 0.471986 0.310683 0.537589 0.354262 0.538395 0.354895 0.416070 0.318078 0.415622
0 0.965081 0.290996 0.942114 0.290433 0.942114 0.434761 0.902248 0.434199 0.902248 0.556820 0.944012 0.556820 0.944645 0.487072 0.965355 0.487635
