1 0.210083 0.606487 0.208655 0.611341 0.208350 0.616368 0.208689 0.620364 0.209215 0.624351 0.210469 0.626635 0.212010 0.629240 0.213638 0.631339 0.215343 0.632266 0.217419 0.632842 0.219566 0.631743 0.220865 0.630515 0.222621 0.628431 0.223809 0.626038 0.224936 0.623467 0.225437 0.619525 0.225471 0.615331 0.224801 0.610891 0.223663 0.606597 0.222093 0.604390 0.220420 0.602598 0.217930 0.601003 0.215601 0.601107 0.213560 0.602173 0.212074 0.603702
1 0.737354 0.562677 0.734488 0.563536 0.731909 0.565357 0.730303 0.568110 0.729118 0.571574 0.728351 0.575508 0.728146 0.580391 0.728208 0.584775 0.728805 0.588160 0.729675 0.591533 0.731357 0.594138 0.734134 0.596695 0.737042 0.598758 0.739909 0.597899 0.742350 0.596083 0.744227 0.593075 0.745552 0.589848 0.747004 0.585884 0.747620 0.580982 0.747551 0.576112 0.746681 0.572739 0.745811 0.569366 0.744406 0.566992 0.742591 0.564636 0.741207 0.563723 0.739135 0.562597
1 0.270943 0.595465 0.268076 0.596324 0.265497 0.598145 0.263891 0.600898 0.262707 0.604362 0.261940 0.608296 0.261735 0.613179 0.261797 0.617563 0.262393 0.620948 0.263263 0.624320 0.264945 0.626926 0.267723 0.629482 0.270631 0.631546 0.273497 0.630686 0.275939 0.628871 0.277815 0.625863 0.279140 0.622636 0.280592 0.618672 0.281208 0.613770 0.281139 0.608899 0.280269 0.605527 0.279399 0.602154 0.277995 0.599780 0.276179 0.597424 0.274796 0.596511 0.272723 0.595385
1 0.477187 0.582012 0.474321 0.582871 0.471742 0.584693 0.470136 0.587445 0.468952 0.590910 0.468185 0.594843 0.467980 0.599726 0.468042 0.604110 0.468638 0.607495 0.469508 0.610868 0.471190 0.613473 0.473968 0.616030 0.476875 0.618093 0.479742 0.617234 0.482184 0.615419 0.484060 0.612411 0.485385 0.609183 0.486837 0.605219 0.487453 0.600318 0.487384 0.595447 0.486514 0.592074 0.485644 0.588701 0.484240 0.586327 0.482424 0.583971 0.481040 0.583058 0.478968 0.581933
1 0.792394 0.558762 0.789527 0.559622 0.786949 0.561443 0.785343 0.564195 0.784158 0.567660 0.783391 0.571594 0.783186 0.576477 0.783248 0.580860 0.783844 0.584245 0.784714 0.587618 0.786396 0.590224 0.789174 0.592780 0.792082 0.594843 0.794948 0.593984 0.797390 0.592169 0.799267 0.589161 0.800592 0.585934 0.802044 0.581969 0.802660 0.577068 0.802591 0.572197 0.801721 0.568824 0.800850 0.565452 0.799446 0.563077 0.797631 0.560722 0.796247 0.559809 0.794175 0.558683
1 0.532675 0.577038 0.529808 0.577898 0.527230 0.579719 0.525624 0.582471 0.524439 0.585936 0.523672 0.589869 0.523467 0.594752 0.523529 0.599136 0.524125 0.602521 0.524996 0.605894 0.526677 0.608500 0.529455 0.611056 0.532363 0.613119 0.535229 0.612260 0.537671 0.610445 0.539548 0.607437 0.540873 0.604209 0.542325 0.600245 0.542941 0.595344 0.542872 0.590473 0.542002 0.587100 0.541131 0.583727 0.539727 0.581353 0.537912 0.578997 0.536528 0.578084 0.534456 0.576959
0 0.805315 0.254379 0.832359 0.251956 0.834001 0.399945 0.873846 0.397601 0.875580 0.520183 0.833829 0.522050 0.832899 0.453126 0.809362 0.454095
0 0.937518 0.247253 0.959704 0.247000 0.964678 0.441915 0.941999 0.444390 0.944122 0.512338 0.904141 0.516191 0.901778 0.393933 0.938577 0.391838
0 0.547275 0.270384 0.574319 0.267961 0.575960 0.415950 0.615806 0.413606 0.617540 0.536189 0.575789 0.538055 0.574859 0.469131 0.551321 0.470101
0 0.286614 0.289985 0.311335 0.288317 0.313377 0.432599 0.353222 0.430255 0.354956 0.552838 0.313205 0.554704 0.311586 0.485007 0.289122 0.486574
0 0.160003 0.296994 0.186208 0.293464 0.195362 0.496452 0.172102 0.498952 0.173064 0.566953 0.131312 0.568819 0.128950 0.446561 0.165749 0.444467
0 0.420020 0.278044 0.445621 0.273493 0.453610 0.477581 0.430350 0.480082 0.431312 0.548082 0.389561 0.549949 0.387199 0.427691 0.423998 0.425597
0 0.683336 0.259667 0.710121 0.256111 0.715212 0.459281 0.691952 0.461781 0.692914 0.529782 0.651163 0.531648 0.648801 0.409390 0.685600 0.407296
0 0.035632 0.310645 0.058584 0.309056 0.060625 0.453338 0.100471 0.450994 0.102205 0.573577 0.060454 0.575444 0.058835 0.505746 0.038140 0.507234
