1 0.218039 0.593168 0.216544 0.597957 0.216168 0.602969 0.216450 0.606979 0.216920 0.610988 0.218141 0.613327 0.219645 0.616000 0.221242 0.618172 0.222934 0.619174 0.225001 0.619842 0.227163 0.618840 0.228478 0.617671 0.230264 0.615666 0.231485 0.613327 0.232648 0.610807 0.233204 0.606888 0.233298 0.602698 0.232691 0.598229 0.231614 0.593885 0.230076 0.591609 0.228428 0.589742 0.225962 0.588037 0.223632 0.588037 0.221577 0.589011 0.220069 0.590473
1 0.736521 0.580956 0.733643 0.581687 0.731040 0.583393 0.729395 0.586072 0.728162 0.589483 0.727340 0.593381 0.727066 0.598253 0.727066 0.602639 0.727614 0.606049 0.728436 0.609460 0.730080 0.612140 0.732821 0.614820 0.735699 0.617012 0.738577 0.616281 0.741043 0.614576 0.742962 0.611652 0.744332 0.608485 0.745839 0.604588 0.746525 0.599715 0.746525 0.594843 0.745702 0.591432 0.744880 0.588021 0.743510 0.585585 0.741728 0.583149 0.740358 0.582175 0.738302 0.580956
1 0.277789 0.584756 0.274911 0.585487 0.272308 0.587192 0.270663 0.589872 0.269430 0.593282 0.268608 0.597180 0.268334 0.602053 0.268334 0.606438 0.268882 0.609848 0.269704 0.613259 0.271348 0.615939 0.274089 0.618619 0.276967 0.620811 0.279845 0.620080 0.282311 0.618375 0.284230 0.615452 0.285600 0.612285 0.287108 0.608387 0.287793 0.603514 0.287793 0.598642 0.286970 0.595231 0.286148 0.591821 0.284778 0.589385 0.282996 0.586948 0.281626 0.585974 0.279571 0.584756
1 0.479847 0.582158 0.476969 0.582888 0.474365 0.584594 0.472721 0.587274 0.471487 0.590684 0.470665 0.594582 0.470391 0.599454 0.470391 0.603840 0.470939 0.607250 0.471762 0.610661 0.473406 0.613341 0.476147 0.616021 0.479024 0.618213 0.481902 0.617482 0.484369 0.615777 0.486287 0.612854 0.487658 0.609686 0.489165 0.605789 0.489850 0.600916 0.489850 0.596044 0.489028 0.592633 0.488206 0.589222 0.486835 0.586786 0.485054 0.584350 0.483684 0.583376 0.481628 0.582158
1 0.788876 0.579945 0.785998 0.580676 0.783395 0.582381 0.781750 0.585061 0.780517 0.588471 0.779695 0.592369 0.779420 0.597242 0.779420 0.601627 0.779969 0.605038 0.780791 0.608448 0.782435 0.611128 0.785176 0.613808 0.788054 0.616000 0.790931 0.615270 0.793398 0.613564 0.795317 0.610641 0.796687 0.607474 0.798194 0.603576 0.798880 0.598703 0.798880 0.593831 0.798057 0.590420 0.797235 0.587010 0.795865 0.584574 0.794083 0.582137 0.792713 0.581163 0.790657 0.579945
1 0.534699 0.583252 0.531821 0.583983 0.529218 0.585689 0.527573 0.588368 0.526340 0.591779 0.525518 0.595677 0.525244 0.600549 0.525244 0.604935 0.525792 0.608345 0.526614 0.611756 0.528258 0.614436 0.530999 0.617115 0.533877 0.619308 0.536755 0.618577 0.539221 0.616872 0.541140 0.613948 0.542510 0.610781 0.544017 0.606883 0.544703 0.602011 0.544703 0.597139 0.543880 0.593728 0.543058 0.590317 0.541688 0.587881 0.539906 0.585445 0.538536 0.584471 0.536480 0.583252
0 0.808870 0.280281 0.835292 0.280104 0.834737 0.424662 0.872335 0.424100 0.872335 0.546721 0.830571 0.546721 0.830616 0.477777 0.807720 0.477118
0 0.935659 0.282751 0.963674 0.282107 0.963004 0.475339 0.941657 0.476799 0.941458 0.544821 0.901435 0.546885 0.900802 0.424560 0.937619 0.424111
0 0.553668 0.277876 0.583006 0.278275 0.583914 0.426291 0.621059 0.426535 0.621059 0.549156 0.579294 0.549156 0.577979 0.482631 0.553981 0.482548
0 0.298483 0.284274 0.324440 0.284952 0.324517 0.430148 0.361731 0.429586 0.361731 0.552207 0.321363 0.550967 0.320730 0.483080 0.298042 0.483022
0 0.174511 0.287172 0.200788 0.284374 0.205578 0.485232 0.182159 0.485611 0.182104 0.553019 0.140526 0.554713 0.139893 0.432388 0.176845 0.432504
0 0.430027 0.281796 0.456557 0.281244 0.460087 0.481283 0.436136 0.481503 0.436136 0.549525 0.394371 0.549525 0.393739 0.427199 0.432370 0.425945
0 0.686805 0.277759 0.717260 0.277015 0.717662 0.481961 0.694374 0.481808 0.694374 0.547410 0.650795 0.548217 0.650162 0.425892 0.686979 0.425443
0 0.050579 0.293121 0.075489 0.292535 0.074899 0.435365 0.112407 0.434802 0.112407 0.557424 0.070642 0.557424 0.070010 0.487676 0.049300 0.485616
