1 0.230681 0.718509 0.229897 0.723806 0.230229 0.728828 0.231059 0.732589 0.232071 0.736268 0.233580 0.737998 0.235408 0.739928 0.237258 0.741331 0.239036 0.741560 0.241132 0.741300 0.243088 0.739379 0.244200 0.737669 0.245652 0.734942 0.246511 0.732139 0.247287 0.729187 0.247282 0.725145 0.246791 0.721043 0.245582 0.716979 0.243935 0.713243 0.242128 0.711713 0.240272 0.710627 0.237645 0.710058 0.235387 0.711081 0.233531 0.712927 0.232273 0.715006
1 0.739248 0.467208 0.736561 0.469180 0.734275 0.471975 0.733054 0.475294 0.732333 0.479141 0.732077 0.483279 0.732489 0.488121 0.733098 0.492370 0.734103 0.495434 0.735373 0.498378 0.737339 0.500253 0.740367 0.501646 0.743460 0.502508 0.746147 0.500536 0.748301 0.497800 0.749754 0.494125 0.750642 0.490455 0.751561 0.486016 0.751548 0.480993 0.750871 0.476272 0.749601 0.473328 0.748330 0.470384 0.746664 0.468625 0.744599 0.467046 0.743136 0.466704 0.740975 0.466426
1 0.288635 0.683686 0.285948 0.685658 0.283662 0.688454 0.282441 0.691772 0.281719 0.695619 0.281464 0.699757 0.281875 0.704599 0.282485 0.708848 0.283490 0.711913 0.284760 0.714857 0.286726 0.716731 0.289754 0.718125 0.292847 0.718986 0.295534 0.717014 0.297688 0.714279 0.299141 0.710604 0.300028 0.706933 0.300948 0.702494 0.300935 0.697472 0.300258 0.692750 0.298987 0.689806 0.297717 0.686862 0.296050 0.685103 0.293986 0.683525 0.292522 0.683182 0.290361 0.682904
1 0.488025 0.588980 0.485338 0.590952 0.483052 0.593748 0.481831 0.597067 0.481109 0.600913 0.480854 0.605051 0.481265 0.609893 0.481874 0.614142 0.482879 0.617207 0.484150 0.620151 0.486116 0.622026 0.489144 0.623419 0.492237 0.624280 0.494924 0.622309 0.497077 0.619573 0.498530 0.615898 0.499418 0.612227 0.500338 0.607788 0.500325 0.602766 0.499648 0.598044 0.498377 0.595100 0.497107 0.592156 0.495440 0.590397 0.493376 0.588819 0.491912 0.588476 0.489751 0.588198
1 0.792418 0.441618 0.789731 0.443590 0.787445 0.446385 0.786224 0.449704 0.785502 0.453551 0.785247 0.457689 0.785658 0.462531 0.786267 0.466780 0.787272 0.469844 0.788543 0.472788 0.790509 0.474663 0.793537 0.476057 0.796630 0.476918 0.799317 0.474946 0.801470 0.472211 0.802923 0.468535 0.803811 0.464865 0.804731 0.460426 0.804718 0.455403 0.804041 0.450682 0.802770 0.447738 0.801500 0.444794 0.799833 0.443035 0.797769 0.441456 0.796305 0.441114 0.794144 0.440836
1 0.541499 0.562180 0.538811 0.564152 0.536525 0.566948 0.535304 0.570267 0.534583 0.574113 0.534328 0.578251 0.534739 0.583093 0.535348 0.587342 0.536353 0.590407 0.537624 0.593351 0.539589 0.595226 0.542617 0.596619 0.545711 0.597480 0.548398 0.595509 0.550551 0.592773 0.552004 0.589098 0.552892 0.585427 0.553811 0.580988 0.553798 0.575966 0.553121 0.571244 0.551851 0.568300 0.550580 0.565356 0.548914 0.563597 0.546849 0.562019 0.545386 0.561676 0.543225 0.561398
0 0.766915 0.139755 0.792978 0.126693 0.813102 0.270323 0.851655 0.252274 0.868690 0.371098 0.828219 0.389434 0.818685 0.322606 0.795859 0.332863
0 0.894912 0.080507 0.916510 0.071484 0.945757 0.259545 0.923956 0.270929 0.934530 0.336334 0.896034 0.355907 0.878428 0.237649 0.914042 0.221049
0 0.517348 0.257440 0.543411 0.244378 0.563535 0.388008 0.602088 0.369959 0.619123 0.488782 0.578652 0.507119 0.569118 0.440291 0.546292 0.450547
0 0.265677 0.379666 0.289569 0.368260 0.309619 0.508118 0.348172 0.490069 0.365207 0.608892 0.324736 0.627229 0.314433 0.559919 0.292729 0.570334
0 0.143117 0.436586 0.168223 0.422778 0.202556 0.617056 0.180192 0.628695 0.189641 0.694610 0.149171 0.712947 0.131564 0.594689 0.167178 0.578089
0 0.394243 0.315249 0.418632 0.300684 0.451967 0.496495 0.429603 0.508134 0.439053 0.574049 0.398582 0.592386 0.380976 0.474128 0.416590 0.457529
0 0.648657 0.193165 0.674325 0.179102 0.704720 0.375164 0.682356 0.386803 0.691805 0.452718 0.651335 0.471055 0.633728 0.352797 0.669342 0.336197
0 0.023573 0.499097 0.045751 0.488468 0.065801 0.628325 0.104354 0.610277 0.121389 0.729100 0.080918 0.747437 0.070615 0.680127 0.050625 0.689765
