1 0.210095 0.609833 0.208652 0.614673 0.208330 0.619697 0.208656 0.623696 0.209169 0.627688 0.210416 0.629985 0.211948 0.632606 0.213569 0.634722 0.215271 0.635666 0.217345 0.636264 0.219495 0.635187 0.220798 0.633973 0.222561 0.631907 0.223757 0.629527 0.224893 0.626968 0.225406 0.623030 0.225454 0.618837 0.224799 0.614390 0.223675 0.610084 0.222112 0.607861 0.220445 0.606051 0.217960 0.604431 0.215631 0.604511 0.213586 0.605556 0.212095 0.607069
1 0.737754 0.572781 0.734884 0.573611 0.732300 0.575405 0.730685 0.578141 0.729489 0.581593 0.728709 0.585519 0.728488 0.590400 0.728535 0.594784 0.729121 0.598175 0.729980 0.601557 0.731653 0.604180 0.734422 0.606765 0.737323 0.608858 0.740192 0.608029 0.742640 0.606239 0.744527 0.603251 0.745862 0.600037 0.747327 0.596088 0.747959 0.591193 0.747906 0.586322 0.747047 0.582940 0.746188 0.579558 0.744792 0.577169 0.742984 0.574795 0.741603 0.573868 0.739535 0.572720
1 0.269811 0.598455 0.266942 0.599285 0.264357 0.601079 0.262742 0.603815 0.261546 0.607267 0.260766 0.611193 0.260545 0.616074 0.260593 0.620458 0.261178 0.623849 0.262037 0.627231 0.263710 0.629854 0.266480 0.632439 0.269381 0.634532 0.272250 0.633703 0.274698 0.631913 0.276584 0.628925 0.277920 0.625711 0.279385 0.621762 0.280017 0.616867 0.279964 0.611996 0.279105 0.608614 0.278246 0.605232 0.276849 0.602843 0.275041 0.600469 0.273661 0.599542 0.271592 0.598394
1 0.477113 0.589469 0.474244 0.590298 0.471659 0.592093 0.470044 0.594829 0.468848 0.598281 0.468069 0.602206 0.467847 0.607087 0.467895 0.611471 0.468480 0.614863 0.469339 0.618244 0.471012 0.620867 0.473782 0.623453 0.476683 0.625546 0.479552 0.624717 0.482000 0.622927 0.483886 0.619938 0.485222 0.616725 0.486687 0.612776 0.487319 0.607881 0.487266 0.603009 0.486407 0.599627 0.485548 0.596246 0.484151 0.593857 0.482343 0.591482 0.480963 0.590555 0.478894 0.589408
1 0.791947 0.569178 0.789078 0.570007 0.786493 0.571801 0.784878 0.574537 0.783682 0.577989 0.782903 0.581915 0.782681 0.586796 0.782729 0.591180 0.783314 0.594571 0.784173 0.597953 0.785846 0.600576 0.788616 0.603161 0.791517 0.605255 0.794386 0.604425 0.796834 0.602635 0.798720 0.599647 0.800056 0.596433 0.801521 0.592484 0.802153 0.587589 0.802100 0.582718 0.801241 0.579336 0.800382 0.575954 0.798985 0.573566 0.797178 0.571191 0.795797 0.570264 0.793728 0.569116
1 0.531225 0.583776 0.528356 0.584606 0.525771 0.586400 0.524156 0.589136 0.522960 0.592588 0.522181 0.596514 0.521959 0.601394 0.522007 0.605779 0.522592 0.609170 0.523451 0.612552 0.525124 0.615175 0.527894 0.617760 0.530795 0.619853 0.533664 0.619024 0.536112 0.617234 0.537998 0.614246 0.539334 0.611032 0.540799 0.607083 0.541431 0.602188 0.541378 0.597317 0.540519 0.593935 0.539660 0.590553 0.538263 0.588164 0.536456 0.585790 0.535075 0.584862 0.533006 0.583715
0 0.808315 0.261249 0.835385 0.260719 0.836437 0.408726 0.874022 0.406874 0.875354 0.529472 0.833597 0.530906 0.832894 0.461973 0.809353 0.462698
0 0.936725 0.259363 0.963438 0.258379 0.966882 0.454986 0.945555 0.457178 0.946094 0.525194 0.906102 0.528632 0.904141 0.406351 0.940946 0.404639
0 0.548136 0.274094 0.577473 0.273485 0.579988 0.421443 0.617129 0.420412 0.618460 0.543010 0.576703 0.544444 0.574666 0.477976 0.550672 0.478717
0 0.285406 0.289701 0.312399 0.288212 0.314943 0.438932 0.353889 0.437032 0.355220 0.559631 0.313464 0.561064 0.312073 0.491351 0.288698 0.492716
0 0.159680 0.299074 0.187817 0.295308 0.194610 0.498969 0.173689 0.500098 0.174427 0.568108 0.130324 0.570670 0.128363 0.448389 0.165310 0.447237
0 0.421470 0.282032 0.449370 0.279281 0.454422 0.483527 0.429793 0.485832 0.430532 0.553842 0.388775 0.555275 0.386814 0.432994 0.425425 0.430414
0 0.684438 0.267685 0.714881 0.265896 0.717507 0.470789 0.694222 0.471436 0.694934 0.537026 0.651373 0.539328 0.649412 0.417048 0.686217 0.415336
0 0.032891 0.309983 0.060051 0.307117 0.061459 0.453520 0.098953 0.451671 0.100285 0.574269 0.058528 0.575703 0.057138 0.505989 0.036439 0.507263
