1 0.214683 0.601671 0.213187 0.606460 0.212811 0.611472 0.213093 0.615481 0.213563 0.619490 0.214785 0.621829 0.216288 0.624502 0.217886 0.626674 0.219577 0.627676 0.221644 0.628345 0.223806 0.627342 0.225121 0.626173 0.226907 0.624168 0.228129 0.621829 0.229291 0.619309 0.229847 0.615390 0.229941 0.611200 0.229335 0.606731 0.228258 0.602388 0.226719 0.600111 0.225072 0.598245 0.222605 0.596539 0.220275 0.596539 0.218220 0.597514 0.216712 0.598975
1 0.742407 0.584274 0.739530 0.585005 0.736926 0.586710 0.735281 0.589390 0.734048 0.592800 0.733226 0.596698 0.732952 0.601571 0.732952 0.605956 0.733500 0.609367 0.734322 0.612777 0.735967 0.615457 0.738707 0.618137 0.741585 0.620329 0.744463 0.619599 0.746929 0.617893 0.748848 0.614970 0.750218 0.611803 0.751726 0.607905 0.752411 0.603032 0.752411 0.598160 0.751589 0.594749 0.750766 0.591339 0.749396 0.588903 0.747615 0.586466 0.746244 0.585492 0.744189 0.584274
1 0.275679 0.593372 0.272802 0.594103 0.270198 0.595808 0.268553 0.598488 0.267320 0.601899 0.266498 0.605797 0.266224 0.610669 0.266224 0.615054 0.266772 0.618465 0.267594 0.621876 0.269239 0.624555 0.271979 0.627235 0.274857 0.629428 0.277735 0.628697 0.280202 0.626992 0.282120 0.624068 0.283490 0.620901 0.284998 0.617003 0.285683 0.612131 0.285683 0.607258 0.284861 0.603848 0.284039 0.600437 0.282668 0.598001 0.280887 0.595565 0.279516 0.594590 0.277461 0.593372
1 0.481872 0.589562 0.478995 0.590293 0.476391 0.591999 0.474747 0.594678 0.473513 0.598089 0.472691 0.601987 0.472417 0.606859 0.472417 0.611245 0.472965 0.614655 0.473787 0.618066 0.475432 0.620746 0.478172 0.623425 0.481050 0.625618 0.483928 0.624887 0.486395 0.623182 0.488313 0.620258 0.489683 0.617091 0.491191 0.613193 0.491876 0.608321 0.491876 0.603449 0.491054 0.600038 0.490232 0.596627 0.488861 0.594191 0.487080 0.591755 0.485709 0.590781 0.483654 0.589562
1 0.795716 0.579047 0.792838 0.579778 0.790234 0.581483 0.788590 0.584163 0.787357 0.587574 0.786535 0.591472 0.786260 0.596344 0.786260 0.600729 0.786809 0.604140 0.787631 0.607551 0.789275 0.610230 0.792016 0.612910 0.794894 0.615103 0.797771 0.614372 0.800238 0.612667 0.802157 0.609743 0.803527 0.606576 0.805034 0.602678 0.805720 0.597806 0.805720 0.592933 0.804897 0.589523 0.804075 0.586112 0.802705 0.583676 0.800923 0.581240 0.799553 0.580265 0.797497 0.579047
1 0.536823 0.587070 0.533945 0.587801 0.531342 0.589507 0.529697 0.592186 0.528464 0.595597 0.527642 0.599495 0.527368 0.604367 0.527368 0.608753 0.527916 0.612163 0.528738 0.615574 0.530382 0.618254 0.533123 0.620933 0.536001 0.623126 0.538879 0.622395 0.541345 0.620690 0.543264 0.617766 0.544634 0.614599 0.546141 0.610701 0.546827 0.605829 0.546827 0.600957 0.546004 0.597546 0.545182 0.594135 0.543812 0.591699 0.542030 0.589263 0.540660 0.588289 0.538604 0.587070
0 0.814027 0.275475 0.842004 0.275067 0.842912 0.421470 0.878242 0.422521 0.878242 0.545142 0.836478 0.545142 0.836523 0.476198 0.812979 0.476115
0 0.945382 0.274510 0.970286 0.275249 0.969780 0.470325 0.947073 0.471785 0.948234 0.539807 0.908211 0.541871 0.907578 0.419546 0.944395 0.419097
0 0.556209 0.278013 0.585547 0.278412 0.586455 0.426428 0.623600 0.426672 0.623600 0.549293 0.581836 0.549293 0.580520 0.482768 0.556523 0.482685
0 0.296257 0.288689 0.320993 0.288127 0.320993 0.432455 0.360859 0.431893 0.360859 0.554514 0.319095 0.554514 0.318462 0.489538 0.295983 0.488669
0 0.169409 0.294608 0.196222 0.293422 0.198987 0.494052 0.178058 0.494464 0.178058 0.562486 0.133935 0.563534 0.133302 0.441209 0.170254 0.441325
0 0.427843 0.285441 0.455768 0.283648 0.459961 0.486417 0.435312 0.487877 0.435312 0.555899 0.393548 0.555899 0.392915 0.433574 0.429732 0.433125
0 0.690569 0.275171 0.721025 0.274427 0.721426 0.479372 0.698138 0.479219 0.698138 0.544822 0.654560 0.545629 0.653927 0.423304 0.690744 0.422855
0 0.043115 0.296342 0.066672 0.296828 0.067851 0.443252 0.105359 0.442690 0.105359 0.565311 0.063594 0.565311 0.062962 0.495563 0.042252 0.496126
