1 0.214435 0.638762 0.213182 0.643767 0.213056 0.648818 0.213536 0.652768 0.214202 0.656688 0.215535 0.658827 0.217165 0.661254 0.218864 0.663167 0.220599 0.663900 0.222691 0.664242 0.224795 0.662905 0.226047 0.661534 0.227726 0.659258 0.228827 0.656736 0.229861 0.654044 0.230220 0.650053 0.230106 0.645864 0.229280 0.641508 0.227992 0.637350 0.226347 0.635324 0.224613 0.633722 0.222072 0.632410 0.219751 0.632775 0.217752 0.634067 0.216323 0.635760
1 0.739104 0.535955 0.736274 0.537134 0.733765 0.539241 0.732260 0.542168 0.731200 0.545758 0.730575 0.549770 0.730543 0.554666 0.730760 0.559034 0.731475 0.562346 0.732463 0.565614 0.734234 0.568026 0.737097 0.570266 0.740072 0.571999 0.742903 0.570821 0.745275 0.568736 0.747041 0.565523 0.748249 0.562154 0.749558 0.558035 0.749999 0.553074 0.749757 0.548221 0.748769 0.544952 0.747781 0.541683 0.746296 0.539471 0.744400 0.537324 0.742987 0.536568 0.740879 0.535676
1 0.274783 0.620942 0.271952 0.622121 0.269443 0.624227 0.267938 0.627154 0.266879 0.630745 0.266253 0.634756 0.266221 0.639653 0.266439 0.644021 0.267154 0.647332 0.268142 0.650601 0.269913 0.653013 0.272775 0.655253 0.275751 0.656986 0.278581 0.655807 0.280953 0.653722 0.282720 0.650510 0.283928 0.647140 0.285236 0.643022 0.285677 0.638061 0.285436 0.633207 0.284448 0.629939 0.283460 0.626670 0.281974 0.624458 0.280079 0.622310 0.278665 0.621554 0.276557 0.620663
1 0.480141 0.584405 0.477310 0.585584 0.474801 0.587691 0.473296 0.590618 0.472236 0.594208 0.471611 0.598220 0.471579 0.603116 0.471796 0.607484 0.472511 0.610796 0.473500 0.614064 0.475270 0.616476 0.478133 0.618716 0.481108 0.620450 0.483939 0.619271 0.486311 0.617186 0.488077 0.613973 0.489286 0.610604 0.490594 0.606485 0.491035 0.601524 0.490793 0.596671 0.489805 0.593402 0.488817 0.590134 0.487332 0.587921 0.485436 0.585774 0.484023 0.585018 0.481915 0.584126
1 0.793896 0.525881 0.791066 0.527060 0.788557 0.529167 0.787051 0.532093 0.785992 0.535684 0.785366 0.539696 0.785334 0.544592 0.785552 0.548960 0.786267 0.552272 0.787255 0.555540 0.789026 0.557952 0.791889 0.560192 0.794864 0.561925 0.797694 0.560747 0.800067 0.558662 0.801833 0.555449 0.803041 0.552080 0.804349 0.547961 0.804790 0.543000 0.804549 0.538147 0.803561 0.534878 0.802573 0.531609 0.801087 0.529397 0.799192 0.527250 0.797778 0.526494 0.795670 0.525602
1 0.535341 0.573224 0.532511 0.574402 0.530002 0.576509 0.528497 0.579436 0.527437 0.583027 0.526811 0.587038 0.526780 0.591934 0.526997 0.596302 0.527712 0.599614 0.528700 0.602883 0.530471 0.605294 0.533334 0.607535 0.536309 0.609268 0.539140 0.608089 0.541512 0.606004 0.543278 0.602791 0.544486 0.599422 0.545795 0.595303 0.546236 0.590343 0.545994 0.585489 0.545006 0.582220 0.544018 0.578952 0.542532 0.576740 0.540637 0.574592 0.539224 0.573836 0.537116 0.572945
0 0.795999 0.220655 0.822904 0.215206 0.829789 0.362717 0.869472 0.355913 0.875549 0.478057 0.833947 0.484599 0.830576 0.415916 0.807119 0.419521
0 0.927687 0.198729 0.949820 0.195990 0.961695 0.389961 0.939148 0.394972 0.943676 0.462547 0.903911 0.470872 0.897218 0.349122 0.933870 0.342908
0 0.539040 0.265544 0.565944 0.260094 0.572829 0.407606 0.612512 0.400801 0.618590 0.522946 0.576988 0.529487 0.573616 0.460804 0.550159 0.464409
0 0.279593 0.314313 0.304205 0.309879 0.311358 0.453646 0.351041 0.446841 0.357118 0.568985 0.315516 0.575527 0.311429 0.506150 0.289066 0.510231
0 0.153481 0.335496 0.179509 0.329037 0.195842 0.530595 0.172716 0.535697 0.176087 0.603455 0.134486 0.609996 0.127793 0.488246 0.164445 0.482032
0 0.412310 0.287447 0.437698 0.280036 0.452908 0.482824 0.429783 0.487926 0.433154 0.555683 0.391552 0.562225 0.384859 0.440475 0.421511 0.434261
0 0.674451 0.239601 0.701057 0.233051 0.713341 0.435246 0.690216 0.440348 0.693587 0.508105 0.651985 0.514647 0.645292 0.392897 0.681944 0.386683
0 0.029841 0.363056 0.052692 0.358899 0.059845 0.502666 0.099528 0.495861 0.105605 0.618006 0.064003 0.624547 0.059916 0.555170 0.039314 0.558974
