1 0.225796 0.673172 0.224701 0.678292 0.224732 0.683348 0.225333 0.687244 0.226121 0.691093 0.227518 0.693097 0.229221 0.695361 0.230977 0.697104 0.232732 0.697666 0.234832 0.697802 0.236890 0.696260 0.238098 0.694768 0.239704 0.692330 0.240725 0.689704 0.241673 0.686915 0.241908 0.682895 0.241664 0.678723 0.240704 0.674455 0.239289 0.670430 0.237583 0.668568 0.235802 0.667139 0.233224 0.666079 0.230918 0.666671 0.228962 0.668158 0.227588 0.669988
1 0.746695 0.521771 0.743906 0.523227 0.741466 0.525576 0.740054 0.528647 0.739108 0.532336 0.738608 0.536403 0.738728 0.541295 0.739081 0.545635 0.739898 0.548871 0.740986 0.552038 0.742829 0.554272 0.745757 0.556227 0.748782 0.557665 0.751571 0.556210 0.753875 0.553895 0.755539 0.550514 0.756641 0.547031 0.757819 0.542790 0.758105 0.537794 0.757713 0.532971 0.756625 0.529805 0.755537 0.526638 0.753984 0.524576 0.752025 0.522617 0.750591 0.522001 0.748458 0.521319
1 0.285497 0.649449 0.282708 0.650904 0.280268 0.653254 0.278856 0.656325 0.277910 0.660014 0.277410 0.664081 0.277531 0.668973 0.277884 0.673313 0.278700 0.676549 0.279789 0.679715 0.281632 0.681950 0.284560 0.683905 0.287584 0.685343 0.290374 0.683888 0.292678 0.681573 0.294341 0.678192 0.295443 0.674709 0.296621 0.670468 0.296907 0.665472 0.296515 0.660649 0.295427 0.657483 0.294339 0.654316 0.292787 0.652253 0.290828 0.650295 0.289393 0.649679 0.287261 0.648996
1 0.489264 0.593251 0.486475 0.594706 0.484035 0.597056 0.482623 0.600126 0.481677 0.603815 0.481177 0.607882 0.481297 0.612774 0.481650 0.617114 0.482467 0.620350 0.483555 0.623517 0.485398 0.625751 0.488327 0.627707 0.491351 0.629145 0.494141 0.627690 0.496445 0.625375 0.498108 0.621994 0.499210 0.618511 0.500388 0.614270 0.500674 0.609273 0.500282 0.604451 0.499194 0.601284 0.498106 0.598118 0.496554 0.596055 0.494594 0.594097 0.493160 0.593481 0.491027 0.592798
1 0.799035 0.503044 0.796246 0.504499 0.793806 0.506849 0.792394 0.509919 0.791448 0.513608 0.790948 0.517675 0.791068 0.522567 0.791421 0.526907 0.792238 0.530144 0.793326 0.533310 0.795169 0.535544 0.798098 0.537500 0.801122 0.538938 0.803911 0.537483 0.806216 0.535168 0.807879 0.531787 0.808981 0.528304 0.810159 0.524063 0.810445 0.519066 0.810053 0.514244 0.808965 0.511077 0.807877 0.507911 0.806324 0.505848 0.804365 0.503890 0.802931 0.503274 0.800798 0.502591
1 0.543449 0.576812 0.540660 0.578268 0.538220 0.580617 0.536808 0.583688 0.535862 0.587377 0.535362 0.591444 0.535483 0.596336 0.535835 0.600676 0.536652 0.603912 0.537741 0.607079 0.539584 0.609313 0.542512 0.611268 0.545536 0.612706 0.548326 0.611251 0.550630 0.608936 0.552293 0.605555 0.553395 0.602072 0.554573 0.597831 0.554859 0.592835 0.554467 0.588012 0.553379 0.584846 0.552291 0.581679 0.550739 0.579617 0.548780 0.577658 0.547345 0.577042 0.545212 0.576360
0 0.792735 0.197937 0.820391 0.190420 0.833069 0.335087 0.868120 0.327143 0.877985 0.448504 0.836650 0.459123 0.831149 0.390876 0.807840 0.396781
0 0.922662 0.163583 0.947369 0.157982 0.962563 0.351181 0.940206 0.358400 0.946828 0.425427 0.907383 0.437647 0.896915 0.316740 0.933318 0.306935
0 0.537772 0.266003 0.566840 0.258939 0.579648 0.405202 0.616430 0.395999 0.626295 0.517359 0.584960 0.527979 0.578306 0.462472 0.554548 0.468492
0 0.281351 0.342667 0.305788 0.335820 0.317399 0.478665 0.356810 0.467972 0.366675 0.589332 0.325340 0.599952 0.319487 0.535804 0.297169 0.540660
0 0.156284 0.380778 0.182725 0.372786 0.201603 0.570651 0.180922 0.576380 0.186395 0.643702 0.142809 0.655959 0.132342 0.535052 0.168924 0.525771
0 0.411323 0.305994 0.438817 0.297119 0.459280 0.496737 0.435002 0.504449 0.440475 0.571772 0.399140 0.582391 0.388672 0.461485 0.425075 0.451679
0 0.670522 0.229027 0.700605 0.220547 0.717490 0.423283 0.694429 0.429053 0.699707 0.493982 0.656641 0.505860 0.646174 0.384954 0.682576 0.375148
0 0.031427 0.414606 0.054782 0.409097 0.067729 0.553717 0.104805 0.543623 0.114670 0.664984 0.073335 0.675603 0.067098 0.606733 0.046646 0.612555
