1 0.231086 0.623509 0.229679 0.628383 0.229396 0.633414 0.229752 0.637405 0.230295 0.641385 0.231559 0.643651 0.233111 0.646235 0.234748 0.648313 0.236457 0.649216 0.238535 0.649764 0.240677 0.648636 0.241970 0.647391 0.243718 0.645283 0.244896 0.642874 0.246012 0.640288 0.246495 0.636339 0.246512 0.632145 0.245823 0.627714 0.244667 0.623435 0.243087 0.621250 0.241406 0.619480 0.238910 0.617919 0.236581 0.618055 0.234545 0.619149 0.233065 0.620697
1 0.751847 0.577858 0.748984 0.578756 0.746414 0.580612 0.744819 0.583386 0.743650 0.586866 0.742900 0.590810 0.742715 0.595696 0.742796 0.600079 0.743407 0.603456 0.744291 0.606817 0.745984 0.609399 0.748773 0.611918 0.751689 0.613942 0.754552 0.613044 0.756986 0.611196 0.758850 0.608162 0.760161 0.604917 0.761596 0.600934 0.762191 0.596024 0.762101 0.591154 0.761217 0.587793 0.760332 0.584432 0.758917 0.582077 0.757092 0.579746 0.755705 0.578852 0.753628 0.577754
1 0.290970 0.610097 0.288107 0.610995 0.285536 0.612851 0.283942 0.615625 0.282772 0.619106 0.282022 0.623050 0.281838 0.627935 0.281919 0.632318 0.282529 0.635695 0.283414 0.639056 0.285107 0.641639 0.287895 0.644157 0.290812 0.646181 0.293675 0.645283 0.296109 0.643435 0.297972 0.640402 0.299284 0.637157 0.300718 0.633173 0.301313 0.628263 0.301224 0.623394 0.300339 0.620033 0.299454 0.616672 0.298040 0.614317 0.296215 0.611985 0.294827 0.611091 0.292750 0.609993
1 0.494780 0.596514 0.491918 0.597412 0.489347 0.599268 0.487753 0.602042 0.486583 0.605523 0.485833 0.609466 0.485649 0.614352 0.485729 0.618735 0.486340 0.622112 0.487225 0.625473 0.488918 0.628055 0.491706 0.630574 0.494623 0.632598 0.497485 0.631700 0.499919 0.629852 0.501783 0.626819 0.503094 0.623573 0.504529 0.619590 0.505124 0.614680 0.505034 0.609810 0.504150 0.606449 0.503265 0.603088 0.501851 0.600733 0.500025 0.598402 0.498638 0.597508 0.496561 0.596410
1 0.805036 0.572861 0.802173 0.573759 0.799602 0.575615 0.798008 0.578389 0.796838 0.581870 0.796088 0.585814 0.795904 0.590699 0.795985 0.595082 0.796595 0.598459 0.797480 0.601820 0.799173 0.604403 0.801961 0.606921 0.804878 0.608945 0.807741 0.608047 0.810175 0.606199 0.812038 0.603166 0.813350 0.599921 0.814784 0.595937 0.815380 0.591027 0.815290 0.586158 0.814405 0.582797 0.813521 0.579436 0.812106 0.577081 0.810281 0.574749 0.808893 0.573855 0.806816 0.572757
1 0.548958 0.593479 0.546095 0.594377 0.543524 0.596233 0.541930 0.599007 0.540760 0.602487 0.540010 0.606431 0.539826 0.611317 0.539907 0.615700 0.540518 0.619077 0.541402 0.622438 0.543095 0.625020 0.545884 0.627539 0.548800 0.629563 0.551663 0.628665 0.554097 0.626817 0.555961 0.623783 0.557272 0.620538 0.558707 0.616555 0.559302 0.611645 0.559212 0.606775 0.558327 0.603414 0.557443 0.600053 0.556028 0.597698 0.554203 0.595367 0.552815 0.594473 0.550738 0.593375
0 0.819430 0.268429 0.846493 0.267252 0.848665 0.415220 0.886232 0.412470 0.888491 0.535025 0.846749 0.537456 0.845524 0.468547 0.821991 0.469834
0 0.946625 0.263758 0.973328 0.262135 0.976606 0.458739 0.955297 0.461440 0.956350 0.529437 0.916387 0.533830 0.913502 0.411607 0.950291 0.409016
0 0.561959 0.285319 0.591288 0.284010 0.594923 0.431894 0.632052 0.429975 0.634310 0.552531 0.592568 0.554962 0.590028 0.488549 0.566042 0.489863
0 0.304947 0.307310 0.330521 0.304637 0.334364 0.452170 0.373291 0.449340 0.375550 0.571896 0.333808 0.574327 0.331891 0.504653 0.308528 0.506577
0 0.179018 0.315166 0.207125 0.310729 0.215457 0.514208 0.194546 0.515838 0.195799 0.583824 0.151719 0.587440 0.148833 0.465217 0.185768 0.463182
0 0.437725 0.294616 0.465602 0.291198 0.472197 0.495305 0.447589 0.498199 0.448842 0.566184 0.407100 0.568616 0.404214 0.446393 0.442802 0.442890
0 0.696045 0.276152 0.726471 0.273635 0.730647 0.478448 0.707369 0.479650 0.708577 0.545218 0.665037 0.548561 0.662151 0.426338 0.698940 0.423746
0 0.054939 0.329715 0.081524 0.328330 0.083592 0.472615 0.121069 0.469870 0.123328 0.592426 0.081586 0.594857 0.079669 0.525183 0.058981 0.526951
