1 0.211616 0.406506 0.210121 0.401717 0.209745 0.396705 0.210027 0.392696 0.210497 0.388686 0.211718 0.386347 0.213222 0.383674 0.214819 0.381503 0.216511 0.380500 0.218578 0.379832 0.220740 0.380834 0.222055 0.382004 0.223841 0.384008 0.225062 0.386347 0.226225 0.388867 0.226781 0.392786 0.226875 0.396977 0.226268 0.401445 0.225192 0.405789 0.223653 0.408065 0.222005 0.409932 0.219539 0.411637 0.217209 0.411637 0.215154 0.410663 0.213646 0.409201
1 0.739341 0.422540 0.736463 0.421809 0.733860 0.420104 0.732215 0.417424 0.730982 0.414013 0.730160 0.410115 0.729886 0.405243 0.729886 0.400858 0.730434 0.397447 0.731256 0.394037 0.732900 0.391357 0.735641 0.388677 0.738519 0.386484 0.741397 0.387215 0.743863 0.388921 0.745782 0.391844 0.747152 0.395011 0.748659 0.398909 0.749345 0.403781 0.749345 0.408654 0.748522 0.412064 0.747700 0.415475 0.746330 0.417911 0.744548 0.420347 0.743178 0.421322 0.741122 0.422540
1 0.272613 0.414804 0.269735 0.414074 0.267132 0.412368 0.265487 0.409688 0.264254 0.406278 0.263432 0.402380 0.263158 0.397508 0.263158 0.393122 0.263706 0.389712 0.264528 0.386301 0.266172 0.383621 0.268913 0.380941 0.271791 0.378749 0.274669 0.379480 0.277135 0.381185 0.279054 0.384108 0.280424 0.387276 0.281932 0.391173 0.282617 0.396046 0.282617 0.400918 0.281794 0.404329 0.280972 0.407740 0.279602 0.410176 0.277820 0.412612 0.276450 0.413586 0.274395 0.414804
1 0.479573 0.415889 0.476695 0.415158 0.474091 0.413452 0.472447 0.410773 0.471214 0.407362 0.470391 0.403464 0.470117 0.398592 0.470117 0.394207 0.470665 0.390796 0.471488 0.387385 0.473132 0.384705 0.475873 0.382026 0.478751 0.379833 0.481628 0.380564 0.484095 0.382269 0.486013 0.385193 0.487384 0.388360 0.488891 0.392258 0.489576 0.397130 0.489576 0.402002 0.488754 0.405413 0.487932 0.408824 0.486562 0.411260 0.484780 0.413696 0.483410 0.414671 0.481354 0.415889
1 0.792650 0.425041 0.789772 0.424310 0.787168 0.422605 0.785524 0.419925 0.784290 0.416515 0.783468 0.412617 0.783194 0.407744 0.783194 0.403359 0.783742 0.399948 0.784565 0.396538 0.786209 0.393858 0.788950 0.391178 0.791827 0.388986 0.794705 0.389716 0.797172 0.391422 0.799090 0.394345 0.800461 0.397512 0.801968 0.401410 0.802653 0.406283 0.802653 0.411155 0.801831 0.414566 0.801009 0.417976 0.799638 0.420412 0.797857 0.422849 0.796487 0.423823 0.794431 0.425041
1 0.534523 0.418381 0.531646 0.417650 0.529042 0.415944 0.527397 0.413265 0.526164 0.409854 0.525342 0.405956 0.525068 0.401084 0.525068 0.396699 0.525616 0.393288 0.526438 0.389877 0.528083 0.387197 0.530823 0.384518 0.533701 0.382325 0.536579 0.383056 0.539045 0.384761 0.540964 0.387685 0.542334 0.390852 0.543842 0.394750 0.544527 0.399622 0.544527 0.404494 0.543705 0.407905 0.542882 0.411316 0.541512 0.413752 0.539731 0.416188 0.538360 0.417163 0.536305 0.418381
0 0.810960 0.732702 0.838937 0.733110 0.839846 0.586706 0.875176 0.585656 0.875176 0.463035 0.833412 0.463035 0.833457 0.531979 0.809913 0.532062
0 0.942315 0.732304 0.967220 0.731565 0.966714 0.536489 0.944006 0.535029 0.945167 0.467007 0.905145 0.464943 0.904512 0.587268 0.941329 0.587717
0 0.553909 0.728801 0.583247 0.728402 0.584156 0.580386 0.621300 0.580142 0.621300 0.457520 0.579536 0.457520 0.578221 0.524045 0.554223 0.524128
0 0.293190 0.719487 0.317927 0.720050 0.317927 0.575722 0.357793 0.576284 0.357793 0.453663 0.316028 0.453663 0.315396 0.523411 0.292917 0.522848
0 0.167109 0.717657 0.193922 0.718843 0.196687 0.518213 0.175758 0.517801 0.175758 0.449779 0.131635 0.448731 0.131002 0.571056 0.167954 0.570940
0 0.425543 0.725461 0.453468 0.727254 0.457662 0.524485 0.433013 0.523026 0.433013 0.455003 0.391248 0.455003 0.390616 0.577329 0.427433 0.577777
0 0.689036 0.728917 0.719492 0.729662 0.719893 0.524716 0.696605 0.524869 0.696605 0.459266 0.653026 0.458460 0.652394 0.580785 0.689211 0.581233
0 0.040815 0.713198 0.064372 0.712712 0.065552 0.566287 0.103059 0.566849 0.103059 0.444228 0.061295 0.444228 0.060662 0.513976 0.039952 0.513413
