1 0.225546 0.641877 0.224309 0.646894 0.224199 0.651946 0.224691 0.655891 0.225370 0.659805 0.226709 0.661930 0.228347 0.664342 0.230052 0.666238 0.231788 0.666955 0.233882 0.667276 0.235981 0.665918 0.237229 0.664535 0.238901 0.662242 0.239995 0.659710 0.241020 0.657008 0.241367 0.653014 0.241240 0.648826 0.240400 0.644478 0.239100 0.640332 0.237448 0.638322 0.235709 0.636738 0.233164 0.635450 0.230844 0.635838 0.228849 0.637150 0.227425 0.638856
1 0.749890 0.533935 0.747063 0.535142 0.744561 0.537273 0.743065 0.540214 0.742016 0.543815 0.741403 0.547833 0.741387 0.552730 0.741617 0.557095 0.742343 0.560400 0.743341 0.563659 0.745119 0.566053 0.747989 0.568265 0.750969 0.569969 0.753796 0.568763 0.756162 0.566655 0.757918 0.563425 0.759116 0.560044 0.760411 0.555912 0.760837 0.550947 0.760581 0.546096 0.759582 0.542837 0.758584 0.539578 0.757092 0.537381 0.755190 0.535252 0.753774 0.534510 0.751664 0.533639
1 0.285196 0.622521 0.282370 0.623727 0.279867 0.625858 0.278371 0.628800 0.277323 0.632401 0.276709 0.636419 0.276693 0.641315 0.276924 0.645681 0.277649 0.648986 0.278647 0.652244 0.280425 0.654639 0.283295 0.656851 0.286276 0.658555 0.289102 0.657349 0.291468 0.655240 0.293225 0.652011 0.294422 0.648629 0.295718 0.644498 0.296143 0.639533 0.295887 0.634682 0.294889 0.631423 0.293891 0.628164 0.292398 0.625967 0.290496 0.623837 0.289081 0.623095 0.286970 0.622225
1 0.490970 0.582833 0.488143 0.584039 0.485641 0.586170 0.484144 0.589112 0.483096 0.592713 0.482483 0.596730 0.482466 0.601627 0.482697 0.605993 0.483422 0.609297 0.484421 0.612556 0.486199 0.614950 0.489069 0.617163 0.492049 0.618867 0.494876 0.617660 0.497242 0.615552 0.498998 0.612322 0.500196 0.608941 0.501491 0.604809 0.501917 0.599844 0.501660 0.594993 0.500662 0.591735 0.499664 0.588476 0.498171 0.586278 0.496270 0.584149 0.494854 0.583407 0.492743 0.582536
1 0.804062 0.523423 0.801236 0.524630 0.798733 0.526761 0.797237 0.529702 0.796189 0.533303 0.795575 0.537321 0.795559 0.542217 0.795790 0.546583 0.796515 0.549888 0.797513 0.553147 0.799291 0.555541 0.802161 0.557753 0.805142 0.559457 0.807968 0.558251 0.810334 0.556143 0.812091 0.552913 0.813288 0.549532 0.814584 0.545400 0.815009 0.540435 0.814753 0.535584 0.813755 0.532325 0.812757 0.529066 0.811264 0.526869 0.809362 0.524740 0.807947 0.523997 0.805836 0.523127
1 0.546832 0.573100 0.544006 0.574306 0.541503 0.576437 0.540007 0.579379 0.538959 0.582980 0.538345 0.586998 0.538329 0.591894 0.538560 0.596260 0.539285 0.599565 0.540283 0.602823 0.542062 0.605218 0.544931 0.607430 0.547912 0.609134 0.550739 0.607928 0.553105 0.605819 0.554861 0.602590 0.556058 0.599208 0.557354 0.595077 0.557780 0.590112 0.557523 0.585261 0.556525 0.582002 0.555527 0.578743 0.554034 0.576546 0.552132 0.574416 0.550717 0.573674 0.548606 0.572803
0 0.806503 0.215051 0.834336 0.209990 0.842948 0.355600 0.878179 0.350767 0.884634 0.472850 0.843053 0.479799 0.839468 0.411150 0.816023 0.414985
0 0.928145 0.195123 0.952978 0.191715 0.962744 0.386019 0.940213 0.391250 0.944950 0.458781 0.905212 0.467495 0.898142 0.345812 0.934774 0.339240
0 0.548617 0.261013 0.577847 0.256529 0.586544 0.403744 0.623539 0.397807 0.629994 0.519890 0.588413 0.526839 0.583601 0.460825 0.559704 0.464735
0 0.287661 0.311871 0.315195 0.306705 0.323656 0.455520 0.362731 0.448425 0.369186 0.570508 0.327605 0.577457 0.323303 0.508121 0.299834 0.513661
0 0.161754 0.336857 0.190734 0.330822 0.205389 0.533047 0.184573 0.536938 0.188154 0.604662 0.144280 0.613047 0.137210 0.491364 0.174007 0.485331
0 0.422330 0.288631 0.450038 0.282199 0.464888 0.483380 0.440424 0.488935 0.444005 0.556658 0.402424 0.563607 0.395354 0.441924 0.431986 0.435352
0 0.683090 0.237371 0.713373 0.231562 0.724561 0.435542 0.701368 0.439264 0.704821 0.504579 0.661476 0.512633 0.654406 0.390950 0.691038 0.384377
0 0.039294 0.363906 0.060957 0.359721 0.071124 0.507198 0.108437 0.500398 0.114893 0.622481 0.073312 0.629430 0.069010 0.560093 0.048421 0.564099
