1 0.206865 0.497104 0.204897 0.501319 0.204006 0.506121 0.203867 0.510154 0.203911 0.514249 0.204869 0.516949 0.206068 0.520070 0.207413 0.522729 0.208971 0.524270 0.210933 0.525606 0.213161 0.525331 0.214576 0.524615 0.216539 0.523231 0.217983 0.521334 0.219388 0.519240 0.220342 0.515571 0.220870 0.511484 0.220738 0.506893 0.220131 0.502270 0.218856 0.499527 0.217431 0.497151 0.215184 0.494665 0.212895 0.493899 0.210773 0.494181 0.209140 0.495122
1 0.727161 0.654785 0.724257 0.654558 0.721520 0.655378 0.719626 0.657471 0.718059 0.660418 0.716846 0.663978 0.716069 0.668677 0.715613 0.672986 0.715798 0.676518 0.716251 0.680140 0.717588 0.683314 0.720003 0.686849 0.722603 0.689949 0.725507 0.690177 0.728109 0.689311 0.730298 0.687069 0.731974 0.684407 0.733861 0.681072 0.735041 0.676508 0.735548 0.671720 0.735094 0.668098 0.734641 0.664476 0.733548 0.661631 0.732050 0.658652 0.730805 0.657243 0.728911 0.655371
1 0.267673 0.508995 0.264769 0.508768 0.262033 0.509588 0.260138 0.511681 0.258571 0.514628 0.257358 0.518188 0.256582 0.522887 0.256126 0.527196 0.256310 0.530728 0.256763 0.534350 0.258101 0.537524 0.260516 0.541059 0.263116 0.544159 0.266020 0.544387 0.268621 0.543521 0.270811 0.541279 0.272487 0.538617 0.274374 0.535282 0.275554 0.530718 0.276060 0.525930 0.275607 0.522308 0.275154 0.518686 0.274060 0.515841 0.272563 0.512862 0.271317 0.511453 0.269424 0.509581
1 0.471178 0.575948 0.468274 0.575721 0.465538 0.576541 0.463643 0.578634 0.462076 0.581580 0.460863 0.585141 0.460087 0.589839 0.459631 0.594149 0.459815 0.597681 0.460268 0.601303 0.461606 0.604477 0.464021 0.608011 0.466621 0.611112 0.469525 0.611339 0.472126 0.610474 0.474316 0.608232 0.475992 0.605570 0.477879 0.602234 0.479059 0.597671 0.479565 0.592883 0.479112 0.589261 0.478659 0.585638 0.477565 0.582794 0.476068 0.579814 0.474822 0.578406 0.472929 0.576534
1 0.779811 0.669847 0.776906 0.669620 0.774170 0.670440 0.772275 0.672533 0.770709 0.675480 0.769495 0.679040 0.768719 0.683739 0.768263 0.688048 0.768447 0.691580 0.768901 0.695202 0.770238 0.698376 0.772653 0.701911 0.775253 0.705011 0.778157 0.705239 0.780759 0.704374 0.782948 0.702131 0.784624 0.699469 0.786511 0.696134 0.787691 0.691570 0.788198 0.686782 0.787744 0.683160 0.787291 0.679538 0.786198 0.676693 0.784700 0.673714 0.783455 0.672306 0.781561 0.670433
1 0.525441 0.591559 0.522537 0.591331 0.519800 0.592151 0.517906 0.594245 0.516339 0.597191 0.515126 0.600752 0.514350 0.605450 0.513894 0.609760 0.514078 0.613292 0.514531 0.616914 0.515868 0.620088 0.518283 0.623622 0.520883 0.626723 0.523788 0.626950 0.526389 0.626085 0.528578 0.623842 0.530254 0.621180 0.532141 0.617845 0.533321 0.613282 0.533828 0.608493 0.533375 0.604871 0.532921 0.601249 0.531828 0.598405 0.530330 0.595425 0.529085 0.594017 0.527192 0.592144
0 0.829799 0.373508 0.857336 0.382302 0.843005 0.526480 0.877617 0.539124 0.864865 0.659632 0.823821 0.645906 0.831035 0.578165 0.807905 0.570345
0 0.958848 0.417069 0.983246 0.425980 0.962464 0.617528 0.939996 0.611499 0.934063 0.678731 0.894516 0.667606 0.906614 0.547181 0.942843 0.558840
0 0.574619 0.292141 0.603410 0.302175 0.588911 0.447938 0.625390 0.460385 0.612639 0.580893 0.571594 0.567167 0.577220 0.501356 0.553644 0.493388
0 0.319579 0.216327 0.343948 0.223904 0.328939 0.365744 0.368177 0.378294 0.355425 0.498802 0.314381 0.485076 0.321012 0.416322 0.298862 0.409487
0 0.195481 0.176689 0.221955 0.184335 0.203809 0.382416 0.183198 0.375942 0.176124 0.442791 0.132653 0.429320 0.144751 0.308896 0.181055 0.321154
0 0.450272 0.253955 0.477902 0.261370 0.460938 0.462022 0.436562 0.455356 0.429488 0.522205 0.388444 0.508479 0.400542 0.388055 0.436771 0.399714
0 0.707429 0.336436 0.737437 0.345714 0.716520 0.547259 0.693649 0.539455 0.686827 0.603927 0.643916 0.590397 0.656014 0.469972 0.692244 0.481632
0 0.070900 0.139564 0.094001 0.147784 0.079933 0.292072 0.116853 0.303846 0.104101 0.424354 0.063057 0.410628 0.069688 0.341874 0.049277 0.335621
