1 0.202015 0.539184 0.200246 0.543669 0.199578 0.548583 0.199622 0.552623 0.199854 0.556698 0.200932 0.559251 0.202270 0.562188 0.203731 0.564645 0.205354 0.565956 0.207371 0.567004 0.209580 0.566409 0.210957 0.565490 0.212850 0.563828 0.214203 0.561729 0.215507 0.559439 0.216290 0.555644 0.216630 0.551494 0.216289 0.546937 0.215473 0.542417 0.214077 0.539868 0.212548 0.537705 0.210195 0.535551 0.207878 0.535119 0.205777 0.535706 0.204192 0.536880
1 0.728943 0.617225 0.726038 0.617418 0.723349 0.618631 0.721556 0.620990 0.720129 0.624153 0.719082 0.627877 0.718523 0.632672 0.718266 0.637033 0.718611 0.640527 0.719228 0.644072 0.720706 0.647042 0.723274 0.650216 0.726007 0.652931 0.728912 0.652739 0.731466 0.651501 0.733545 0.648950 0.735094 0.646054 0.736823 0.642458 0.737790 0.637739 0.738076 0.632893 0.737459 0.629349 0.736842 0.625804 0.735622 0.623127 0.733993 0.620373 0.732688 0.619149 0.730715 0.617556
1 0.263118 0.543059 0.260213 0.543251 0.257523 0.544464 0.255730 0.546823 0.254303 0.549986 0.253257 0.553710 0.252698 0.558505 0.252440 0.562866 0.252785 0.566360 0.253402 0.569905 0.254880 0.572875 0.257449 0.576049 0.260182 0.578764 0.263087 0.578572 0.265640 0.577334 0.267720 0.574783 0.269269 0.571887 0.270997 0.568291 0.271965 0.563572 0.272251 0.558726 0.271634 0.555182 0.271016 0.551637 0.269797 0.548960 0.268168 0.546206 0.266862 0.544982 0.264890 0.543389
1 0.468156 0.577088 0.465251 0.577281 0.462562 0.578493 0.460769 0.580853 0.459342 0.584016 0.458295 0.587740 0.457736 0.592535 0.457479 0.596896 0.457824 0.600390 0.458441 0.603934 0.459919 0.606905 0.462487 0.610079 0.465220 0.612794 0.468125 0.612601 0.470679 0.611363 0.472758 0.608812 0.474307 0.605917 0.476036 0.602320 0.477003 0.597602 0.477289 0.592756 0.476672 0.589211 0.476055 0.585667 0.474835 0.582989 0.473206 0.580236 0.471901 0.579012 0.469928 0.577419
1 0.782001 0.625671 0.779096 0.625863 0.776406 0.627076 0.774613 0.629436 0.773186 0.632599 0.772140 0.636323 0.771581 0.641117 0.771323 0.645479 0.771668 0.648972 0.772285 0.652517 0.773763 0.655487 0.776331 0.658662 0.779065 0.661376 0.781970 0.661184 0.784523 0.659946 0.786603 0.657395 0.788152 0.654500 0.789880 0.650903 0.790848 0.646184 0.791134 0.641339 0.790516 0.637794 0.789899 0.634249 0.788679 0.631572 0.787051 0.628818 0.785745 0.627595 0.783772 0.626002
1 0.523587 0.584121 0.520682 0.584313 0.517992 0.585526 0.516199 0.587886 0.514772 0.591049 0.513726 0.594772 0.513167 0.599567 0.512909 0.603928 0.513254 0.607422 0.513871 0.610967 0.515349 0.613937 0.517917 0.617111 0.520651 0.619826 0.523556 0.619634 0.526109 0.618396 0.528189 0.615845 0.529738 0.612949 0.531466 0.609353 0.532433 0.604634 0.532720 0.599788 0.532102 0.596244 0.531485 0.592699 0.530265 0.590022 0.528637 0.587268 0.527331 0.586045 0.525358 0.584451
0 0.817969 0.325385 0.844962 0.329204 0.835816 0.476326 0.875497 0.483169 0.868293 0.605120 0.826757 0.597365 0.830853 0.528807 0.807442 0.524352
0 0.948986 0.351057 0.974256 0.354897 0.963100 0.550585 0.940431 0.547820 0.937589 0.615685 0.897664 0.610307 0.904221 0.488533 0.940864 0.494923
0 0.561290 0.283573 0.588283 0.287393 0.579137 0.434515 0.618818 0.441358 0.611614 0.563309 0.570078 0.555554 0.574174 0.486995 0.550764 0.482541
0 0.300991 0.242150 0.325626 0.246183 0.317146 0.389722 0.356827 0.396565 0.349623 0.518516 0.308087 0.510761 0.311556 0.441277 0.289167 0.437663
0 0.174080 0.218998 0.200321 0.221527 0.194621 0.424914 0.171374 0.422042 0.167378 0.489692 0.125842 0.481937 0.132399 0.360163 0.169041 0.366553
0 0.433646 0.261721 0.459766 0.263985 0.452831 0.468195 0.428231 0.465070 0.424235 0.532720 0.382699 0.524965 0.389257 0.403191 0.426350 0.409666
0 0.696038 0.304885 0.722857 0.307522 0.713114 0.510154 0.689868 0.507281 0.685871 0.574931 0.644335 0.567176 0.650893 0.445403 0.687535 0.451793
0 0.050615 0.204890 0.073490 0.208595 0.065011 0.352134 0.104692 0.358977 0.097488 0.480928 0.055952 0.473173 0.059420 0.403689 0.038791 0.400403
