1 0.211616 0.593494 0.210121 0.598283 0.209745 0.603295 0.210027 0.607304 0.210497 0.611314 0.211718 0.613653 0.213222 0.616326 0.214819 0.618497 0.216511 0.619500 0.218578 0.620168 0.220740 0.619166 0.222055 0.617996 0.223841 0.615992 0.225062 0.613653 0.226225 0.611133 0.226781 0.607214 0.226875 0.603023 0.226268 0.598555 0.225192 0.594211 0.223653 0.591935 0.222005 0.590068 0.219539 0.588363 0.217209 0.588363 0.215154 0.589337 0.213646 0.590799
1 0.738751 0.575363 0.735874 0.576094 0.733270 0.577800 0.731626 0.580479 0.730392 0.583890 0.729570 0.587788 0.729296 0.592660 0.729296 0.597045 0.729844 0.600456 0.730666 0.603867 0.732311 0.606547 0.735051 0.609226 0.737929 0.611419 0.740807 0.610688 0.743274 0.608983 0.745192 0.606059 0.746562 0.602892 0.748070 0.598994 0.748755 0.594122 0.748755 0.589250 0.747933 0.585839 0.747111 0.582428 0.745740 0.579992 0.743959 0.577556 0.742588 0.576581 0.740533 0.575363
1 0.272613 0.585196 0.269735 0.585926 0.267132 0.587632 0.265487 0.590312 0.264254 0.593722 0.263432 0.597620 0.263158 0.602492 0.263158 0.606878 0.263706 0.610288 0.264528 0.613699 0.266172 0.616379 0.268913 0.619059 0.271791 0.621251 0.274669 0.620520 0.277135 0.618815 0.279054 0.615892 0.280424 0.612724 0.281932 0.608827 0.282617 0.603954 0.282617 0.599082 0.281794 0.595671 0.280972 0.592260 0.279602 0.589824 0.277820 0.587388 0.276450 0.586414 0.274395 0.585196
1 0.478393 0.580966 0.475516 0.581697 0.472912 0.583403 0.471268 0.586082 0.470034 0.589493 0.469212 0.593391 0.468938 0.598263 0.468938 0.602649 0.469486 0.606059 0.470308 0.609470 0.471953 0.612150 0.474693 0.614830 0.477571 0.617022 0.480449 0.616291 0.482916 0.614586 0.484834 0.611662 0.486204 0.608495 0.487712 0.604598 0.488397 0.599725 0.488397 0.594853 0.487575 0.591442 0.486753 0.588031 0.485382 0.585595 0.483601 0.583159 0.482230 0.582185 0.480175 0.580966
1 0.793239 0.573911 0.790362 0.574641 0.787758 0.576347 0.786113 0.579027 0.784880 0.582437 0.784058 0.586335 0.783784 0.591207 0.783784 0.595593 0.784332 0.599003 0.785154 0.602414 0.786799 0.605094 0.789539 0.607774 0.792417 0.609966 0.795295 0.609235 0.797761 0.607530 0.799680 0.604607 0.801050 0.601439 0.802558 0.597542 0.803243 0.592669 0.803243 0.587797 0.802421 0.584386 0.801598 0.580975 0.800228 0.578539 0.798447 0.576103 0.797076 0.575129 0.795021 0.573911
1 0.533344 0.579523 0.530466 0.580254 0.527863 0.581959 0.526218 0.584639 0.524985 0.588049 0.524163 0.591947 0.523889 0.596820 0.523889 0.601205 0.524437 0.604616 0.525259 0.608026 0.526903 0.610706 0.529644 0.613386 0.532522 0.615578 0.535400 0.614848 0.537866 0.613142 0.539785 0.610219 0.541155 0.607052 0.542662 0.603154 0.543348 0.598281 0.543348 0.593409 0.542525 0.589998 0.541703 0.586588 0.540333 0.584152 0.538551 0.581715 0.537181 0.580741 0.535125 0.579523
0 0.810960 0.267298 0.838937 0.266890 0.839846 0.413294 0.875176 0.414344 0.875176 0.536965 0.833412 0.536965 0.833457 0.468021 0.809913 0.467938
0 0.942315 0.267696 0.967220 0.268435 0.966714 0.463511 0.944006 0.464971 0.945167 0.532993 0.905145 0.535057 0.904512 0.412732 0.941329 0.412283
0 0.553320 0.270151 0.582657 0.270550 0.583566 0.418566 0.620711 0.418810 0.620711 0.541431 0.578946 0.541431 0.577631 0.474906 0.553633 0.474823
0 0.291421 0.279464 0.317927 0.277854 0.317337 0.427423 0.357203 0.426861 0.357203 0.549482 0.315439 0.549482 0.314806 0.479734 0.292327 0.480297
0 0.164161 0.282343 0.191563 0.282206 0.197867 0.482836 0.174579 0.484295 0.174579 0.552317 0.132814 0.552317 0.132181 0.429992 0.166775 0.430108
0 0.427902 0.259863 0.453468 0.259118 0.457072 0.475515 0.432423 0.476974 0.432423 0.544997 0.390659 0.544997 0.390026 0.422671 0.426843 0.422223
0 0.686677 0.267938 0.717133 0.267193 0.717535 0.472139 0.694247 0.471986 0.694247 0.537589 0.650668 0.538395 0.650035 0.416070 0.686852 0.415622
0 0.040226 0.289947 0.063783 0.289385 0.064372 0.433713 0.103059 0.433151 0.103059 0.555772 0.061295 0.555772 0.060662 0.486024 0.039952 0.485538
