1 0.204834 0.594468 0.203338 0.599257 0.202962 0.604269 0.203244 0.608278 0.203714 0.612288 0.204936 0.614626 0.206439 0.617299 0.208037 0.619471 0.209728 0.620474 0.211796 0.621142 0.213957 0.620139 0.215273 0.618970 0.217058 0.616965 0.218280 0.614626 0.219443 0.612107 0.219999 0.608188 0.220093 0.603997 0.219486 0.599528 0.218409 0.595185 0.216870 0.592908 0.215223 0.591042 0.212756 0.589336 0.210427 0.589336 0.208371 0.590311 0.206864 0.591773
1 0.732011 0.575214 0.729133 0.575945 0.726529 0.577651 0.724885 0.580330 0.723652 0.583741 0.722829 0.587639 0.722555 0.592511 0.722555 0.596896 0.723103 0.600307 0.723926 0.603718 0.725570 0.606398 0.728311 0.609077 0.731189 0.611270 0.734066 0.610539 0.736533 0.608834 0.738451 0.605910 0.739822 0.602743 0.741329 0.598845 0.742014 0.593973 0.742014 0.589101 0.741192 0.585690 0.740370 0.582279 0.739000 0.579843 0.737218 0.577407 0.735848 0.576432 0.733792 0.575214
1 0.265283 0.585196 0.262405 0.585926 0.259801 0.587632 0.258157 0.590312 0.256924 0.593722 0.256101 0.597620 0.255827 0.602492 0.255827 0.606878 0.256376 0.610288 0.257198 0.613699 0.258842 0.616379 0.261583 0.619059 0.264461 0.621251 0.267338 0.620520 0.269805 0.618815 0.271724 0.615892 0.273094 0.612724 0.274601 0.608827 0.275286 0.603954 0.275286 0.599082 0.274464 0.595671 0.273642 0.592260 0.272272 0.589824 0.270490 0.587388 0.269120 0.586414 0.267064 0.585196
1 0.471105 0.581940 0.468227 0.582671 0.465624 0.584376 0.463979 0.587056 0.462746 0.590467 0.461924 0.594365 0.461650 0.599237 0.461650 0.603622 0.462198 0.607033 0.463020 0.610444 0.464664 0.613123 0.467405 0.615803 0.470283 0.617996 0.473161 0.617265 0.475627 0.615560 0.477546 0.612636 0.478916 0.609469 0.480423 0.605571 0.481109 0.600699 0.481109 0.595827 0.480286 0.592416 0.479464 0.589005 0.478094 0.586569 0.476312 0.584133 0.474942 0.583158 0.472887 0.581940
1 0.785993 0.572788 0.783115 0.573519 0.780511 0.575224 0.778867 0.577904 0.777634 0.581314 0.776812 0.585212 0.776537 0.590085 0.776537 0.594470 0.777086 0.597880 0.777908 0.601291 0.779552 0.603971 0.782293 0.606651 0.785171 0.608843 0.788048 0.608112 0.790515 0.606407 0.792434 0.603484 0.793804 0.600317 0.795311 0.596419 0.795997 0.591546 0.795997 0.586674 0.795174 0.583263 0.794352 0.579853 0.792982 0.577416 0.791200 0.574980 0.789830 0.574006 0.787774 0.572788
1 0.526645 0.579448 0.523768 0.580179 0.521164 0.581884 0.519519 0.584564 0.518286 0.587975 0.517464 0.591873 0.517190 0.596745 0.517190 0.601130 0.517738 0.604541 0.518560 0.607952 0.520205 0.610632 0.522945 0.613311 0.525823 0.615504 0.528701 0.614773 0.531167 0.613068 0.533086 0.610144 0.534456 0.606977 0.535964 0.603079 0.536649 0.598207 0.536649 0.593335 0.535827 0.589924 0.535004 0.586513 0.533634 0.584077 0.531853 0.581641 0.530482 0.580666 0.528427 0.579448
0 0.806031 0.268272 0.834008 0.267864 0.833350 0.413571 0.870246 0.412477 0.870246 0.537939 0.828482 0.537939 0.828528 0.468995 0.804983 0.468912
0 0.937933 0.268670 0.962838 0.269409 0.962332 0.464485 0.939624 0.465945 0.940785 0.533967 0.900763 0.536031 0.900130 0.413706 0.936947 0.413257
0 0.547127 0.271125 0.576465 0.271524 0.577373 0.419540 0.614518 0.419784 0.614518 0.542405 0.572753 0.542405 0.571438 0.475880 0.547440 0.475797
0 0.284020 0.279269 0.311709 0.278707 0.311441 0.426375 0.351307 0.425813 0.351307 0.548434 0.309542 0.548434 0.308909 0.478686 0.284820 0.480203
0 0.157924 0.284482 0.184056 0.281200 0.191970 0.482836 0.168682 0.484295 0.168682 0.552317 0.126918 0.552317 0.126285 0.429992 0.160879 0.430108
0 0.418468 0.276636 0.446392 0.274843 0.450586 0.477611 0.425937 0.479071 0.425937 0.547093 0.384172 0.547093 0.383540 0.424768 0.420357 0.424319
0 0.681748 0.267938 0.712203 0.267193 0.712605 0.472139 0.689317 0.471986 0.689317 0.537589 0.645738 0.538395 0.645105 0.416070 0.681922 0.415622
0 0.034919 0.290996 0.057886 0.290433 0.057886 0.434761 0.097752 0.434199 0.097752 0.556820 0.055988 0.556820 0.055355 0.487072 0.034645 0.487635
