1 0.221529 0.409313 0.220033 0.404524 0.219657 0.399512 0.219939 0.395503 0.220409 0.391493 0.221630 0.389154 0.223134 0.386481 0.224731 0.384309 0.226423 0.383307 0.228490 0.382639 0.230652 0.383641 0.231967 0.384811 0.233753 0.386815 0.234974 0.389154 0.236137 0.391674 0.236693 0.395593 0.236787 0.399784 0.236180 0.404252 0.235104 0.408596 0.233565 0.410872 0.231917 0.412739 0.229451 0.414444 0.227121 0.414444 0.225066 0.413470 0.223558 0.412008
1 0.749082 0.424006 0.746204 0.423275 0.743600 0.421570 0.741956 0.418890 0.740723 0.415479 0.739900 0.411581 0.739626 0.406709 0.739626 0.402324 0.740175 0.398913 0.740997 0.395502 0.742641 0.392823 0.745382 0.390143 0.748260 0.387950 0.751137 0.388681 0.753604 0.390386 0.755523 0.393310 0.756893 0.396477 0.758400 0.400375 0.759085 0.405247 0.759085 0.410120 0.758263 0.413530 0.757441 0.416941 0.756071 0.419377 0.754289 0.421813 0.752919 0.422788 0.750863 0.424006
1 0.282674 0.417105 0.279796 0.416374 0.277192 0.414669 0.275548 0.411989 0.274315 0.408578 0.273492 0.404681 0.273218 0.399808 0.273218 0.395423 0.273767 0.392012 0.274589 0.388602 0.276233 0.385922 0.278974 0.383242 0.281852 0.381050 0.284729 0.381780 0.287196 0.383486 0.289115 0.386409 0.290485 0.389576 0.291992 0.393474 0.292677 0.398346 0.292677 0.403219 0.291855 0.406630 0.291033 0.410040 0.289663 0.412476 0.287881 0.414913 0.286511 0.415887 0.284455 0.417105
1 0.489267 0.419703 0.486390 0.418972 0.483786 0.417267 0.482141 0.414587 0.480908 0.411177 0.480086 0.407279 0.479812 0.402406 0.479812 0.398021 0.480360 0.394611 0.481182 0.391200 0.482827 0.388520 0.485567 0.385840 0.488445 0.383648 0.491323 0.384379 0.493789 0.386084 0.495708 0.389007 0.497078 0.392174 0.498586 0.396072 0.499271 0.400945 0.499271 0.405817 0.498449 0.409228 0.497626 0.412638 0.496256 0.415075 0.494475 0.417511 0.493104 0.418485 0.491049 0.419703
1 0.803181 0.426258 0.800304 0.425527 0.797700 0.423822 0.796055 0.421142 0.794822 0.417731 0.794000 0.413833 0.793726 0.408961 0.793726 0.404576 0.794274 0.401165 0.795096 0.397755 0.796741 0.395075 0.799481 0.392395 0.802359 0.390202 0.805237 0.390933 0.807704 0.392639 0.809622 0.395562 0.810992 0.398729 0.812500 0.402627 0.813185 0.407499 0.813185 0.412372 0.812363 0.415782 0.811541 0.419193 0.810170 0.421629 0.808389 0.424065 0.807018 0.425040 0.804963 0.426258
1 0.544120 0.421090 0.541242 0.420359 0.538638 0.418653 0.536994 0.415974 0.535760 0.412563 0.534938 0.408665 0.534664 0.403793 0.534664 0.399407 0.535212 0.395997 0.536035 0.392586 0.537679 0.389906 0.540420 0.387227 0.543297 0.385034 0.546175 0.385765 0.548642 0.387470 0.550560 0.390394 0.551931 0.393561 0.553438 0.397459 0.554123 0.402331 0.554123 0.407203 0.553301 0.410614 0.552479 0.414025 0.551108 0.416461 0.549327 0.418897 0.547957 0.419871 0.545901 0.421090
0 0.822596 0.732925 0.849666 0.732526 0.849111 0.584510 0.886709 0.585073 0.886709 0.462451 0.844945 0.462451 0.844990 0.531396 0.821446 0.531479
0 0.952750 0.730333 0.979468 0.730401 0.979123 0.533712 0.957776 0.532252 0.957576 0.464230 0.917553 0.462166 0.916921 0.584491 0.953738 0.584940
0 0.562739 0.727829 0.592077 0.727430 0.592986 0.580221 0.630130 0.580783 0.630130 0.456549 0.588366 0.456549 0.587051 0.523074 0.563053 0.523157
0 0.301972 0.726140 0.328976 0.726702 0.328704 0.575923 0.367663 0.576486 0.367663 0.453864 0.325898 0.453864 0.325266 0.523612 0.301880 0.523050
0 0.175895 0.719785 0.203162 0.721778 0.207741 0.520342 0.184998 0.519930 0.184998 0.451908 0.143142 0.449247 0.140242 0.573185 0.178101 0.574682
0 0.436162 0.728437 0.464994 0.729423 0.467826 0.525042 0.443178 0.523582 0.443178 0.455560 0.401413 0.455560 0.400780 0.577885 0.437597 0.580753
0 0.698805 0.730365 0.726993 0.733528 0.729209 0.528583 0.706374 0.527123 0.706374 0.458294 0.662796 0.457488 0.662163 0.583845 0.701248 0.585906
0 0.050009 0.713399 0.074791 0.715655 0.074202 0.571327 0.111709 0.571889 0.111709 0.449268 0.071305 0.448461 0.069312 0.519016 0.048602 0.518453
