1 0.231856 0.700788 0.231063 0.706081 0.231386 0.711104 0.232210 0.714870 0.233216 0.718555 0.234722 0.720293 0.236547 0.722233 0.238394 0.723647 0.240172 0.723885 0.242268 0.723636 0.244227 0.721727 0.245342 0.720022 0.246799 0.717303 0.247662 0.714505 0.248444 0.711557 0.248446 0.707516 0.247962 0.703411 0.246760 0.699340 0.245120 0.695595 0.243315 0.694055 0.241461 0.692959 0.238835 0.692375 0.236576 0.693386 0.234716 0.695222 0.233455 0.697294
1 0.743293 0.458170 0.740603 0.460127 0.738312 0.462910 0.737085 0.466222 0.736357 0.470064 0.736095 0.474201 0.736497 0.479045 0.737099 0.483298 0.738099 0.486368 0.739364 0.489319 0.741327 0.491204 0.744353 0.492614 0.747444 0.493492 0.750135 0.491535 0.752293 0.488812 0.753752 0.485144 0.754646 0.481479 0.755573 0.477045 0.755569 0.472022 0.754900 0.467297 0.753635 0.464346 0.752369 0.461395 0.750706 0.459627 0.748644 0.458037 0.747182 0.457687 0.745021 0.457397
1 0.289710 0.668039 0.287020 0.669996 0.284729 0.672779 0.283502 0.676091 0.282774 0.679934 0.282511 0.684071 0.282914 0.688915 0.283516 0.693167 0.284516 0.696237 0.285781 0.699188 0.287744 0.701074 0.290769 0.702484 0.293861 0.703362 0.296551 0.701405 0.298709 0.698681 0.300169 0.695014 0.301063 0.691348 0.301990 0.686914 0.301986 0.681892 0.301317 0.677167 0.300052 0.674216 0.298786 0.671265 0.297123 0.669497 0.295061 0.667907 0.293598 0.667556 0.291438 0.667266
1 0.490537 0.576538 0.487847 0.578495 0.485556 0.581278 0.484329 0.584590 0.483601 0.588432 0.483338 0.592569 0.483741 0.597413 0.484343 0.601666 0.485343 0.604736 0.486608 0.607687 0.488571 0.609572 0.491596 0.610982 0.494688 0.611860 0.497378 0.609903 0.499537 0.607180 0.500996 0.603512 0.501890 0.599847 0.502817 0.595413 0.502813 0.590390 0.502144 0.585665 0.500879 0.582714 0.499613 0.579763 0.497950 0.577995 0.495888 0.576405 0.494425 0.576055 0.492265 0.575765
1 0.795947 0.433820 0.793256 0.435777 0.790965 0.438560 0.789738 0.441872 0.789011 0.445715 0.788748 0.449851 0.789151 0.454695 0.789753 0.458948 0.790752 0.462018 0.792018 0.464969 0.793980 0.466854 0.797006 0.468264 0.800098 0.469143 0.802788 0.467186 0.804946 0.464462 0.806406 0.460795 0.807300 0.457129 0.808227 0.452695 0.808223 0.447673 0.807554 0.442947 0.806288 0.439997 0.805023 0.437046 0.803360 0.435277 0.801298 0.433688 0.799835 0.433337 0.797674 0.433047
1 0.544056 0.549811 0.541366 0.551768 0.539075 0.554551 0.537848 0.557863 0.537120 0.561705 0.536858 0.565842 0.537260 0.570686 0.537862 0.574939 0.538862 0.578009 0.540127 0.580960 0.542090 0.582845 0.545116 0.584255 0.548207 0.585133 0.550898 0.583176 0.553056 0.580453 0.554515 0.576785 0.555409 0.573120 0.556336 0.568686 0.556332 0.563663 0.555663 0.558938 0.554398 0.555987 0.553132 0.553036 0.551469 0.551268 0.549407 0.549678 0.547945 0.549328 0.545784 0.549038
0 0.774218 0.129064 0.800524 0.117710 0.820300 0.261493 0.856684 0.244640 0.873513 0.363556 0.833011 0.381671 0.823593 0.314790 0.800749 0.324922
0 0.898914 0.075892 0.924815 0.064238 0.953078 0.254415 0.932577 0.265090 0.941718 0.331143 0.903189 0.350505 0.885787 0.232151 0.921430 0.215746
0 0.521137 0.242468 0.549643 0.230129 0.570837 0.373278 0.606893 0.357403 0.623721 0.476319 0.583219 0.494434 0.572814 0.430490 0.549530 0.440819
0 0.266218 0.359701 0.292329 0.347442 0.313901 0.493271 0.351606 0.475828 0.368434 0.594744 0.327932 0.612859 0.317746 0.545493 0.295144 0.556182
0 0.143006 0.418942 0.169944 0.404007 0.202362 0.599716 0.182121 0.609193 0.191457 0.675159 0.148811 0.695314 0.131410 0.576960 0.167261 0.561045
0 0.397584 0.298436 0.424419 0.284585 0.455216 0.481561 0.431512 0.493668 0.440847 0.559635 0.400345 0.577750 0.382943 0.459396 0.420235 0.441422
0 0.652587 0.182474 0.682021 0.168541 0.710537 0.367120 0.687931 0.377072 0.696935 0.440693 0.654784 0.460377 0.637382 0.342023 0.673025 0.325619
0 0.019955 0.481569 0.046054 0.467902 0.067293 0.609391 0.103590 0.592576 0.120418 0.711492 0.079916 0.729607 0.069730 0.662242 0.049723 0.671770
