1 0.208588 0.556495 0.206903 0.561081 0.206326 0.566032 0.206445 0.570067 0.206752 0.574126 0.207877 0.576614 0.209268 0.579472 0.210774 0.581842 0.212421 0.583057 0.214456 0.583987 0.216652 0.583263 0.218012 0.582264 0.219873 0.580492 0.221186 0.578315 0.222448 0.575950 0.223160 0.572112 0.223423 0.567944 0.222998 0.563410 0.222099 0.558940 0.220656 0.556474 0.219088 0.554402 0.216697 0.552386 0.214373 0.552089 0.212284 0.552799 0.210721 0.554065
1 0.735097 0.605602 0.732198 0.605964 0.729532 0.607333 0.727784 0.609796 0.726416 0.613041 0.725439 0.616824 0.724969 0.621649 0.724792 0.626023 0.725201 0.629495 0.725884 0.633001 0.727416 0.635884 0.730041 0.638906 0.732823 0.641460 0.735723 0.641098 0.738252 0.639711 0.740284 0.637040 0.741778 0.634056 0.743439 0.630360 0.744319 0.625587 0.744515 0.620727 0.743833 0.617221 0.743150 0.613714 0.741882 0.611109 0.740203 0.608452 0.738875 0.607306 0.736874 0.605829
1 0.269762 0.555992 0.266862 0.556355 0.264197 0.557724 0.262448 0.560187 0.261081 0.563432 0.260103 0.567215 0.259634 0.572040 0.259457 0.576413 0.259866 0.579885 0.260548 0.583392 0.262081 0.586274 0.264706 0.589297 0.267488 0.591850 0.270388 0.591488 0.272917 0.590102 0.274948 0.587430 0.276443 0.584446 0.278104 0.580750 0.278984 0.575978 0.279180 0.571118 0.278498 0.567611 0.277815 0.564105 0.276546 0.561500 0.274868 0.558843 0.273540 0.557696 0.271539 0.556220
1 0.475184 0.578004 0.472284 0.578366 0.469618 0.579735 0.467870 0.582199 0.466502 0.585443 0.465525 0.589226 0.465055 0.594051 0.464878 0.598425 0.465287 0.601897 0.465970 0.605404 0.467502 0.608286 0.470127 0.611308 0.472909 0.613862 0.475809 0.613500 0.478338 0.612113 0.480370 0.609442 0.481864 0.606458 0.483525 0.602762 0.484405 0.597990 0.484601 0.593130 0.483919 0.589623 0.483236 0.586116 0.481968 0.583512 0.480289 0.580855 0.478962 0.579708 0.476960 0.578231
1 0.789504 0.611098 0.786604 0.611460 0.783938 0.612829 0.782190 0.615293 0.780822 0.618537 0.779845 0.622320 0.779375 0.627145 0.779198 0.631519 0.779607 0.634991 0.780290 0.638498 0.781822 0.641380 0.784448 0.644402 0.787230 0.646956 0.790129 0.646594 0.792658 0.645207 0.794690 0.642536 0.796184 0.639552 0.797845 0.635856 0.798725 0.631084 0.798922 0.626224 0.798239 0.622717 0.797556 0.619210 0.796288 0.616606 0.794609 0.613949 0.793282 0.612802 0.791281 0.611325
1 0.530051 0.583568 0.527151 0.583930 0.524485 0.585300 0.522737 0.587763 0.521369 0.591008 0.520392 0.594791 0.519922 0.599616 0.519745 0.603989 0.520155 0.607461 0.520837 0.610968 0.522369 0.613850 0.524995 0.616873 0.527777 0.619426 0.530677 0.619064 0.533206 0.617678 0.535237 0.615006 0.536732 0.612022 0.538392 0.608326 0.539272 0.603554 0.539469 0.598694 0.538786 0.595187 0.538104 0.591681 0.536835 0.589076 0.535156 0.586419 0.533829 0.585272 0.531828 0.583795
0 0.819545 0.307534 0.847467 0.310693 0.842468 0.456835 0.877665 0.462386 0.872720 0.584692 0.831063 0.579369 0.833889 0.510608 0.810409 0.507524
0 0.950546 0.324674 0.975356 0.328585 0.966984 0.523095 0.944276 0.521656 0.942691 0.589651 0.902688 0.586609 0.906990 0.464518 0.943731 0.468763
0 0.562452 0.277539 0.591699 0.281676 0.586635 0.429427 0.623674 0.434405 0.618729 0.556711 0.577072 0.551387 0.578443 0.484866 0.554511 0.481724
0 0.300852 0.253446 0.327355 0.255217 0.320734 0.404327 0.360520 0.408848 0.355575 0.531153 0.313918 0.525830 0.316100 0.456181 0.293656 0.453877
0 0.173804 0.240096 0.201141 0.243451 0.199337 0.444368 0.176050 0.442856 0.173306 0.510703 0.131649 0.505379 0.135952 0.383288 0.170452 0.387814
0 0.437773 0.251291 0.463303 0.253807 0.458170 0.470106 0.433526 0.468420 0.430782 0.536267 0.389125 0.530944 0.393428 0.408853 0.430168 0.413098
0 0.695556 0.292330 0.725964 0.295469 0.718098 0.499939 0.694876 0.496818 0.692231 0.562252 0.648732 0.557502 0.653034 0.435411 0.689774 0.439656
0 0.049880 0.231883 0.073400 0.234325 0.068167 0.378356 0.106777 0.382727 0.101831 0.505032 0.060175 0.499709 0.062356 0.430060 0.041720 0.426936
