1 0.213884 0.406506 0.212389 0.401717 0.212013 0.396705 0.212295 0.392696 0.212765 0.388686 0.213986 0.386347 0.215490 0.383674 0.217087 0.381503 0.218779 0.380500 0.220846 0.379832 0.223008 0.380834 0.224323 0.382004 0.226109 0.384008 0.227330 0.386347 0.228493 0.388867 0.229049 0.392786 0.229143 0.396977 0.228536 0.401445 0.227459 0.405789 0.225921 0.408065 0.224273 0.409932 0.221807 0.411637 0.219477 0.411637 0.217422 0.410663 0.215914 0.409201
1 0.742063 0.425766 0.739185 0.425035 0.736581 0.423329 0.734937 0.420650 0.733703 0.417239 0.732881 0.413341 0.732607 0.408469 0.732607 0.404083 0.733155 0.400673 0.733977 0.397262 0.735622 0.394582 0.738363 0.391903 0.741240 0.389710 0.744118 0.390441 0.746585 0.392146 0.748503 0.395070 0.749874 0.398237 0.751381 0.402135 0.752066 0.407007 0.752066 0.411879 0.751244 0.415290 0.750422 0.418701 0.749051 0.421137 0.747270 0.423573 0.745900 0.424547 0.743844 0.425766
1 0.274881 0.414804 0.272003 0.414074 0.269400 0.412368 0.267755 0.409688 0.266522 0.406278 0.265700 0.402380 0.265426 0.397508 0.265426 0.393122 0.265974 0.389712 0.266796 0.386301 0.268440 0.383621 0.271181 0.380941 0.274059 0.378749 0.276937 0.379480 0.279403 0.381185 0.281322 0.384108 0.282692 0.387276 0.284199 0.391173 0.284885 0.396046 0.284885 0.400918 0.284062 0.404329 0.283240 0.407740 0.281870 0.410176 0.280088 0.412612 0.278718 0.413586 0.276662 0.414804
1 0.480933 0.418308 0.478056 0.417577 0.475452 0.415872 0.473808 0.413192 0.472574 0.409781 0.471752 0.405883 0.471478 0.401011 0.471478 0.396626 0.472026 0.393215 0.472848 0.389804 0.474493 0.387125 0.477234 0.384445 0.480111 0.382252 0.482989 0.382983 0.485456 0.384688 0.487374 0.387612 0.488745 0.390779 0.490252 0.394677 0.490937 0.399549 0.490937 0.404421 0.490115 0.407832 0.489293 0.411243 0.487922 0.413679 0.486141 0.416115 0.484770 0.417090 0.482715 0.418308
1 0.795825 0.426654 0.792947 0.425923 0.790343 0.424218 0.788699 0.421538 0.787466 0.418127 0.786643 0.414229 0.786369 0.409357 0.786369 0.404972 0.786917 0.401561 0.787740 0.398151 0.789384 0.395471 0.792125 0.392791 0.795003 0.390598 0.797880 0.391329 0.800347 0.393035 0.802265 0.395958 0.803636 0.399125 0.805143 0.403023 0.805828 0.407895 0.805828 0.412768 0.805006 0.416178 0.804184 0.419589 0.802814 0.422025 0.801032 0.424461 0.799662 0.425436 0.797606 0.426654
1 0.536338 0.419993 0.533460 0.419263 0.530856 0.417557 0.529212 0.414877 0.527978 0.411467 0.527156 0.407569 0.526882 0.402696 0.526882 0.398311 0.527430 0.394901 0.528253 0.391490 0.529897 0.388810 0.532638 0.386130 0.535515 0.383938 0.538393 0.384669 0.540860 0.386374 0.542778 0.389297 0.544149 0.392464 0.545656 0.396362 0.546341 0.401235 0.546341 0.406107 0.545519 0.409518 0.544697 0.412928 0.543326 0.415365 0.541545 0.417801 0.540175 0.418775 0.538119 0.419993
0 0.815950 0.731089 0.843927 0.731497 0.844835 0.585093 0.880166 0.584043 0.880166 0.461422 0.838401 0.461422 0.838447 0.530366 0.814903 0.530449
0 0.946398 0.732304 0.971302 0.731565 0.970796 0.536489 0.948089 0.535029 0.949250 0.467007 0.909227 0.464943 0.908594 0.587268 0.945411 0.587717
0 0.556177 0.728801 0.585515 0.728402 0.586424 0.580386 0.623568 0.580142 0.623568 0.457520 0.581804 0.457520 0.580488 0.524045 0.556491 0.524128
0 0.295912 0.719487 0.320648 0.720050 0.320648 0.575722 0.360514 0.576284 0.360514 0.453663 0.318750 0.453663 0.318117 0.523411 0.295639 0.522848
0 0.170738 0.718463 0.197551 0.719649 0.200316 0.519019 0.179387 0.518608 0.179387 0.450586 0.135264 0.449537 0.134631 0.571863 0.171583 0.571746
0 0.428265 0.725461 0.456190 0.727254 0.460383 0.524485 0.435734 0.523026 0.435734 0.455003 0.393970 0.455003 0.393337 0.577329 0.430154 0.577777
0 0.691304 0.729724 0.721760 0.730468 0.722161 0.525522 0.698873 0.525675 0.698873 0.460072 0.655294 0.459266 0.654662 0.581591 0.691479 0.582040
0 0.043537 0.714004 0.067094 0.713518 0.068273 0.567093 0.105781 0.567656 0.105781 0.445034 0.064016 0.445034 0.063383 0.514782 0.042674 0.514220
