1 0.226510 0.676926 0.225471 0.682083 0.225558 0.687137 0.226203 0.691012 0.227033 0.694833 0.228452 0.696788 0.230180 0.698991 0.231955 0.700672 0.233715 0.701173 0.235816 0.701235 0.237857 0.699622 0.239049 0.698088 0.240627 0.695594 0.241619 0.692934 0.242536 0.690112 0.242727 0.686084 0.242436 0.681922 0.241429 0.677688 0.239970 0.673713 0.238243 0.671911 0.236447 0.670545 0.233858 0.669575 0.231559 0.670248 0.229620 0.671803 0.228266 0.673680
1 0.744794 0.504729 0.742021 0.506281 0.739608 0.508715 0.738230 0.511835 0.737325 0.515556 0.736870 0.519640 0.737045 0.524527 0.737445 0.528853 0.738298 0.532060 0.739421 0.535188 0.741288 0.537358 0.744237 0.539210 0.747277 0.540543 0.750050 0.538990 0.752328 0.536595 0.753954 0.533157 0.755017 0.529636 0.756148 0.525355 0.756379 0.520349 0.755934 0.515541 0.754811 0.512413 0.753688 0.509286 0.752113 0.507277 0.750132 0.505388 0.748691 0.504822 0.746552 0.504214
1 0.286519 0.650951 0.283747 0.652504 0.281333 0.654938 0.279956 0.658057 0.279051 0.661779 0.278595 0.665863 0.278770 0.670749 0.279171 0.675076 0.280023 0.678283 0.281146 0.681411 0.283014 0.683581 0.285963 0.685433 0.289003 0.686766 0.291776 0.685213 0.294054 0.682818 0.295680 0.679380 0.296742 0.675859 0.297874 0.671577 0.298104 0.666572 0.297659 0.661764 0.296536 0.658636 0.295413 0.655508 0.293838 0.653500 0.291858 0.651611 0.290417 0.651045 0.288277 0.650437
1 0.488598 0.587519 0.485825 0.589071 0.483412 0.591505 0.482034 0.594625 0.481129 0.598346 0.480674 0.602430 0.480849 0.607317 0.481249 0.611643 0.482102 0.614850 0.483225 0.617978 0.485092 0.620148 0.488042 0.622000 0.491081 0.623333 0.493854 0.621780 0.496132 0.619385 0.497758 0.615947 0.498821 0.612426 0.499952 0.608145 0.500183 0.603139 0.499738 0.598331 0.498615 0.595203 0.497492 0.592076 0.495917 0.590067 0.493937 0.588178 0.492495 0.587612 0.490356 0.587004
1 0.797262 0.487899 0.794489 0.489452 0.792076 0.491886 0.790698 0.495005 0.789793 0.498727 0.789338 0.502810 0.789512 0.507697 0.789913 0.512024 0.790766 0.515231 0.791889 0.518359 0.793756 0.520528 0.796705 0.522381 0.799745 0.523713 0.802518 0.522161 0.804796 0.519766 0.806422 0.516327 0.807484 0.512807 0.808616 0.508525 0.808846 0.503520 0.808401 0.498712 0.807278 0.495584 0.806155 0.492456 0.804581 0.490448 0.802600 0.488559 0.801159 0.487993 0.799019 0.487385
1 0.543173 0.569019 0.540400 0.570572 0.537987 0.573006 0.536609 0.576125 0.535704 0.579847 0.535249 0.583931 0.535423 0.588817 0.535824 0.593144 0.536677 0.596351 0.537800 0.599479 0.539667 0.601649 0.542616 0.603501 0.545656 0.604834 0.548429 0.603281 0.550707 0.600886 0.552333 0.597448 0.553396 0.593927 0.554527 0.589645 0.554758 0.584640 0.554312 0.579832 0.553189 0.576704 0.552066 0.573576 0.550492 0.571568 0.548511 0.569679 0.547070 0.569113 0.544931 0.568505
0 0.788666 0.181800 0.816234 0.173318 0.830509 0.317514 0.865466 0.308346 0.876671 0.429339 0.835461 0.441401 0.829206 0.373359 0.805967 0.380077
0 0.916957 0.142528 0.941598 0.136065 0.958925 0.328696 0.936653 0.336694 0.944014 0.403477 0.904712 0.417073 0.892909 0.296556 0.929197 0.285480
0 0.532285 0.258669 0.561270 0.250590 0.575692 0.396377 0.612366 0.385891 0.623571 0.506883 0.582361 0.518945 0.574984 0.453683 0.551298 0.460532
0 0.277818 0.344714 0.302174 0.337015 0.315363 0.479426 0.354648 0.467357 0.365853 0.588350 0.324644 0.600412 0.317646 0.531773 0.295517 0.538820
0 0.153675 0.383967 0.180023 0.375053 0.201085 0.572219 0.180471 0.578670 0.186687 0.645788 0.143246 0.659566 0.131444 0.539048 0.167916 0.528491
0 0.407771 0.299561 0.435161 0.289727 0.457828 0.488591 0.433640 0.497150 0.439856 0.564269 0.398646 0.576330 0.386844 0.455813 0.423131 0.444737
0 0.665607 0.219529 0.695590 0.209999 0.714714 0.412106 0.691721 0.418681 0.697716 0.483412 0.654790 0.496794 0.642987 0.376276 0.679274 0.365201
0 0.028788 0.423977 0.052077 0.417653 0.066621 0.561792 0.103579 0.550405 0.114784 0.671398 0.073574 0.683459 0.066576 0.614821 0.046193 0.621357
