1 0.200276 0.518820 0.198412 0.523182 0.197639 0.528048 0.197597 0.532088 0.197741 0.536175 0.198763 0.538799 0.200037 0.541826 0.201444 0.544380 0.203038 0.545800 0.205031 0.546984 0.207251 0.546539 0.208647 0.545714 0.210574 0.544182 0.211971 0.542176 0.213324 0.539976 0.214188 0.536238 0.214616 0.532113 0.214373 0.527537 0.213655 0.522965 0.212314 0.520322 0.210833 0.518058 0.208528 0.515746 0.206222 0.515156 0.204110 0.515601 0.202501 0.516666
1 0.723627 0.633154 0.720720 0.633149 0.718006 0.634179 0.716164 0.636415 0.714670 0.639479 0.713544 0.643129 0.712883 0.647883 0.712532 0.652223 0.712802 0.655738 0.713342 0.659322 0.714755 0.662390 0.717254 0.665736 0.719927 0.668635 0.722834 0.668639 0.725412 0.667576 0.727545 0.665167 0.729155 0.662379 0.730959 0.658903 0.732027 0.654253 0.732417 0.649430 0.731876 0.645846 0.731336 0.642262 0.730174 0.639504 0.728606 0.636642 0.727328 0.635331 0.725390 0.633605
1 0.260852 0.524938 0.257945 0.524933 0.255231 0.525962 0.253389 0.528199 0.251895 0.531263 0.250769 0.534913 0.250108 0.539666 0.249757 0.544007 0.250026 0.547521 0.250567 0.551105 0.251980 0.554174 0.254478 0.557520 0.257151 0.560418 0.260058 0.560423 0.262636 0.559359 0.264769 0.556951 0.266379 0.554163 0.268183 0.550686 0.269252 0.546037 0.269642 0.541214 0.269101 0.537630 0.268560 0.534046 0.267399 0.531288 0.265830 0.528426 0.264552 0.527114 0.262615 0.525389
1 0.464839 0.573795 0.461932 0.573790 0.459218 0.574819 0.457376 0.577056 0.455882 0.580120 0.454756 0.583770 0.454095 0.588523 0.453744 0.592864 0.454014 0.596378 0.454554 0.599962 0.455967 0.603031 0.458466 0.606377 0.461139 0.609275 0.464046 0.609280 0.466624 0.608216 0.468757 0.605808 0.470367 0.603020 0.472171 0.599543 0.473239 0.594894 0.473629 0.590071 0.473088 0.586487 0.472548 0.582903 0.471386 0.580145 0.469818 0.577283 0.468539 0.575971 0.466602 0.574246
1 0.777254 0.644411 0.774347 0.644407 0.771633 0.645436 0.769791 0.647672 0.768297 0.650736 0.767171 0.654386 0.766510 0.659140 0.766159 0.663480 0.766428 0.666995 0.766969 0.670579 0.768382 0.673647 0.770881 0.676993 0.773553 0.679892 0.776460 0.679897 0.779038 0.678833 0.781172 0.676425 0.782781 0.673637 0.784586 0.670160 0.785654 0.665510 0.786044 0.660688 0.785503 0.657104 0.784962 0.653520 0.783801 0.650761 0.782233 0.647899 0.780954 0.646588 0.779017 0.644862
1 0.520013 0.585381 0.517106 0.585377 0.514393 0.586406 0.512551 0.588642 0.511057 0.591706 0.509931 0.595356 0.509269 0.600110 0.508918 0.604450 0.509188 0.607965 0.509729 0.611549 0.511142 0.614618 0.513640 0.617964 0.516313 0.620862 0.519220 0.620867 0.521798 0.619803 0.523931 0.617395 0.525541 0.614607 0.527345 0.611130 0.528413 0.606480 0.528803 0.601658 0.528263 0.598074 0.527722 0.594490 0.526561 0.591732 0.524992 0.588869 0.523714 0.587558 0.521777 0.585832
0 0.821467 0.348066 0.849192 0.354741 0.836876 0.498799 0.873484 0.507051 0.863440 0.631236 0.822101 0.620669 0.827665 0.552438 0.804367 0.546398
0 0.951995 0.381835 0.976587 0.388868 0.960468 0.581830 0.937875 0.577529 0.933579 0.645153 0.893798 0.637069 0.902965 0.515829 0.939443 0.524701
0 0.564971 0.285379 0.593978 0.293198 0.583027 0.439937 0.619774 0.449577 0.609957 0.570950 0.568618 0.560382 0.572642 0.494202 0.548895 0.488047
0 0.303891 0.226867 0.331343 0.233316 0.319255 0.379413 0.358760 0.388944 0.348943 0.510317 0.307604 0.499749 0.312561 0.430551 0.288596 0.425957
0 0.178661 0.200121 0.204790 0.203484 0.196480 0.405070 0.173312 0.400622 0.167867 0.467951 0.126527 0.457384 0.135694 0.336144 0.169927 0.345012
0 0.437180 0.258279 0.464964 0.263571 0.452881 0.465336 0.428366 0.460544 0.422921 0.527873 0.381581 0.517306 0.390748 0.396066 0.427227 0.404938
0 0.698476 0.316288 0.728682 0.323257 0.712671 0.526218 0.689632 0.520174 0.684380 0.585109 0.641180 0.574881 0.650347 0.453641 0.686826 0.462513
0 0.056386 0.175444 0.079165 0.180699 0.067610 0.323558 0.107115 0.333088 0.097298 0.454461 0.055959 0.443894 0.060917 0.374696 0.040373 0.370012
