1 0.208956 0.599864 0.207461 0.604653 0.207085 0.609664 0.207367 0.613674 0.207837 0.617683 0.209058 0.620022 0.210562 0.622695 0.212159 0.624867 0.213851 0.625869 0.215918 0.626538 0.218079 0.625535 0.219395 0.624366 0.221181 0.622361 0.222402 0.620022 0.223565 0.617502 0.224121 0.613583 0.224215 0.609393 0.223608 0.604924 0.222531 0.600581 0.220993 0.598304 0.219345 0.596438 0.216879 0.594732 0.214549 0.594732 0.212494 0.595707 0.210986 0.597168
1 0.736919 0.580927 0.734041 0.581658 0.731438 0.583364 0.729793 0.586043 0.728560 0.589454 0.727738 0.593352 0.727464 0.598224 0.727464 0.602609 0.728012 0.606020 0.728834 0.609431 0.730478 0.612111 0.733219 0.614790 0.736097 0.616983 0.738975 0.616252 0.741441 0.614547 0.743360 0.611623 0.744730 0.608456 0.746238 0.604558 0.746923 0.599686 0.746923 0.594814 0.746100 0.591403 0.745278 0.587992 0.743908 0.585556 0.742126 0.583120 0.740756 0.582145 0.738701 0.580927
1 0.268785 0.590537 0.265907 0.591268 0.263304 0.592973 0.261659 0.595653 0.260426 0.599064 0.259604 0.602962 0.259330 0.607834 0.259330 0.612219 0.259878 0.615630 0.260700 0.619041 0.262344 0.621720 0.265085 0.624400 0.267963 0.626593 0.270841 0.625862 0.273307 0.624157 0.275226 0.621233 0.276596 0.618066 0.278103 0.614168 0.278789 0.609296 0.278789 0.604423 0.277966 0.601013 0.277144 0.597602 0.275774 0.595166 0.273992 0.592730 0.272622 0.591755 0.270567 0.590537
1 0.476146 0.588667 0.473268 0.589398 0.470665 0.591103 0.469020 0.593783 0.467787 0.597193 0.466965 0.601091 0.466691 0.605964 0.466691 0.610349 0.467239 0.613760 0.468061 0.617170 0.469705 0.619850 0.472446 0.622530 0.475324 0.624722 0.478202 0.623992 0.480668 0.622286 0.482587 0.619363 0.483957 0.616196 0.485464 0.612298 0.486150 0.607425 0.486150 0.602553 0.485327 0.599142 0.484505 0.595732 0.483135 0.593296 0.481353 0.590859 0.479983 0.589885 0.477928 0.588667
1 0.791142 0.579184 0.788264 0.579915 0.785660 0.581620 0.784016 0.584300 0.782783 0.587711 0.781960 0.591609 0.781686 0.596481 0.781686 0.600866 0.782234 0.604277 0.783057 0.607687 0.784701 0.610367 0.787442 0.613047 0.790320 0.615240 0.793197 0.614509 0.795664 0.612803 0.797582 0.609880 0.798953 0.606713 0.800460 0.602815 0.801145 0.597943 0.801145 0.593070 0.800323 0.589660 0.799501 0.586249 0.798131 0.583813 0.796349 0.581377 0.794979 0.580402 0.792923 0.579184
1 0.530310 0.584832 0.527432 0.585563 0.524828 0.587268 0.523184 0.589948 0.521951 0.593359 0.521128 0.597257 0.520854 0.602129 0.520854 0.606514 0.521403 0.609925 0.522225 0.613336 0.523869 0.616016 0.526610 0.618695 0.529488 0.620888 0.532365 0.620157 0.534832 0.618452 0.536751 0.615528 0.538121 0.612361 0.539628 0.608463 0.540313 0.603591 0.540313 0.598719 0.539491 0.595308 0.538669 0.591897 0.537299 0.589461 0.535517 0.587025 0.534147 0.586050 0.532091 0.584832
0 0.810851 0.271875 0.837920 0.272274 0.837366 0.420290 0.874964 0.419727 0.874964 0.542349 0.833199 0.542349 0.833245 0.473404 0.809701 0.473321
0 0.939257 0.274396 0.965975 0.274329 0.967284 0.471018 0.945937 0.472477 0.945738 0.540499 0.905715 0.542564 0.905082 0.420238 0.941899 0.419790
0 0.550580 0.275788 0.579918 0.276186 0.580826 0.424202 0.617971 0.424446 0.617971 0.547068 0.576207 0.547068 0.574891 0.480543 0.550894 0.480460
0 0.287729 0.282375 0.314734 0.281813 0.315641 0.432592 0.354600 0.432030 0.354600 0.554651 0.312835 0.554651 0.312202 0.484903 0.288817 0.485466
0 0.161925 0.287432 0.190098 0.284633 0.194678 0.488488 0.173749 0.488900 0.173749 0.556922 0.129626 0.557970 0.128993 0.435645 0.165945 0.435761
0 0.423852 0.279377 0.451776 0.277584 0.454609 0.481966 0.429960 0.483425 0.429960 0.551448 0.388196 0.551448 0.387563 0.429122 0.426194 0.427867
0 0.686927 0.274058 0.717383 0.273314 0.717784 0.478260 0.694496 0.478107 0.694496 0.543709 0.650917 0.544516 0.650284 0.422191 0.687102 0.421742
0 0.035041 0.293987 0.062227 0.292054 0.062046 0.438479 0.099553 0.437916 0.099553 0.560538 0.057789 0.560538 0.057156 0.490790 0.036446 0.491352
