1 0.213884 0.593494 0.212389 0.598283 0.212013 0.603295 0.212295 0.607304 0.212765 0.611314 0.213986 0.613653 0.215490 0.616326 0.217087 0.618497 0.218779 0.619500 0.220846 0.620168 0.223008 0.619166 0.224323 0.617996 0.226109 0.615992 0.227330 0.613653 0.228493 0.611133 0.229049 0.607214 0.229143 0.603023 0.228536 0.598555 0.227459 0.594211 0.225921 0.591935 0.224273 0.590068 0.221807 0.588363 0.219477 0.588363 0.217422 0.589337 0.215914 0.590799
1 0.742063 0.574234 0.739185 0.574965 0.736581 0.576671 0.734937 0.579350 0.733703 0.582761 0.732881 0.586659 0.732607 0.591531 0.732607 0.595917 0.733155 0.599327 0.733977 0.602738 0.735622 0.605418 0.738363 0.608097 0.741240 0.610290 0.744118 0.609559 0.746585 0.607854 0.748503 0.604930 0.749874 0.601763 0.751381 0.597865 0.752066 0.592993 0.752066 0.588121 0.751244 0.584710 0.750422 0.581299 0.749051 0.578863 0.747270 0.576427 0.745900 0.575453 0.743844 0.574234
1 0.274881 0.585196 0.272003 0.585926 0.269400 0.587632 0.267755 0.590312 0.266522 0.593722 0.265700 0.597620 0.265426 0.602492 0.265426 0.606878 0.265974 0.610288 0.266796 0.613699 0.268440 0.616379 0.271181 0.619059 0.274059 0.621251 0.276937 0.620520 0.279403 0.618815 0.281322 0.615892 0.282692 0.612724 0.284199 0.608827 0.284885 0.603954 0.284885 0.599082 0.284062 0.595671 0.283240 0.592260 0.281870 0.589824 0.280088 0.587388 0.278718 0.586414 0.276662 0.585196
1 0.480933 0.581692 0.478056 0.582423 0.475452 0.584128 0.473808 0.586808 0.472574 0.590219 0.471752 0.594117 0.471478 0.598989 0.471478 0.603374 0.472026 0.606785 0.472848 0.610196 0.474493 0.612875 0.477234 0.615555 0.480111 0.617748 0.482989 0.617017 0.485456 0.615312 0.487374 0.612388 0.488745 0.609221 0.490252 0.605323 0.490937 0.600451 0.490937 0.595579 0.490115 0.592168 0.489293 0.588757 0.487922 0.586321 0.486141 0.583885 0.484770 0.582910 0.482715 0.581692
1 0.795825 0.573346 0.792947 0.574077 0.790343 0.575782 0.788699 0.578462 0.787466 0.581873 0.786643 0.585771 0.786369 0.590643 0.786369 0.595028 0.786917 0.598439 0.787740 0.601849 0.789384 0.604529 0.792125 0.607209 0.795003 0.609402 0.797880 0.608671 0.800347 0.606965 0.802265 0.604042 0.803636 0.600875 0.805143 0.596977 0.805828 0.592105 0.805828 0.587232 0.805006 0.583822 0.804184 0.580411 0.802814 0.577975 0.801032 0.575539 0.799662 0.574564 0.797606 0.573346
1 0.536338 0.580007 0.533460 0.580737 0.530856 0.582443 0.529212 0.585123 0.527978 0.588533 0.527156 0.592431 0.526882 0.597304 0.526882 0.601689 0.527430 0.605099 0.528253 0.608510 0.529897 0.611190 0.532638 0.613870 0.535515 0.616062 0.538393 0.615331 0.540860 0.613626 0.542778 0.610703 0.544149 0.607536 0.545656 0.603638 0.546341 0.598765 0.546341 0.593893 0.545519 0.590482 0.544697 0.587072 0.543326 0.584635 0.541545 0.582199 0.540175 0.581225 0.538119 0.580007
0 0.815950 0.268911 0.843927 0.268503 0.844835 0.414907 0.880166 0.415957 0.880166 0.538578 0.838401 0.538578 0.838447 0.469634 0.814903 0.469551
0 0.946398 0.267696 0.971302 0.268435 0.970796 0.463511 0.948089 0.464971 0.949250 0.532993 0.909227 0.535057 0.908594 0.412732 0.945411 0.412283
0 0.556177 0.271199 0.585515 0.271598 0.586424 0.419614 0.623568 0.419858 0.623568 0.542480 0.581804 0.542480 0.580488 0.475955 0.556491 0.475872
0 0.295912 0.280513 0.320648 0.279950 0.320648 0.424278 0.360514 0.423716 0.360514 0.546337 0.318750 0.546337 0.318117 0.476589 0.295639 0.477152
0 0.170738 0.281537 0.197551 0.280351 0.200316 0.480981 0.179387 0.481392 0.179387 0.549414 0.135264 0.550463 0.134631 0.428137 0.171583 0.428254
0 0.428265 0.274539 0.456190 0.272746 0.460383 0.475515 0.435734 0.476974 0.435734 0.544997 0.393970 0.544997 0.393337 0.422671 0.430154 0.422223
0 0.691304 0.270276 0.721760 0.269532 0.722161 0.474478 0.698873 0.474325 0.698873 0.539928 0.655294 0.540734 0.654662 0.418409 0.691479 0.417960
0 0.043537 0.285996 0.067094 0.286482 0.068273 0.432907 0.105781 0.432344 0.105781 0.554966 0.064016 0.554966 0.063383 0.485218 0.042674 0.485780
