1 0.796698 0.592131 0.798193 0.596920 0.798569 0.601932 0.798287 0.605942 0.797818 0.609951 0.796596 0.612290 0.795092 0.614963 0.793495 0.617135 0.791803 0.618137 0.789736 0.618805 0.787575 0.617803 0.786259 0.616634 0.784474 0.614629 0.783252 0.612290 0.782089 0.609770 0.781533 0.605851 0.781439 0.601661 0.782046 0.597192 0.783123 0.592848 0.784661 0.590572 0.786309 0.588705 0.788775 0.587000 0.791105 0.587000 0.793161 0.587974 0.794668 0.589436
1 0.268973 0.571904 0.271851 0.572635 0.274455 0.574340 0.276099 0.577020 0.277332 0.580431 0.278155 0.584329 0.278429 0.589201 0.278429 0.593586 0.277881 0.596997 0.277058 0.600407 0.275414 0.603087 0.272673 0.605767 0.269795 0.607960 0.266918 0.607229 0.264451 0.605523 0.262533 0.602600 0.261162 0.599433 0.259655 0.595535 0.258970 0.590663 0.258970 0.585790 0.259792 0.582380 0.260614 0.578969 0.261984 0.576533 0.263766 0.574097 0.265136 0.573122 0.267192 0.571904
1 0.735701 0.585196 0.738579 0.585926 0.741183 0.587632 0.742827 0.590312 0.744060 0.593722 0.744883 0.597620 0.745157 0.602492 0.745157 0.606878 0.744608 0.610288 0.743786 0.613699 0.742142 0.616379 0.739401 0.619059 0.736523 0.621251 0.733646 0.620520 0.731179 0.618815 0.729260 0.615892 0.727890 0.612724 0.726383 0.608827 0.725698 0.603954 0.725698 0.599082 0.726520 0.595671 0.727342 0.592260 0.728712 0.589824 0.730494 0.587388 0.731864 0.586414 0.733920 0.585196
1 0.529331 0.579604 0.532209 0.580335 0.534813 0.582040 0.536457 0.584720 0.537690 0.588130 0.538513 0.592028 0.538787 0.596901 0.538787 0.601286 0.538238 0.604696 0.537416 0.608107 0.535772 0.610787 0.533031 0.613467 0.530153 0.615659 0.527276 0.614928 0.524809 0.613223 0.522890 0.610300 0.521520 0.607133 0.520013 0.603235 0.519328 0.598362 0.519328 0.593490 0.520150 0.590079 0.520972 0.586669 0.522342 0.584232 0.524124 0.581796 0.525494 0.580822 0.527550 0.579604
1 0.213896 0.570451 0.216773 0.571182 0.219377 0.572887 0.221021 0.575567 0.222255 0.578978 0.223077 0.582876 0.223351 0.587748 0.223351 0.592133 0.222803 0.595544 0.221981 0.598955 0.220336 0.601634 0.217596 0.604314 0.214718 0.606507 0.211840 0.605776 0.209373 0.604071 0.207455 0.601147 0.206085 0.597980 0.204577 0.594082 0.203892 0.589210 0.203892 0.584337 0.204714 0.580927 0.205536 0.577516 0.206907 0.575080 0.208688 0.572644 0.210059 0.571669 0.212114 0.570451
1 0.473791 0.578475 0.476669 0.579205 0.479272 0.580911 0.480917 0.583591 0.482150 0.587001 0.482972 0.590899 0.483246 0.595771 0.483246 0.600157 0.482698 0.603567 0.481876 0.606978 0.480232 0.609658 0.477491 0.612338 0.474613 0.614530 0.471735 0.613799 0.469269 0.612094 0.467350 0.609170 0.465980 0.606003 0.464472 0.602106 0.463787 0.597233 0.463787 0.592361 0.464610 0.588950 0.465432 0.585539 0.466802 0.583103 0.468584 0.580667 0.469954 0.579693 0.472009 0.578475
0 0.195907 0.266742 0.168837 0.265528 0.169289 0.413544 0.129423 0.412981 0.129423 0.535603 0.171188 0.535603 0.171142 0.466659 0.194686 0.466576
0 0.063645 0.264164 0.041462 0.264903 0.039246 0.459979 0.061954 0.461439 0.060793 0.529461 0.100815 0.531525 0.101448 0.409200 0.064631 0.408752
0 0.455625 0.269845 0.428555 0.268631 0.429007 0.416647 0.389141 0.416084 0.389141 0.538706 0.430906 0.538706 0.430860 0.469762 0.454404 0.469679
0 0.714947 0.281875 0.690210 0.281313 0.690210 0.425641 0.650344 0.425079 0.650344 0.547700 0.692109 0.547700 0.692742 0.477952 0.715220 0.478515
0 0.843917 0.281860 0.817671 0.279502 0.811391 0.482836 0.834679 0.484295 0.834679 0.552317 0.876443 0.552317 0.877076 0.429992 0.840259 0.429544
0 0.582948 0.274539 0.557291 0.271133 0.552190 0.475515 0.575478 0.476974 0.575478 0.544997 0.617243 0.544997 0.617876 0.422671 0.581058 0.422223
0 0.318689 0.269301 0.291861 0.266943 0.289646 0.470277 0.312934 0.471736 0.312934 0.539758 0.354698 0.539758 0.355331 0.417433 0.318514 0.416985
0 0.966909 0.289947 0.943942 0.289385 0.943942 0.433713 0.904076 0.433151 0.904076 0.555772 0.945840 0.555772 0.946473 0.486024 0.967183 0.486587
