1 0.218039 0.406832 0.216544 0.402043 0.216168 0.397031 0.216450 0.393021 0.216920 0.389012 0.218141 0.386673 0.219645 0.384000 0.221242 0.381828 0.222934 0.380826 0.225001 0.380158 0.227163 0.381160 0.228478 0.382329 0.230264 0.384334 0.231485 0.386673 0.232648 0.389193 0.233204 0.393112 0.233298 0.397302 0.232691 0.401771 0.231614 0.406115 0.230076 0.408391 0.228428 0.410258 0.225962 0.411963 0.223632 0.411963 0.221577 0.410989 0.220069 0.409527
1 0.736521 0.419044 0.733643 0.418313 0.731040 0.416607 0.729395 0.413928 0.728162 0.410517 0.727340 0.406619 0.727066 0.401747 0.727066 0.397361 0.727614 0.393951 0.728436 0.390540 0.730080 0.387860 0.732821 0.385180 0.735699 0.382988 0.738577 0.383719 0.741043 0.385424 0.742962 0.388348 0.744332 0.391515 0.745839 0.395412 0.746525 0.400285 0.746525 0.405157 0.745702 0.408568 0.744880 0.411979 0.743510 0.414415 0.741728 0.416851 0.740358 0.417825 0.738302 0.419044
1 0.277789 0.415244 0.274911 0.414513 0.272308 0.412808 0.270663 0.410128 0.269430 0.406718 0.268608 0.402820 0.268334 0.397947 0.268334 0.393562 0.268882 0.390152 0.269704 0.386741 0.271348 0.384061 0.274089 0.381381 0.276967 0.379189 0.279845 0.379920 0.282311 0.381625 0.284230 0.384548 0.285600 0.387715 0.287108 0.391613 0.287793 0.396486 0.287793 0.401358 0.286970 0.404769 0.286148 0.408179 0.284778 0.410615 0.282996 0.413052 0.281626 0.414026 0.279571 0.415244
1 0.479847 0.417842 0.476969 0.417112 0.474365 0.415406 0.472721 0.412726 0.471487 0.409316 0.470665 0.405418 0.470391 0.400546 0.470391 0.396160 0.470939 0.392750 0.471762 0.389339 0.473406 0.386659 0.476147 0.383979 0.479024 0.381787 0.481902 0.382518 0.484369 0.384223 0.486287 0.387146 0.487658 0.390314 0.489165 0.394211 0.489850 0.399084 0.489850 0.403956 0.489028 0.407367 0.488206 0.410778 0.486835 0.413214 0.485054 0.415650 0.483684 0.416624 0.481628 0.417842
1 0.788876 0.420055 0.785998 0.419324 0.783395 0.417619 0.781750 0.414939 0.780517 0.411529 0.779695 0.407631 0.779420 0.402758 0.779420 0.398373 0.779969 0.394962 0.780791 0.391552 0.782435 0.388872 0.785176 0.386192 0.788054 0.384000 0.790931 0.384730 0.793398 0.386436 0.795317 0.389359 0.796687 0.392526 0.798194 0.396424 0.798880 0.401297 0.798880 0.406169 0.798057 0.409580 0.797235 0.412990 0.795865 0.415426 0.794083 0.417863 0.792713 0.418837 0.790657 0.420055
1 0.534699 0.416748 0.531821 0.416017 0.529218 0.414311 0.527573 0.411632 0.526340 0.408221 0.525518 0.404323 0.525244 0.399451 0.525244 0.395065 0.525792 0.391655 0.526614 0.388244 0.528258 0.385564 0.530999 0.382885 0.533877 0.380692 0.536755 0.381423 0.539221 0.383128 0.541140 0.386052 0.542510 0.389219 0.544017 0.393117 0.544703 0.397989 0.544703 0.402861 0.543880 0.406272 0.543058 0.409683 0.541688 0.412119 0.539906 0.414555 0.538536 0.415529 0.536480 0.416748
0 0.808870 0.719719 0.835292 0.719896 0.834737 0.575338 0.872335 0.575900 0.872335 0.453279 0.830571 0.453279 0.830616 0.522223 0.807720 0.522882
0 0.935659 0.717249 0.963674 0.717893 0.963004 0.524661 0.941657 0.523201 0.941458 0.455179 0.901435 0.453115 0.900802 0.575440 0.937619 0.575889
0 0.553668 0.722124 0.583006 0.721725 0.583914 0.573709 0.621059 0.573465 0.621059 0.450844 0.579294 0.450844 0.577979 0.517369 0.553981 0.517452
0 0.298483 0.715726 0.324440 0.715048 0.324517 0.569852 0.361731 0.570414 0.361731 0.447793 0.321363 0.449033 0.320730 0.516920 0.298042 0.516978
0 0.174511 0.712828 0.200788 0.715626 0.205578 0.514768 0.182159 0.514389 0.182104 0.446981 0.140526 0.445287 0.139893 0.567612 0.176845 0.567496
0 0.430027 0.718204 0.456557 0.718756 0.460087 0.518717 0.436136 0.518497 0.436136 0.450475 0.394371 0.450475 0.393739 0.572801 0.432370 0.574055
0 0.686805 0.722241 0.717260 0.722985 0.717662 0.518039 0.694374 0.518192 0.694374 0.452590 0.650795 0.451783 0.650162 0.574108 0.686979 0.574557
0 0.050579 0.706879 0.075489 0.707465 0.074899 0.564635 0.112407 0.565198 0.112407 0.442576 0.070642 0.442576 0.070010 0.512324 0.049300 0.514384
