1 0.232935 0.386347 0.231439 0.381558 0.231063 0.376546 0.231345 0.372536 0.231815 0.368527 0.233037 0.366188 0.234540 0.363515 0.236138 0.361343 0.237829 0.360341 0.239897 0.359673 0.242058 0.360675 0.243374 0.361844 0.245159 0.363849 0.246381 0.366188 0.247544 0.368708 0.248100 0.372627 0.248194 0.376817 0.247587 0.381286 0.246510 0.385630 0.244971 0.387906 0.243324 0.389773 0.240857 0.391478 0.238528 0.391478 0.236472 0.390504 0.234965 0.389042
1 0.762020 0.408832 0.759143 0.408101 0.756539 0.406396 0.754894 0.403716 0.753661 0.400305 0.752839 0.396407 0.752565 0.391535 0.752565 0.387150 0.753113 0.383739 0.753935 0.380328 0.755580 0.377648 0.758320 0.374969 0.761198 0.372776 0.764076 0.373507 0.766542 0.375212 0.768461 0.378136 0.769831 0.381303 0.771339 0.385201 0.772024 0.390073 0.772024 0.394945 0.771202 0.398356 0.770379 0.401767 0.769009 0.404203 0.767228 0.406639 0.765857 0.407614 0.763802 0.408832
1 0.293932 0.395451 0.291054 0.394721 0.288450 0.393015 0.286806 0.390335 0.285572 0.386925 0.284750 0.383027 0.284476 0.378155 0.284476 0.373769 0.285024 0.370359 0.285847 0.366948 0.287491 0.364268 0.290232 0.361588 0.293109 0.359396 0.295987 0.360127 0.298454 0.361832 0.300372 0.364755 0.301743 0.367923 0.303250 0.371820 0.303935 0.376693 0.303935 0.381565 0.303113 0.384976 0.302291 0.388387 0.300920 0.390823 0.299139 0.393259 0.297769 0.394233 0.295713 0.395451
1 0.500438 0.400568 0.497560 0.399837 0.494956 0.398131 0.493312 0.395452 0.492078 0.392041 0.491256 0.388143 0.490982 0.383271 0.490982 0.378885 0.491530 0.375475 0.492353 0.372064 0.493997 0.369384 0.496738 0.366704 0.499615 0.364512 0.502493 0.365243 0.504960 0.366948 0.506878 0.369872 0.508249 0.373039 0.509756 0.376936 0.510441 0.381809 0.510441 0.386681 0.509619 0.390092 0.508797 0.393503 0.507426 0.395939 0.505645 0.398375 0.504275 0.399349 0.502219 0.400568
1 0.814875 0.411333 0.811998 0.410602 0.809394 0.408897 0.807750 0.406217 0.806516 0.402806 0.805694 0.398908 0.805420 0.394036 0.805420 0.389651 0.805968 0.386240 0.806790 0.382829 0.808435 0.380150 0.811175 0.377470 0.814053 0.375277 0.816931 0.376008 0.819398 0.377713 0.821316 0.380637 0.822686 0.383804 0.824194 0.387702 0.824879 0.392574 0.824879 0.397447 0.824057 0.400857 0.823235 0.404268 0.821864 0.406704 0.820083 0.409140 0.818712 0.410115 0.816657 0.411333
1 0.555842 0.402253 0.552964 0.401522 0.550360 0.399817 0.548716 0.397137 0.547483 0.393726 0.546660 0.389829 0.546386 0.384956 0.546386 0.380571 0.546935 0.377160 0.547757 0.373750 0.549401 0.371070 0.552142 0.368390 0.555020 0.366198 0.557897 0.366928 0.560364 0.368634 0.562283 0.371557 0.563653 0.374724 0.565160 0.378622 0.565845 0.383494 0.565845 0.388367 0.565023 0.391778 0.564201 0.395188 0.562831 0.397624 0.561049 0.400061 0.559679 0.401035 0.557623 0.402253
0 0.832732 0.716574 0.859802 0.716176 0.861165 0.568160 0.898763 0.568722 0.898763 0.446101 0.856998 0.446101 0.857044 0.515045 0.833500 0.515128
0 0.961366 0.716983 0.988084 0.717050 0.989393 0.520361 0.968046 0.518902 0.967847 0.450879 0.927824 0.448815 0.927191 0.571140 0.964008 0.571589
0 0.574774 0.713479 0.604112 0.713081 0.605021 0.565065 0.642165 0.564821 0.642165 0.442199 0.600401 0.442199 0.599085 0.508724 0.575088 0.508807
0 0.311787 0.704166 0.338792 0.704729 0.339699 0.553949 0.378658 0.554512 0.378658 0.431890 0.336893 0.431890 0.336261 0.501638 0.312875 0.501076
0 0.184799 0.698304 0.212973 0.701103 0.217552 0.497247 0.196623 0.496836 0.196623 0.428814 0.152500 0.427765 0.151867 0.550090 0.188819 0.549974
0 0.446862 0.706914 0.474787 0.708707 0.478980 0.505939 0.454331 0.504479 0.454331 0.436457 0.412567 0.436457 0.411934 0.558782 0.448751 0.559231
0 0.709901 0.715209 0.740357 0.715953 0.740758 0.511008 0.717470 0.511161 0.717470 0.445558 0.673891 0.444751 0.673259 0.567076 0.710076 0.567525
0 0.057144 0.691425 0.084330 0.693359 0.085510 0.546934 0.123017 0.547496 0.123017 0.424875 0.081253 0.424875 0.080620 0.494623 0.059910 0.494061
