1 0.794053 0.594300 0.795549 0.599089 0.795925 0.604101 0.795643 0.608111 0.795173 0.612120 0.793952 0.614459 0.792448 0.617132 0.790850 0.619304 0.789159 0.620306 0.787092 0.620974 0.784930 0.619972 0.783615 0.618803 0.781829 0.616798 0.780607 0.614459 0.779445 0.611939 0.778889 0.608020 0.778795 0.603830 0.779402 0.599361 0.780478 0.595017 0.782017 0.592741 0.783664 0.590874 0.786131 0.589169 0.788461 0.589169 0.790516 0.590143 0.792024 0.591605
1 0.265422 0.574073 0.268299 0.574804 0.270903 0.576509 0.272547 0.579189 0.273781 0.582600 0.274603 0.586498 0.274877 0.591370 0.274877 0.595755 0.274329 0.599166 0.273507 0.602577 0.271862 0.605256 0.269122 0.607936 0.266244 0.610129 0.263366 0.609398 0.260899 0.607693 0.258981 0.604769 0.257611 0.601602 0.256103 0.597704 0.255418 0.592832 0.255418 0.587959 0.256240 0.584549 0.257062 0.581138 0.258433 0.578702 0.260214 0.576266 0.261585 0.575291 0.263640 0.574073
1 0.733057 0.586808 0.735934 0.587539 0.738538 0.589244 0.740183 0.591924 0.741416 0.595335 0.742238 0.599233 0.742512 0.604105 0.742512 0.608490 0.741964 0.611901 0.741142 0.615312 0.739497 0.617992 0.736757 0.620671 0.733879 0.622864 0.731001 0.622133 0.728535 0.620428 0.726616 0.617504 0.725246 0.614337 0.723738 0.610439 0.723053 0.605567 0.723053 0.600695 0.723875 0.597284 0.724698 0.593873 0.726068 0.591437 0.727849 0.589001 0.729220 0.588026 0.731275 0.586808
1 0.527140 0.582579 0.530018 0.583310 0.532622 0.585015 0.534266 0.587695 0.535500 0.591106 0.536322 0.595004 0.536596 0.599876 0.536596 0.604261 0.536048 0.607672 0.535225 0.611083 0.533581 0.613762 0.530840 0.616442 0.527963 0.618635 0.525085 0.617904 0.522618 0.616199 0.520700 0.613275 0.519329 0.610108 0.517822 0.606210 0.517137 0.601338 0.517137 0.596466 0.517959 0.593055 0.518781 0.589644 0.520152 0.587208 0.521933 0.584772 0.523303 0.583797 0.525359 0.582579
1 0.212158 0.572620 0.215036 0.573351 0.217640 0.575057 0.219284 0.577736 0.220518 0.581147 0.221340 0.585045 0.221614 0.589917 0.221614 0.594302 0.221066 0.597713 0.220243 0.601124 0.218599 0.603804 0.215858 0.606483 0.212981 0.608676 0.210103 0.607945 0.207636 0.606240 0.205718 0.603316 0.204347 0.600149 0.202840 0.596251 0.202155 0.591379 0.202155 0.586507 0.202977 0.583096 0.203799 0.579685 0.205170 0.577249 0.206951 0.574813 0.208321 0.573838 0.210377 0.572620
1 0.471600 0.579281 0.474478 0.580012 0.477082 0.581717 0.478726 0.584397 0.479959 0.587808 0.480781 0.591705 0.481056 0.596578 0.481056 0.600963 0.480507 0.604374 0.479685 0.607784 0.478041 0.610464 0.475300 0.613144 0.472422 0.615336 0.469545 0.614606 0.467078 0.612900 0.465159 0.609977 0.463789 0.606810 0.462282 0.602912 0.461596 0.598040 0.461596 0.593167 0.462419 0.589756 0.463241 0.586346 0.464611 0.583910 0.466393 0.581473 0.467763 0.580499 0.469819 0.579281
0 0.194029 0.267298 0.166959 0.266084 0.167411 0.414100 0.127545 0.413538 0.127545 0.536159 0.169310 0.536159 0.169264 0.467215 0.192808 0.467132
0 0.062221 0.268502 0.036863 0.267629 0.036461 0.464318 0.059169 0.465777 0.058008 0.533799 0.098030 0.535864 0.098663 0.413538 0.061846 0.413090
0 0.451761 0.273377 0.424691 0.272163 0.425143 0.420179 0.385277 0.419616 0.385277 0.542238 0.427041 0.542238 0.426996 0.473293 0.450540 0.473210
0 0.713069 0.280513 0.688333 0.279950 0.688333 0.424278 0.648467 0.423716 0.648467 0.546337 0.690231 0.546337 0.690864 0.476589 0.713342 0.477152
0 0.840647 0.281053 0.814400 0.278696 0.808121 0.482029 0.831409 0.483489 0.831409 0.551511 0.873173 0.551511 0.873806 0.429186 0.836989 0.428737
0 0.579990 0.275345 0.553880 0.272746 0.548779 0.477128 0.573428 0.478587 0.573428 0.546609 0.615193 0.546609 0.615825 0.424284 0.578555 0.423836
0 0.316498 0.269551 0.289671 0.267193 0.287455 0.470526 0.310743 0.471986 0.310743 0.540008 0.352507 0.540008 0.353140 0.417683 0.316323 0.417234
0 0.964265 0.289947 0.941297 0.289385 0.941297 0.433713 0.901431 0.433151 0.901431 0.555772 0.943196 0.555772 0.943829 0.486024 0.964538 0.486587
