1 0.211616 0.593494 0.210121 0.598283 0.209745 0.603295 0.210027 0.607304 0.210497 0.611314 0.211718 0.613653 0.213222 0.616326 0.214819 0.618497 0.216511 0.619500 0.218578 0.620168 0.220740 0.619166 0.222055 0.617996 0.223841 0.615992 0.225062 0.613653 0.226225 0.611133 0.226781 0.607214 0.226875 0.603023 0.226268 0.598555 0.225192 0.594211 0.223653 0.591935 0.222005 0.590068 0.219539 0.588363 0.217209 0.588363 0.215154 0.589337 0.213646 0.590799
1 0.739341 0.577460 0.736463 0.578191 0.733860 0.579896 0.732215 0.582576 0.730982 0.585987 0.730160 0.589885 0.729886 0.594757 0.729886 0.599142 0.730434 0.602553 0.731256 0.605963 0.732900 0.608643 0.735641 0.611323 0.738519 0.613516 0.741397 0.612785 0.743863 0.611079 0.745782 0.608156 0.747152 0.604989 0.748659 0.601091 0.749345 0.596219 0.749345 0.591346 0.748522 0.587936 0.747700 0.584525 0.746330 0.582089 0.744548 0.579653 0.743178 0.578678 0.741122 0.577460
1 0.272613 0.585196 0.269735 0.585926 0.267132 0.587632 0.265487 0.590312 0.264254 0.593722 0.263432 0.597620 0.263158 0.602492 0.263158 0.606878 0.263706 0.610288 0.264528 0.613699 0.266172 0.616379 0.268913 0.619059 0.271791 0.621251 0.274669 0.620520 0.277135 0.618815 0.279054 0.615892 0.280424 0.612724 0.281932 0.608827 0.282617 0.603954 0.282617 0.599082 0.281794 0.595671 0.280972 0.592260 0.279602 0.589824 0.277820 0.587388 0.276450 0.586414 0.274395 0.585196
1 0.479573 0.584111 0.476695 0.584842 0.474091 0.586548 0.472447 0.589227 0.471214 0.592638 0.470391 0.596536 0.470117 0.601408 0.470117 0.605793 0.470665 0.609204 0.471488 0.612615 0.473132 0.615295 0.475873 0.617974 0.478751 0.620167 0.481628 0.619436 0.484095 0.617731 0.486013 0.614807 0.487384 0.611640 0.488891 0.607742 0.489576 0.602870 0.489576 0.597998 0.488754 0.594587 0.487932 0.591176 0.486562 0.588740 0.484780 0.586304 0.483410 0.585329 0.481354 0.584111
1 0.792650 0.574959 0.789772 0.575690 0.787168 0.577395 0.785524 0.580075 0.784290 0.583485 0.783468 0.587383 0.783194 0.592256 0.783194 0.596641 0.783742 0.600052 0.784565 0.603462 0.786209 0.606142 0.788950 0.608822 0.791827 0.611014 0.794705 0.610284 0.797172 0.608578 0.799090 0.605655 0.800461 0.602488 0.801968 0.598590 0.802653 0.593717 0.802653 0.588845 0.801831 0.585434 0.801009 0.582024 0.799638 0.579588 0.797857 0.577151 0.796487 0.576177 0.794431 0.574959
1 0.534523 0.581619 0.531646 0.582350 0.529042 0.584056 0.527397 0.586735 0.526164 0.590146 0.525342 0.594044 0.525068 0.598916 0.525068 0.603301 0.525616 0.606712 0.526438 0.610123 0.528083 0.612803 0.530823 0.615482 0.533701 0.617675 0.536579 0.616944 0.539045 0.615239 0.540964 0.612315 0.542334 0.609148 0.543842 0.605250 0.544527 0.600378 0.544527 0.595506 0.543705 0.592095 0.542882 0.588684 0.541512 0.586248 0.539731 0.583812 0.538360 0.582837 0.536305 0.581619
0 0.810960 0.267298 0.838937 0.266890 0.839846 0.413294 0.875176 0.414344 0.875176 0.536965 0.833412 0.536965 0.833457 0.468021 0.809913 0.467938
0 0.942315 0.267696 0.967220 0.268435 0.966714 0.463511 0.944006 0.464971 0.945167 0.532993 0.905145 0.535057 0.904512 0.412732 0.941329 0.412283
0 0.553909 0.271199 0.583247 0.271598 0.584156 0.419614 0.621300 0.419858 0.621300 0.542480 0.579536 0.542480 0.578221 0.475955 0.554223 0.475872
0 0.293190 0.280513 0.317927 0.279950 0.317927 0.424278 0.357793 0.423716 0.357793 0.546337 0.316028 0.546337 0.315396 0.476589 0.292917 0.477152
0 0.167109 0.282343 0.193922 0.281157 0.196687 0.481787 0.175758 0.482199 0.175758 0.550221 0.131635 0.551269 0.131002 0.428944 0.167954 0.429060
0 0.425543 0.274539 0.453468 0.272746 0.457662 0.475515 0.433013 0.476974 0.433013 0.544997 0.391248 0.544997 0.390616 0.422671 0.427433 0.422223
0 0.689036 0.271083 0.719492 0.270338 0.719893 0.475284 0.696605 0.475131 0.696605 0.540734 0.653026 0.541540 0.652394 0.419215 0.689211 0.418767
0 0.040815 0.286802 0.064372 0.287288 0.065552 0.433713 0.103059 0.433151 0.103059 0.555772 0.061295 0.555772 0.060662 0.486024 0.039952 0.486587
