1 0.215494 0.527942 0.213628 0.532301 0.212852 0.537165 0.212809 0.541205 0.212951 0.545293 0.213972 0.547919 0.215245 0.550947 0.216651 0.553502 0.218245 0.554925 0.220237 0.556112 0.222457 0.555670 0.223853 0.554847 0.225781 0.553317 0.227179 0.551313 0.228532 0.549115 0.229398 0.545378 0.229828 0.541254 0.229587 0.536677 0.228871 0.532104 0.227532 0.529460 0.226051 0.527193 0.223747 0.524878 0.221442 0.524286 0.219329 0.524727 0.217719 0.525790
1 0.740944 0.640275 0.738038 0.640266 0.735323 0.641291 0.733480 0.643525 0.731985 0.646587 0.730858 0.650236 0.730194 0.654988 0.729841 0.659328 0.730109 0.662843 0.730648 0.666428 0.732060 0.669499 0.734557 0.672848 0.737229 0.675750 0.740136 0.675759 0.742714 0.674698 0.744848 0.672293 0.746459 0.669507 0.748265 0.666033 0.749335 0.661385 0.749727 0.656563 0.749188 0.652978 0.748649 0.649393 0.747489 0.646633 0.745922 0.643769 0.744644 0.642456 0.742708 0.640728
1 0.276595 0.534446 0.273688 0.534438 0.270974 0.535463 0.269131 0.537697 0.267636 0.540759 0.266508 0.544408 0.265845 0.549160 0.265492 0.553500 0.265760 0.557015 0.266299 0.560600 0.267711 0.563670 0.270208 0.567020 0.272880 0.569922 0.275787 0.569931 0.278365 0.568870 0.280499 0.566465 0.282110 0.563679 0.283916 0.560205 0.284986 0.555557 0.285378 0.550735 0.284839 0.547150 0.284300 0.543565 0.283140 0.540805 0.281573 0.537941 0.280295 0.536628 0.278359 0.534900
1 0.480630 0.581718 0.477723 0.581710 0.475009 0.582735 0.473165 0.584969 0.471670 0.588031 0.470543 0.591679 0.469879 0.596432 0.469526 0.600772 0.469794 0.604287 0.470334 0.607872 0.471745 0.610942 0.474242 0.614292 0.476914 0.617194 0.479821 0.617202 0.482399 0.616142 0.484533 0.613737 0.486145 0.610951 0.487950 0.607477 0.489020 0.602829 0.489413 0.598006 0.488873 0.594422 0.488334 0.590837 0.487174 0.588077 0.485607 0.585213 0.484329 0.583900 0.482393 0.582171
1 0.794106 0.652788 0.791199 0.652779 0.788485 0.653805 0.786642 0.656039 0.785146 0.659100 0.784019 0.662749 0.783356 0.667502 0.783003 0.671842 0.783271 0.675357 0.783810 0.678941 0.785222 0.682012 0.787719 0.685361 0.790390 0.688263 0.793297 0.688272 0.795876 0.687212 0.798010 0.684806 0.799621 0.682021 0.801427 0.678546 0.802497 0.673898 0.802889 0.669076 0.802350 0.665491 0.801810 0.661907 0.800650 0.659147 0.799083 0.656283 0.797805 0.654970 0.795869 0.653241
1 0.536468 0.592990 0.533561 0.592981 0.530847 0.594007 0.529003 0.596240 0.527508 0.599302 0.526381 0.602951 0.525717 0.607703 0.525364 0.612043 0.525632 0.615558 0.526172 0.619143 0.527584 0.622214 0.530080 0.625563 0.532752 0.628465 0.535659 0.628474 0.538237 0.627414 0.540372 0.625008 0.541983 0.622222 0.543788 0.618748 0.544859 0.614100 0.545251 0.609278 0.544712 0.605693 0.544172 0.602108 0.543012 0.599349 0.541445 0.596484 0.540167 0.595171 0.538231 0.593443
0 0.835588 0.355035 0.862348 0.362315 0.851783 0.509155 0.889039 0.518162 0.879170 0.639522 0.837835 0.628898 0.843429 0.560675 0.820134 0.554604
0 0.964448 0.387742 0.990897 0.394472 0.976362 0.589470 0.955117 0.585484 0.949445 0.652755 0.909668 0.644618 0.918887 0.523390 0.955361 0.532312
0 0.580035 0.292479 0.609039 0.300337 0.598025 0.447061 0.634768 0.456751 0.624899 0.578111 0.583564 0.567487 0.587616 0.501312 0.563872 0.495125
0 0.319224 0.232102 0.345996 0.238414 0.334758 0.387873 0.373362 0.397226 0.363492 0.518586 0.322158 0.507962 0.327145 0.438771 0.303955 0.433379
0 0.192312 0.205406 0.220421 0.209803 0.208546 0.412726 0.187799 0.407809 0.182324 0.475131 0.138571 0.464945 0.147790 0.343717 0.184353 0.353232
0 0.452262 0.264895 0.480044 0.270224 0.467874 0.471973 0.443361 0.467148 0.437886 0.534470 0.396552 0.523846 0.405771 0.402619 0.442245 0.411540
0 0.714669 0.325336 0.744872 0.332346 0.728774 0.535285 0.705738 0.529210 0.700458 0.594138 0.657262 0.583850 0.666482 0.462623 0.702956 0.471544
0 0.065417 0.179741 0.092479 0.184743 0.081861 0.329961 0.119028 0.338946 0.109159 0.460305 0.067824 0.449681 0.072811 0.380490 0.052270 0.375779
