1 0.771045 0.607789 0.772540 0.612578 0.772916 0.617590 0.772634 0.621600 0.772164 0.625609 0.770943 0.627948 0.769439 0.630621 0.767842 0.632793 0.766150 0.633795 0.764083 0.634463 0.761921 0.633461 0.760606 0.632292 0.758820 0.630287 0.757599 0.627948 0.756436 0.625428 0.755880 0.621509 0.755786 0.617319 0.756393 0.612850 0.757470 0.608506 0.759008 0.606230 0.760656 0.604363 0.763122 0.602658 0.765452 0.602658 0.767507 0.603632 0.769015 0.605094
1 0.249722 0.592476 0.252600 0.593207 0.255203 0.594912 0.256848 0.597592 0.258081 0.601003 0.258903 0.604901 0.259177 0.609773 0.259177 0.614158 0.258629 0.617569 0.257807 0.620980 0.256163 0.623659 0.253422 0.626339 0.250544 0.628532 0.247666 0.627801 0.245200 0.626096 0.243281 0.623172 0.241911 0.620005 0.240403 0.616107 0.239718 0.611235 0.239718 0.606362 0.240540 0.602952 0.241363 0.599541 0.242733 0.597105 0.244515 0.594669 0.245885 0.593694 0.247940 0.592476
1 0.710946 0.597870 0.713824 0.598601 0.716427 0.600307 0.718072 0.602986 0.719305 0.606397 0.720127 0.610295 0.720401 0.615167 0.720401 0.619552 0.719853 0.622963 0.719031 0.626374 0.717387 0.629054 0.714646 0.631733 0.711768 0.633926 0.708891 0.633195 0.706424 0.631490 0.704505 0.628566 0.703135 0.625399 0.701628 0.621501 0.700942 0.616629 0.700942 0.611757 0.701765 0.608346 0.702587 0.604935 0.703957 0.602499 0.705739 0.600063 0.707109 0.599088 0.709165 0.597870
1 0.506994 0.596158 0.509872 0.596889 0.512476 0.598595 0.514120 0.601274 0.515354 0.604685 0.516176 0.608583 0.516450 0.613455 0.516450 0.617840 0.515902 0.621251 0.515080 0.624662 0.513435 0.627342 0.510694 0.630021 0.507817 0.632214 0.504939 0.631483 0.502472 0.629778 0.500554 0.626854 0.499183 0.623687 0.497676 0.619789 0.496991 0.614917 0.496991 0.610045 0.497813 0.606634 0.498635 0.603223 0.500006 0.600787 0.501787 0.598351 0.503157 0.597376 0.505213 0.596158
1 0.196470 0.590578 0.199347 0.591309 0.201951 0.593015 0.203596 0.595694 0.204829 0.599105 0.205651 0.603003 0.205925 0.607875 0.205925 0.612260 0.205377 0.615671 0.204555 0.619082 0.202910 0.621762 0.200170 0.624441 0.197292 0.626634 0.194414 0.625903 0.191948 0.624198 0.190029 0.621274 0.188659 0.618107 0.187151 0.614209 0.186466 0.609337 0.186466 0.604465 0.187288 0.601054 0.188111 0.597643 0.189481 0.595207 0.191262 0.592771 0.192633 0.591796 0.194688 0.590578
1 0.452790 0.596278 0.455668 0.597009 0.458271 0.598715 0.459916 0.601394 0.461149 0.604805 0.461971 0.608703 0.462245 0.613575 0.462245 0.617961 0.461697 0.621371 0.460875 0.624782 0.459231 0.627462 0.456490 0.630142 0.453612 0.632334 0.450734 0.631603 0.448268 0.629898 0.446349 0.626974 0.444979 0.623807 0.443472 0.619910 0.442786 0.615037 0.442786 0.610165 0.443609 0.606754 0.444431 0.603343 0.445801 0.600907 0.447583 0.598471 0.448953 0.597497 0.451009 0.596278
0 0.176476 0.287147 0.149406 0.287546 0.149961 0.435562 0.112363 0.434999 0.112363 0.557621 0.154127 0.557621 0.154082 0.488677 0.177626 0.488594
0 0.049263 0.289882 0.022545 0.289815 0.022890 0.486504 0.044237 0.487964 0.044436 0.555986 0.084459 0.558050 0.085092 0.435725 0.048275 0.435276
0 0.434120 0.289041 0.404783 0.289440 0.403874 0.437456 0.366729 0.437700 0.366729 0.560321 0.408494 0.560321 0.409809 0.493796 0.433807 0.493713
0 0.691399 0.296059 0.665790 0.294876 0.664667 0.442554 0.625708 0.441992 0.625708 0.564613 0.667472 0.564613 0.668105 0.494865 0.691491 0.495427
0 0.817406 0.296581 0.789232 0.293782 0.784652 0.497637 0.805582 0.498049 0.805582 0.566071 0.849705 0.567119 0.850338 0.444794 0.813385 0.444910
0 0.558459 0.291101 0.530534 0.289308 0.527701 0.493689 0.552350 0.495149 0.552350 0.563171 0.594114 0.563171 0.594747 0.440846 0.556116 0.439591
0 0.299937 0.287684 0.269481 0.286939 0.269079 0.491885 0.292368 0.491732 0.292368 0.557335 0.335946 0.558141 0.336579 0.435816 0.299762 0.435368
0 0.941686 0.303899 0.915090 0.304063 0.915680 0.448391 0.878173 0.447828 0.878173 0.570450 0.919937 0.570450 0.920570 0.500702 0.941279 0.501264
