1 0.207202 0.525149 0.205364 0.529546 0.204620 0.534426 0.204603 0.538467 0.204772 0.542551 0.205809 0.545156 0.207102 0.548158 0.208524 0.550685 0.210127 0.552074 0.212127 0.553221 0.214344 0.552733 0.215734 0.551882 0.217653 0.550313 0.219037 0.548281 0.220377 0.546055 0.221218 0.542300 0.221622 0.538168 0.221351 0.533596 0.220606 0.529038 0.219249 0.526422 0.217754 0.524185 0.215435 0.521917 0.213126 0.521372 0.211016 0.521856 0.209414 0.522952
1 0.731516 0.632831 0.728610 0.632882 0.725902 0.633963 0.724074 0.636234 0.722598 0.639326 0.721494 0.642998 0.720862 0.647763 0.720537 0.652110 0.720828 0.655620 0.721390 0.659193 0.722821 0.662235 0.725340 0.665533 0.728030 0.668380 0.730937 0.668330 0.733508 0.667217 0.735627 0.664768 0.737220 0.661949 0.739003 0.658439 0.740043 0.653769 0.740404 0.648939 0.739842 0.645366 0.739279 0.641792 0.738101 0.639056 0.736516 0.636224 0.735230 0.634937 0.733282 0.633248
1 0.268282 0.531206 0.265375 0.531257 0.262668 0.532338 0.260839 0.534609 0.259364 0.537701 0.258260 0.541373 0.257627 0.546138 0.257302 0.550485 0.257593 0.553995 0.258155 0.557568 0.259587 0.560610 0.262105 0.563908 0.264795 0.566755 0.267702 0.566705 0.270274 0.565592 0.272392 0.563143 0.273985 0.560324 0.275768 0.556813 0.276809 0.552144 0.277170 0.547314 0.276607 0.543741 0.276045 0.540167 0.274867 0.537431 0.273281 0.534599 0.271995 0.533312 0.270048 0.531623
1 0.473519 0.578595 0.470612 0.578646 0.467905 0.579726 0.466076 0.581998 0.464601 0.585090 0.463497 0.588761 0.462864 0.593527 0.462539 0.597874 0.462830 0.601383 0.463392 0.604957 0.464824 0.607998 0.467342 0.611297 0.470032 0.614144 0.472939 0.614093 0.475511 0.612980 0.477629 0.610532 0.479222 0.607713 0.481005 0.604202 0.482045 0.599533 0.482406 0.594703 0.481844 0.591129 0.481282 0.587556 0.480104 0.584820 0.478518 0.581988 0.477232 0.580701 0.475285 0.579012
1 0.784546 0.642835 0.781639 0.642886 0.778932 0.643967 0.777103 0.646238 0.775628 0.649330 0.774524 0.653001 0.773891 0.657767 0.773566 0.662114 0.773857 0.665623 0.774419 0.669197 0.775851 0.672239 0.778369 0.675537 0.781059 0.678384 0.783966 0.678333 0.786538 0.677221 0.788656 0.674772 0.790249 0.671953 0.792032 0.668442 0.793072 0.663773 0.793433 0.658943 0.792871 0.655370 0.792309 0.651796 0.791131 0.649060 0.789545 0.646228 0.788259 0.644941 0.786312 0.643252
1 0.528175 0.588993 0.525268 0.589043 0.522561 0.590124 0.520732 0.592395 0.519257 0.595487 0.518153 0.599159 0.517520 0.603925 0.517196 0.608271 0.517486 0.611781 0.518049 0.615354 0.519480 0.618396 0.521998 0.621694 0.524689 0.624541 0.527595 0.624491 0.530167 0.623378 0.532285 0.620929 0.533878 0.618111 0.535661 0.614600 0.536702 0.609930 0.537063 0.605100 0.536500 0.601527 0.535938 0.597953 0.534760 0.595217 0.533175 0.592385 0.531888 0.591098 0.529941 0.589410
0 0.825492 0.342143 0.853256 0.348290 0.843309 0.493631 0.878254 0.502945 0.869168 0.624498 0.827768 0.614718 0.832921 0.546385 0.809588 0.540790
0 0.955673 0.373297 0.980306 0.379861 0.965351 0.573119 0.942733 0.569249 0.938844 0.636950 0.899017 0.629624 0.907453 0.508217 0.943983 0.516393
0 0.570392 0.285817 0.599445 0.293082 0.589378 0.440021 0.626181 0.448961 0.617096 0.570514 0.575695 0.560734 0.579321 0.494481 0.555538 0.488779
0 0.311255 0.233997 0.335817 0.239232 0.325124 0.382302 0.364684 0.391080 0.355599 0.512633 0.314198 0.502853 0.318739 0.433565 0.296414 0.428859
0 0.186137 0.206287 0.212804 0.211390 0.200680 0.410920 0.179902 0.406426 0.174862 0.473856 0.131046 0.464563 0.139482 0.343155 0.176104 0.351923
0 0.442897 0.259068 0.470712 0.263830 0.459845 0.465814 0.435302 0.461489 0.430262 0.528918 0.388862 0.519138 0.397298 0.397731 0.433828 0.405907
0 0.704350 0.317344 0.734596 0.323737 0.719809 0.526992 0.696735 0.521387 0.691874 0.586418 0.648615 0.577012 0.657051 0.455605 0.693581 0.463782
0 0.060612 0.181133 0.083928 0.187131 0.074249 0.332556 0.111471 0.340782 0.102385 0.462335 0.060985 0.452555 0.065525 0.383266 0.044955 0.378974
