1 0.205595 0.533293 0.203799 0.537743 0.203100 0.542644 0.203120 0.546684 0.203326 0.550764 0.204387 0.553338 0.205707 0.556301 0.207153 0.558786 0.208768 0.560129 0.210778 0.561217 0.212990 0.560665 0.214373 0.559774 0.216277 0.558149 0.217642 0.556076 0.218961 0.553812 0.219768 0.550033 0.220133 0.545890 0.219821 0.541327 0.219033 0.536791 0.217652 0.534214 0.216137 0.532022 0.213798 0.529822 0.211484 0.529343 0.209379 0.529890 0.207787 0.531032
1 0.731051 0.622338 0.728145 0.622473 0.725448 0.623633 0.723640 0.625957 0.722194 0.629092 0.721124 0.632795 0.720535 0.637579 0.720251 0.641935 0.720574 0.645435 0.721169 0.648992 0.722628 0.651991 0.725177 0.655215 0.727893 0.657984 0.730799 0.657849 0.733360 0.656661 0.735455 0.654151 0.737022 0.651286 0.738772 0.647724 0.739769 0.643024 0.740086 0.638185 0.739491 0.634628 0.738895 0.631071 0.737692 0.628370 0.736081 0.625585 0.734783 0.624336 0.732820 0.622704
1 0.266614 0.539238 0.263708 0.539373 0.261011 0.540533 0.259203 0.542857 0.257757 0.545992 0.256687 0.549695 0.256098 0.554479 0.255814 0.558834 0.256137 0.562335 0.256732 0.565891 0.258191 0.568891 0.260740 0.572115 0.263456 0.574884 0.266362 0.574748 0.268923 0.573561 0.271018 0.571051 0.272585 0.568186 0.274335 0.564624 0.275332 0.559924 0.275649 0.555085 0.275054 0.551528 0.274458 0.547971 0.273255 0.545270 0.271644 0.542485 0.270346 0.541235 0.268383 0.539604
1 0.471539 0.577105 0.468633 0.577241 0.465936 0.578400 0.464129 0.580724 0.462682 0.583859 0.461613 0.587562 0.461024 0.592346 0.460739 0.596702 0.461062 0.600202 0.461657 0.603759 0.463117 0.606758 0.465665 0.609982 0.468381 0.612751 0.471287 0.612616 0.473848 0.611428 0.475944 0.608918 0.477511 0.606053 0.479261 0.602491 0.480258 0.597792 0.480574 0.592952 0.479979 0.589395 0.479384 0.585839 0.478181 0.583137 0.476570 0.580352 0.475272 0.579103 0.473309 0.577471
1 0.784111 0.631629 0.781205 0.631765 0.778508 0.632924 0.776700 0.635249 0.775254 0.638383 0.774184 0.642087 0.773595 0.646870 0.773311 0.651226 0.773634 0.654726 0.774229 0.658283 0.775688 0.661282 0.778237 0.664507 0.780953 0.667275 0.783859 0.667140 0.786420 0.665952 0.788515 0.663442 0.790082 0.660577 0.791832 0.657015 0.792829 0.652316 0.793146 0.647476 0.792551 0.643919 0.791955 0.640363 0.790752 0.637662 0.789141 0.634876 0.787843 0.633627 0.785880 0.631995
1 0.526754 0.586005 0.523848 0.586140 0.521151 0.587300 0.519343 0.589624 0.517897 0.592759 0.516827 0.596462 0.516238 0.601246 0.515954 0.605601 0.516277 0.609102 0.516872 0.612658 0.518331 0.615658 0.520880 0.618882 0.523596 0.621651 0.526502 0.621515 0.529063 0.620328 0.531158 0.617818 0.532725 0.614953 0.534475 0.611391 0.535472 0.606691 0.535789 0.601852 0.535194 0.598295 0.534598 0.594738 0.533395 0.592037 0.531784 0.589252 0.530486 0.588002 0.528523 0.586371
0 0.823993 0.332676 0.851809 0.338013 0.843204 0.483624 0.878230 0.491918 0.870267 0.613720 0.828782 0.605148 0.833304 0.536674 0.809923 0.531760
0 0.954443 0.360031 0.979133 0.365876 0.965963 0.559544 0.943312 0.556333 0.940048 0.624139 0.900159 0.617975 0.907474 0.496338 0.944074 0.503449
0 0.565648 0.283224 0.594763 0.289641 0.586054 0.436854 0.622934 0.444720 0.614971 0.566521 0.573486 0.557949 0.576500 0.491599 0.552668 0.486591
0 0.306719 0.236355 0.332761 0.242542 0.322362 0.389809 0.361998 0.397432 0.354035 0.519233 0.312550 0.510662 0.316450 0.441250 0.293006 0.437597
0 0.178317 0.211667 0.206462 0.217661 0.197437 0.421892 0.176621 0.418005 0.172203 0.485572 0.128307 0.477558 0.135622 0.355921 0.172320 0.363620
0 0.439071 0.261804 0.466926 0.265754 0.457923 0.468028 0.433345 0.464419 0.428927 0.531986 0.387442 0.523414 0.394757 0.401777 0.431357 0.408888
0 0.699985 0.309206 0.730286 0.314717 0.717375 0.518375 0.694253 0.513443 0.689993 0.578608 0.646653 0.570464 0.653968 0.448827 0.690568 0.455938
0 0.057730 0.193984 0.081099 0.199302 0.072761 0.344990 0.110054 0.352129 0.102091 0.473931 0.060606 0.465359 0.064507 0.395947 0.043899 0.392256
