1 0.217121 0.590993 0.215625 0.595782 0.215249 0.600794 0.215531 0.604804 0.216001 0.608813 0.217223 0.611152 0.218726 0.613825 0.220324 0.615997 0.222015 0.616999 0.224083 0.617668 0.226244 0.616665 0.227560 0.615496 0.229345 0.613491 0.230567 0.611152 0.231730 0.608632 0.232286 0.604713 0.232380 0.600523 0.231773 0.596054 0.230696 0.591710 0.229157 0.589434 0.227510 0.587567 0.225043 0.585862 0.222714 0.585862 0.220658 0.586837 0.219151 0.588298
1 0.744630 0.581734 0.741752 0.582465 0.739149 0.584170 0.737504 0.586850 0.736271 0.590260 0.735449 0.594158 0.735175 0.599031 0.735175 0.603416 0.735723 0.606826 0.736545 0.610237 0.738189 0.612917 0.740930 0.615597 0.743808 0.617789 0.746686 0.617058 0.749152 0.615353 0.751071 0.612430 0.752441 0.609263 0.753948 0.605365 0.754634 0.600492 0.754634 0.595620 0.753811 0.592209 0.752989 0.588799 0.751619 0.586362 0.749837 0.583926 0.748467 0.582952 0.746412 0.581734
1 0.278310 0.583280 0.275433 0.584011 0.272829 0.585716 0.271184 0.588396 0.269951 0.591806 0.269129 0.595704 0.268855 0.600577 0.268855 0.604962 0.269403 0.608372 0.270225 0.611783 0.271870 0.614463 0.274610 0.617143 0.277488 0.619335 0.280366 0.618604 0.282833 0.616899 0.284751 0.613976 0.286121 0.610809 0.287629 0.606911 0.288314 0.602038 0.288314 0.597166 0.287492 0.593755 0.286670 0.590345 0.285299 0.587908 0.283518 0.585472 0.282147 0.584498 0.280092 0.583280
1 0.483857 0.580603 0.480979 0.581334 0.478376 0.583039 0.476731 0.585719 0.475498 0.589130 0.474676 0.593028 0.474402 0.597900 0.474402 0.602285 0.474950 0.605696 0.475772 0.609106 0.477416 0.611786 0.480157 0.614466 0.483035 0.616659 0.485913 0.615928 0.488379 0.614222 0.490298 0.611299 0.491668 0.608132 0.493175 0.604234 0.493861 0.599362 0.493861 0.594489 0.493038 0.591079 0.492216 0.587668 0.490846 0.585232 0.489064 0.582796 0.487694 0.581821 0.485638 0.580603
1 0.800213 0.576765 0.797336 0.577496 0.794732 0.579201 0.793088 0.581881 0.791854 0.585292 0.791032 0.589189 0.790758 0.594062 0.790758 0.598447 0.791306 0.601858 0.792128 0.605268 0.793773 0.607948 0.796514 0.610628 0.799391 0.612821 0.802269 0.612090 0.804736 0.610384 0.806654 0.607461 0.808025 0.604294 0.809532 0.600396 0.810217 0.595524 0.810217 0.590651 0.809395 0.587241 0.808573 0.583830 0.807202 0.581394 0.805421 0.578957 0.804050 0.577983 0.801995 0.576765
1 0.541196 0.579994 0.538318 0.580725 0.535714 0.582430 0.534070 0.585110 0.532837 0.588521 0.532014 0.592419 0.531740 0.597291 0.531740 0.601676 0.532289 0.605087 0.533111 0.608497 0.534755 0.611177 0.537496 0.613857 0.540374 0.616050 0.543251 0.615319 0.545718 0.613613 0.547637 0.610690 0.549007 0.607523 0.550514 0.603625 0.551199 0.598753 0.551199 0.593880 0.550377 0.590470 0.549555 0.587059 0.548185 0.584623 0.546403 0.582187 0.545033 0.581212 0.542977 0.579994
0 0.820376 0.268649 0.847446 0.269048 0.846891 0.417064 0.884489 0.416502 0.884489 0.539123 0.842725 0.539123 0.842770 0.470179 0.819226 0.470096
0 0.947421 0.271171 0.974140 0.271103 0.975449 0.467792 0.954102 0.469252 0.953902 0.537274 0.913879 0.539338 0.913247 0.417013 0.950064 0.416564
0 0.560559 0.270949 0.589897 0.271348 0.590805 0.419364 0.627950 0.419608 0.627950 0.542230 0.586185 0.542230 0.584870 0.475705 0.560872 0.475622
0 0.297254 0.275118 0.324259 0.274556 0.325166 0.425335 0.364125 0.424772 0.364125 0.547394 0.322361 0.547394 0.321728 0.477646 0.298342 0.478208
0 0.169636 0.280174 0.197809 0.277375 0.202389 0.481231 0.181460 0.481642 0.181460 0.549664 0.137337 0.550713 0.136704 0.428387 0.173656 0.428504
0 0.432470 0.273733 0.460395 0.271940 0.463227 0.476321 0.438578 0.477781 0.438578 0.545803 0.396814 0.545803 0.396181 0.423478 0.434812 0.422223
0 0.695091 0.270833 0.725547 0.270088 0.725949 0.475034 0.702661 0.474881 0.702661 0.540484 0.659082 0.541290 0.658449 0.418965 0.695266 0.418517
0 0.042298 0.287536 0.069484 0.285603 0.070664 0.432028 0.108171 0.431465 0.108171 0.554087 0.066407 0.554087 0.065774 0.484339 0.045064 0.484901
