1 0.228941 0.652877 0.227766 0.657941 0.227718 0.662996 0.228258 0.666921 0.228985 0.670807 0.230350 0.672880 0.232017 0.675227 0.233745 0.677057 0.235490 0.677705 0.237587 0.677945 0.239669 0.676506 0.240900 0.675075 0.242543 0.672717 0.243605 0.670144 0.244597 0.667402 0.244895 0.663395 0.244716 0.659214 0.243823 0.654899 0.242472 0.650805 0.240796 0.648860 0.239038 0.647343 0.236477 0.646155 0.234163 0.646633 0.232185 0.648022 0.230782 0.649783
1 0.752551 0.527488 0.749740 0.528804 0.747265 0.531032 0.745805 0.534031 0.744801 0.537672 0.744237 0.541712 0.744281 0.546608 0.744566 0.550964 0.745332 0.554240 0.746370 0.557459 0.748177 0.559784 0.751073 0.561884 0.754074 0.563471 0.756885 0.562155 0.759225 0.559955 0.760941 0.556658 0.762096 0.553231 0.763341 0.549050 0.763705 0.544070 0.763389 0.539230 0.762351 0.536011 0.761313 0.532791 0.759794 0.530652 0.757866 0.528598 0.756442 0.527911 0.754321 0.527122
1 0.288399 0.631508 0.285588 0.632824 0.283112 0.635052 0.281652 0.638052 0.280649 0.641692 0.280085 0.645733 0.280129 0.650629 0.280413 0.654985 0.281179 0.658260 0.282217 0.661480 0.284024 0.663804 0.286921 0.665904 0.289922 0.667492 0.292733 0.666176 0.295072 0.663976 0.296788 0.660679 0.297944 0.657252 0.299188 0.653071 0.299553 0.648090 0.299237 0.643250 0.298199 0.640031 0.297161 0.636812 0.295641 0.634673 0.293714 0.632618 0.292289 0.631931 0.290168 0.631143
1 0.492485 0.588008 0.489674 0.589324 0.487198 0.591552 0.485739 0.594551 0.484735 0.598192 0.484171 0.602232 0.484215 0.607128 0.484500 0.611484 0.485266 0.614760 0.486304 0.617979 0.488111 0.620304 0.491007 0.622404 0.494008 0.623991 0.496819 0.622675 0.499159 0.620475 0.500875 0.617178 0.502030 0.613751 0.503275 0.609570 0.503639 0.604590 0.503323 0.599750 0.502285 0.596531 0.501247 0.593311 0.499728 0.591172 0.497800 0.589118 0.496376 0.588431 0.494255 0.587642
1 0.806224 0.515389 0.803413 0.516705 0.800937 0.518933 0.799478 0.521932 0.798474 0.525573 0.797910 0.529613 0.797954 0.534509 0.798239 0.538865 0.799004 0.542140 0.800042 0.545360 0.801850 0.547684 0.804746 0.549784 0.807747 0.551372 0.810558 0.550056 0.812897 0.547856 0.814613 0.544559 0.815769 0.541132 0.817014 0.536951 0.817378 0.531971 0.817062 0.527131 0.816024 0.523911 0.814986 0.520692 0.813467 0.518553 0.811539 0.516499 0.810114 0.515812 0.807994 0.515023
1 0.548494 0.573176 0.545682 0.574492 0.543207 0.576720 0.541747 0.579719 0.540743 0.583360 0.540180 0.587400 0.540224 0.592296 0.540508 0.596652 0.541274 0.599928 0.542312 0.603147 0.544119 0.605472 0.547016 0.607572 0.550016 0.609159 0.552828 0.607843 0.555167 0.605644 0.556883 0.602346 0.558039 0.598919 0.559283 0.594738 0.559648 0.589758 0.559331 0.584918 0.558293 0.581699 0.557255 0.578479 0.555736 0.576341 0.553808 0.574286 0.552384 0.573599 0.550263 0.572811
0 0.804921 0.208046 0.831836 0.202891 0.840889 0.350033 0.878200 0.341764 0.886156 0.463566 0.844671 0.472131 0.840242 0.403638 0.816850 0.408384
0 0.934286 0.182576 0.960822 0.177030 0.973241 0.372477 0.952131 0.378304 0.956346 0.445913 0.916725 0.456171 0.908159 0.334792 0.944701 0.326797
0 0.547626 0.262180 0.576794 0.256559 0.587301 0.403401 0.624213 0.396026 0.632170 0.517829 0.590684 0.526393 0.585061 0.460582 0.561218 0.465421
0 0.288974 0.321395 0.315762 0.315298 0.325275 0.465126 0.363937 0.456578 0.371894 0.578381 0.330408 0.586946 0.325254 0.517793 0.302060 0.523148
0 0.161432 0.353871 0.189236 0.345313 0.207012 0.546869 0.186249 0.551570 0.190663 0.619138 0.146902 0.629227 0.138337 0.507848 0.175050 0.500386
0 0.418239 0.289092 0.445861 0.281584 0.461936 0.484020 0.437547 0.490525 0.441960 0.558093 0.400475 0.566658 0.391909 0.445279 0.430201 0.436110
0 0.681253 0.234475 0.711457 0.227490 0.725154 0.430985 0.702012 0.435609 0.706268 0.500774 0.663033 0.510511 0.654467 0.389133 0.691009 0.381137
0 0.037561 0.383690 0.063990 0.378398 0.072770 0.521884 0.109990 0.513633 0.117947 0.635436 0.076461 0.644001 0.071307 0.574848 0.050772 0.579654
