1 0.199749 0.542250 0.198008 0.546768 0.197369 0.551695 0.197438 0.555734 0.197694 0.559804 0.198787 0.562337 0.200143 0.565249 0.201619 0.567677 0.203250 0.568957 0.205273 0.569967 0.207478 0.569330 0.208849 0.568385 0.210733 0.566687 0.212072 0.564562 0.213363 0.562247 0.214123 0.558438 0.214438 0.554282 0.214070 0.549731 0.213227 0.545227 0.211815 0.542704 0.210273 0.540571 0.207907 0.538462 0.205588 0.538074 0.203490 0.538701 0.201912 0.539905
1 0.726214 0.610111 0.723311 0.610359 0.720629 0.611623 0.718850 0.614017 0.717442 0.617207 0.716418 0.620950 0.715888 0.625755 0.715657 0.630121 0.716022 0.633608 0.716661 0.637141 0.718157 0.640083 0.720744 0.643208 0.723494 0.645871 0.726397 0.645623 0.728943 0.644337 0.731007 0.641746 0.732539 0.638822 0.734245 0.635192 0.735184 0.630456 0.735441 0.625605 0.734803 0.622072 0.734164 0.618539 0.732928 0.615885 0.731283 0.613163 0.729970 0.611964 0.727988 0.610408
1 0.260843 0.545516 0.257939 0.545764 0.255257 0.547027 0.253479 0.549421 0.252071 0.552611 0.251047 0.556355 0.250517 0.561160 0.250285 0.565526 0.250651 0.569013 0.251290 0.572546 0.252785 0.575488 0.255373 0.578613 0.258122 0.581276 0.261026 0.581028 0.263571 0.579741 0.265636 0.577151 0.267167 0.574226 0.268873 0.570597 0.269813 0.565860 0.270070 0.561009 0.269431 0.557477 0.268793 0.553944 0.267557 0.551290 0.265912 0.548567 0.264599 0.547369 0.262617 0.545813
1 0.466598 0.574362 0.463694 0.574609 0.461012 0.575873 0.459234 0.578267 0.457826 0.581457 0.456802 0.585200 0.456272 0.590006 0.456040 0.594371 0.456406 0.597859 0.457045 0.601391 0.458541 0.604333 0.461128 0.607458 0.463877 0.610121 0.466781 0.609873 0.469327 0.608587 0.471391 0.605996 0.472922 0.603072 0.474629 0.599442 0.475568 0.594706 0.475825 0.589855 0.475186 0.586322 0.474548 0.582789 0.473312 0.580135 0.471667 0.577413 0.470354 0.576214 0.468372 0.574659
1 0.781126 0.617849 0.778222 0.618097 0.775540 0.619361 0.773762 0.621755 0.772354 0.624945 0.771329 0.628688 0.770800 0.633493 0.770568 0.637859 0.770934 0.641346 0.771573 0.644879 0.773068 0.647821 0.775656 0.650946 0.778405 0.653609 0.781309 0.653361 0.783854 0.652075 0.785919 0.649484 0.787450 0.646559 0.789156 0.642930 0.790096 0.638193 0.790353 0.633343 0.789714 0.629810 0.789075 0.626277 0.787840 0.623623 0.786195 0.620901 0.784882 0.619702 0.782900 0.618146
1 0.521953 0.582499 0.519049 0.582747 0.516367 0.584010 0.514589 0.586404 0.513181 0.589594 0.512157 0.593338 0.511627 0.598143 0.511395 0.602509 0.511761 0.605996 0.512400 0.609529 0.513896 0.612471 0.516483 0.615596 0.519232 0.618259 0.522136 0.618011 0.524682 0.616724 0.526746 0.614134 0.528277 0.611209 0.529984 0.607580 0.530923 0.602843 0.531180 0.597992 0.530541 0.594459 0.529903 0.590927 0.528667 0.588273 0.527022 0.585550 0.525709 0.584352 0.523727 0.582796
0 0.815059 0.318479 0.842074 0.321784 0.833814 0.469072 0.873534 0.475160 0.867065 0.597240 0.825484 0.590276 0.829167 0.521644 0.805731 0.517635
0 0.946874 0.337967 0.968920 0.342402 0.960834 0.536988 0.938149 0.534655 0.935717 0.602570 0.895761 0.597952 0.901585 0.476060 0.938264 0.481753
0 0.556323 0.278259 0.583337 0.281564 0.575078 0.428852 0.614797 0.434940 0.608328 0.557021 0.566747 0.550057 0.570430 0.481424 0.546994 0.477415
0 0.297509 0.246994 0.322166 0.250559 0.314551 0.394251 0.354271 0.400339 0.347802 0.522419 0.306221 0.515455 0.309271 0.445909 0.286862 0.442721
0 0.169108 0.225472 0.195364 0.227502 0.190888 0.430986 0.167625 0.428556 0.164036 0.496278 0.122456 0.489314 0.128280 0.367422 0.164958 0.373115
0 0.429314 0.261701 0.455037 0.262589 0.449332 0.466920 0.426069 0.464490 0.422480 0.532212 0.380900 0.525248 0.386724 0.403356 0.423403 0.409049
0 0.692684 0.300552 0.719517 0.302679 0.710995 0.505485 0.687733 0.503055 0.684144 0.570777 0.642564 0.563812 0.648388 0.441921 0.685066 0.447614
0 0.046232 0.213015 0.069128 0.216285 0.061513 0.359977 0.101233 0.366064 0.094763 0.488145 0.053183 0.481181 0.056233 0.411635 0.035585 0.408742
