1 0.219282 0.404409 0.217786 0.399620 0.217410 0.394609 0.217692 0.390599 0.218162 0.386590 0.219384 0.384251 0.220887 0.381578 0.222485 0.379406 0.224176 0.378404 0.226244 0.377735 0.228405 0.378738 0.229721 0.379907 0.231506 0.381912 0.232728 0.384251 0.233891 0.386771 0.234447 0.390690 0.234541 0.394880 0.233934 0.399349 0.232857 0.403692 0.231318 0.405969 0.229671 0.407835 0.227204 0.409541 0.224875 0.409541 0.222819 0.408566 0.221312 0.407105
1 0.747007 0.424637 0.744129 0.423906 0.741525 0.422200 0.739881 0.419521 0.738647 0.416110 0.737825 0.412212 0.737551 0.407340 0.737551 0.402955 0.738099 0.399544 0.738922 0.396133 0.740566 0.393453 0.743307 0.390774 0.746184 0.388581 0.749062 0.389312 0.751529 0.391017 0.753447 0.393941 0.754818 0.397108 0.756325 0.401006 0.757010 0.405878 0.757010 0.410750 0.756188 0.414161 0.755366 0.417572 0.753995 0.420008 0.752214 0.422444 0.750844 0.423419 0.748788 0.424637
1 0.279689 0.413756 0.276811 0.413025 0.274208 0.411320 0.272563 0.408640 0.271330 0.405230 0.270508 0.401332 0.270234 0.396459 0.270234 0.392074 0.270782 0.388663 0.271604 0.385253 0.273248 0.382573 0.275989 0.379893 0.278867 0.377701 0.281745 0.378431 0.284211 0.380137 0.286130 0.383060 0.287500 0.386227 0.289007 0.390125 0.289693 0.394998 0.289693 0.399870 0.288870 0.403281 0.288048 0.406691 0.286678 0.409127 0.284896 0.411564 0.283526 0.412538 0.281470 0.413756
1 0.486649 0.419034 0.483771 0.418303 0.481167 0.416597 0.479523 0.413918 0.478289 0.410507 0.477467 0.406609 0.477193 0.401737 0.477193 0.397351 0.477741 0.393941 0.478564 0.390530 0.480208 0.387850 0.482949 0.385170 0.485826 0.382978 0.488704 0.383709 0.491171 0.385414 0.493089 0.388338 0.494460 0.391505 0.495967 0.395402 0.496652 0.400275 0.496652 0.405147 0.495830 0.408558 0.495008 0.411969 0.493637 0.414405 0.491856 0.416841 0.490486 0.417815 0.488430 0.419034
1 0.801495 0.426089 0.798617 0.425359 0.796013 0.423653 0.794369 0.420973 0.793135 0.417563 0.792313 0.413665 0.792039 0.408793 0.792039 0.404407 0.792587 0.400997 0.793409 0.397586 0.795054 0.394906 0.797795 0.392226 0.800672 0.390034 0.803550 0.390765 0.806017 0.392470 0.807935 0.395393 0.809306 0.398561 0.810813 0.402458 0.811498 0.407331 0.811498 0.412203 0.810676 0.415614 0.809854 0.419025 0.808483 0.421461 0.806702 0.423897 0.805332 0.424871 0.803276 0.426089
1 0.542779 0.419429 0.539901 0.418698 0.537297 0.416993 0.535653 0.414313 0.534419 0.410902 0.533597 0.407004 0.533323 0.402132 0.533323 0.397747 0.533871 0.394336 0.534693 0.390925 0.536338 0.388246 0.539079 0.385566 0.541956 0.383373 0.544834 0.384104 0.547301 0.385810 0.549219 0.388733 0.550590 0.391900 0.552097 0.395798 0.552782 0.400670 0.552782 0.405543 0.551960 0.408953 0.551138 0.412364 0.549767 0.414800 0.547986 0.417236 0.546616 0.418211 0.544560 0.419429
0 0.820159 0.732702 0.848136 0.733110 0.849045 0.586706 0.884375 0.585656 0.884375 0.463035 0.842610 0.463035 0.842656 0.531979 0.819112 0.532062
0 0.942315 0.732304 0.967220 0.731565 0.966714 0.536489 0.944006 0.535029 0.945167 0.467007 0.905145 0.464943 0.904512 0.587268 0.941329 0.587717
0 0.560985 0.729849 0.590323 0.729450 0.591232 0.581434 0.628376 0.581190 0.628376 0.458569 0.586612 0.458569 0.585296 0.525094 0.561299 0.525177
0 0.298497 0.722632 0.326182 0.723195 0.326772 0.573625 0.366048 0.574187 0.366048 0.451566 0.324284 0.451566 0.323651 0.521314 0.299993 0.519703
0 0.171827 0.718705 0.200998 0.719891 0.204943 0.516116 0.184013 0.515705 0.184013 0.447683 0.139890 0.446634 0.139257 0.568960 0.176210 0.568844
0 0.433799 0.723364 0.461724 0.725157 0.465917 0.522389 0.441268 0.520929 0.441268 0.452907 0.399504 0.452907 0.398871 0.575232 0.435688 0.575681
0 0.696112 0.731014 0.726568 0.731758 0.726969 0.526812 0.703681 0.526966 0.703681 0.461363 0.660102 0.460556 0.659470 0.582881 0.696287 0.583330
0 0.048481 0.712149 0.070269 0.712712 0.072628 0.564190 0.110135 0.564753 0.110135 0.442131 0.068371 0.442131 0.067738 0.511879 0.047028 0.511317
