1 0.220831 0.596270 0.219335 0.601059 0.218959 0.606071 0.219241 0.610080 0.219711 0.614090 0.220933 0.616428 0.222436 0.619101 0.224034 0.621273 0.225725 0.622276 0.227793 0.622944 0.229954 0.621941 0.231269 0.620772 0.233055 0.618767 0.234277 0.616428 0.235439 0.613908 0.235995 0.609990 0.236089 0.605799 0.235483 0.601330 0.234406 0.596987 0.232867 0.594710 0.231220 0.592844 0.228753 0.591138 0.226423 0.591138 0.224368 0.592113 0.222860 0.593574
1 0.749082 0.579096 0.746204 0.579826 0.743600 0.581532 0.741956 0.584212 0.740723 0.587622 0.739900 0.591520 0.739626 0.596393 0.739626 0.600778 0.740175 0.604188 0.740997 0.607599 0.742641 0.610279 0.745382 0.612959 0.748260 0.615151 0.751137 0.614420 0.753604 0.612715 0.755523 0.609792 0.756893 0.606625 0.758400 0.602727 0.759085 0.597854 0.759085 0.592982 0.758263 0.589571 0.757441 0.586161 0.756071 0.583724 0.754289 0.581288 0.752919 0.580314 0.750863 0.579096
1 0.281278 0.587237 0.278400 0.587968 0.275797 0.589673 0.274152 0.592353 0.272919 0.595764 0.272097 0.599661 0.271823 0.604534 0.271823 0.608919 0.272371 0.612330 0.273193 0.615740 0.274838 0.618420 0.277578 0.621100 0.280456 0.623293 0.283334 0.622562 0.285800 0.620856 0.287719 0.617933 0.289089 0.614766 0.290597 0.610868 0.291282 0.605996 0.291282 0.601123 0.290460 0.597713 0.289637 0.594302 0.288267 0.591866 0.286486 0.589429 0.285115 0.588455 0.283060 0.587237
1 0.486825 0.585879 0.483947 0.586610 0.481343 0.588315 0.479699 0.590995 0.478466 0.594406 0.477643 0.598304 0.477369 0.603176 0.477369 0.607561 0.477918 0.610972 0.478740 0.614383 0.480384 0.617062 0.483125 0.619742 0.486003 0.621935 0.488880 0.621204 0.491347 0.619499 0.493266 0.616575 0.494636 0.613408 0.496143 0.609510 0.496828 0.604638 0.496828 0.599766 0.496006 0.596355 0.495184 0.592944 0.493814 0.590508 0.492032 0.588072 0.490662 0.587097 0.488606 0.585879
1 0.803181 0.578084 0.800304 0.578815 0.797700 0.580520 0.796055 0.583200 0.794822 0.586611 0.794000 0.590509 0.793726 0.595381 0.793726 0.599766 0.794274 0.603177 0.795096 0.606587 0.796741 0.609267 0.799481 0.611947 0.802359 0.614140 0.805237 0.613409 0.807704 0.611703 0.809622 0.608780 0.810992 0.605613 0.812500 0.601715 0.813185 0.596843 0.813185 0.591970 0.812363 0.588560 0.811541 0.585149 0.810170 0.582713 0.808389 0.580277 0.807018 0.579302 0.804963 0.578084
1 0.543422 0.582632 0.540544 0.583363 0.537940 0.585068 0.536296 0.587748 0.535063 0.591159 0.534240 0.595057 0.533966 0.599929 0.533966 0.604314 0.534514 0.607725 0.535337 0.611136 0.536981 0.613815 0.539722 0.616495 0.542600 0.618688 0.545477 0.617957 0.547944 0.616252 0.549862 0.613328 0.551233 0.610161 0.552740 0.606263 0.553425 0.601391 0.553425 0.596518 0.552603 0.593108 0.551781 0.589697 0.550411 0.587261 0.548629 0.584825 0.547259 0.583850 0.545203 0.582632
0 0.821830 0.272526 0.848899 0.272925 0.848345 0.420941 0.885943 0.420378 0.885943 0.543000 0.844178 0.543000 0.844224 0.474056 0.820680 0.473973
0 0.951983 0.273755 0.978702 0.273688 0.978356 0.470377 0.957009 0.471836 0.956810 0.539858 0.916787 0.541922 0.916154 0.419597 0.952971 0.419149
0 0.562739 0.273534 0.592077 0.273933 0.592986 0.421949 0.630130 0.422193 0.630130 0.544814 0.588366 0.544814 0.587051 0.478289 0.563053 0.478206
0 0.301972 0.279311 0.328976 0.278749 0.328704 0.429528 0.367663 0.428965 0.367663 0.551587 0.325898 0.551587 0.325266 0.481839 0.301880 0.482401
0 0.173174 0.285416 0.201347 0.282617 0.205927 0.486472 0.184998 0.486884 0.184998 0.554906 0.140874 0.555954 0.140242 0.433629 0.177194 0.433745
0 0.432470 0.273733 0.460395 0.271940 0.463227 0.476321 0.438578 0.477781 0.438578 0.545803 0.396814 0.545803 0.396181 0.423478 0.434812 0.422223
0 0.697272 0.273417 0.727728 0.272673 0.728129 0.477619 0.704841 0.477465 0.704841 0.543068 0.661262 0.543875 0.660630 0.421550 0.697447 0.421101
0 0.048195 0.289633 0.074791 0.289796 0.074202 0.434124 0.111709 0.433562 0.111709 0.556183 0.069945 0.556183 0.069312 0.486435 0.048602 0.486998
