1 0.228955 0.392211 0.227460 0.387422 0.227084 0.382410 0.227366 0.378400 0.227836 0.374391 0.229057 0.372052 0.230561 0.369379 0.232158 0.367207 0.233850 0.366205 0.235917 0.365537 0.238079 0.366539 0.239394 0.367708 0.241180 0.369713 0.242401 0.372052 0.243564 0.374572 0.244120 0.378491 0.244214 0.382681 0.243607 0.387150 0.242530 0.391494 0.240992 0.393770 0.239344 0.395637 0.236878 0.397342 0.234548 0.397342 0.232493 0.396368 0.230985 0.394906
1 0.750278 0.407524 0.747400 0.406793 0.744797 0.405088 0.743152 0.402408 0.741919 0.398997 0.741097 0.395099 0.740823 0.390227 0.740823 0.385842 0.741371 0.382431 0.742193 0.379020 0.743837 0.376341 0.746578 0.373661 0.749456 0.371468 0.752334 0.372199 0.754800 0.373904 0.756719 0.376828 0.758089 0.379995 0.759597 0.383893 0.760282 0.388765 0.760282 0.393638 0.759460 0.397048 0.758637 0.400459 0.757267 0.402895 0.755485 0.405331 0.754115 0.406306 0.752060 0.407524
1 0.289054 0.402130 0.286176 0.401399 0.283573 0.399693 0.281928 0.397014 0.280695 0.393603 0.279873 0.389705 0.279599 0.384833 0.279599 0.380448 0.280147 0.377037 0.280969 0.373626 0.282613 0.370946 0.285354 0.368267 0.288232 0.366074 0.291109 0.366805 0.293576 0.368510 0.295495 0.371434 0.296865 0.374601 0.298372 0.378499 0.299058 0.383371 0.299058 0.388243 0.298235 0.391654 0.297413 0.395065 0.296043 0.397501 0.294261 0.399937 0.292891 0.400912 0.290835 0.402130
1 0.493006 0.403842 0.490128 0.403111 0.487524 0.401405 0.485880 0.398726 0.484646 0.395315 0.483824 0.391417 0.483550 0.386545 0.483550 0.382160 0.484098 0.378749 0.484920 0.375338 0.486565 0.372658 0.489306 0.369979 0.492183 0.367786 0.495061 0.368517 0.497528 0.370222 0.499446 0.373146 0.500817 0.376313 0.502324 0.380211 0.503009 0.385083 0.503009 0.389955 0.502187 0.393366 0.501365 0.396777 0.499994 0.399213 0.498213 0.401649 0.496843 0.402624 0.494787 0.403842
1 0.803530 0.409422 0.800653 0.408691 0.798049 0.406985 0.796404 0.404306 0.795171 0.400895 0.794349 0.396997 0.794075 0.392125 0.794075 0.387740 0.794623 0.384329 0.795445 0.380918 0.797090 0.378238 0.799830 0.375559 0.802708 0.373366 0.805586 0.374097 0.808052 0.375802 0.809971 0.378726 0.811341 0.381893 0.812849 0.385791 0.813534 0.390663 0.813534 0.395535 0.812712 0.398946 0.811889 0.402357 0.810519 0.404793 0.808738 0.407229 0.807367 0.408204 0.805312 0.409422
1 0.547210 0.403722 0.544332 0.402991 0.541729 0.401285 0.540084 0.398606 0.538851 0.395195 0.538029 0.391297 0.537755 0.386425 0.537755 0.382039 0.538303 0.378629 0.539125 0.375218 0.540769 0.372538 0.543510 0.369858 0.546388 0.367666 0.549266 0.368397 0.551732 0.370102 0.553651 0.373026 0.555021 0.376193 0.556528 0.380090 0.557214 0.384963 0.557214 0.389835 0.556391 0.393246 0.555569 0.396657 0.554199 0.399093 0.552417 0.401529 0.551047 0.402503 0.548991 0.403722
0 0.823524 0.712853 0.850594 0.712454 0.850039 0.564438 0.887637 0.565001 0.887637 0.442379 0.845873 0.442379 0.845918 0.511323 0.822374 0.511406
0 0.950737 0.710118 0.977455 0.710185 0.977110 0.513496 0.955763 0.512036 0.955564 0.444014 0.915541 0.441950 0.914908 0.564275 0.951725 0.564724
0 0.565880 0.710959 0.595217 0.710560 0.596126 0.562544 0.633271 0.562300 0.633271 0.439679 0.591506 0.439679 0.590191 0.506204 0.566193 0.506287
0 0.308601 0.703941 0.334210 0.705124 0.335333 0.557446 0.374292 0.558008 0.374292 0.435387 0.332528 0.435387 0.331895 0.505135 0.308509 0.504573
0 0.182594 0.703419 0.210768 0.706218 0.215348 0.502363 0.194418 0.501951 0.194418 0.433929 0.150295 0.432881 0.149662 0.555206 0.186615 0.555090
0 0.441541 0.708899 0.469466 0.710692 0.472299 0.506311 0.447650 0.504851 0.447650 0.436829 0.405886 0.436829 0.405253 0.559154 0.443884 0.560409
0 0.700063 0.712316 0.730519 0.713061 0.730921 0.508115 0.707632 0.508268 0.707632 0.442665 0.664054 0.441859 0.663421 0.564184 0.700238 0.564632
0 0.058314 0.696101 0.084910 0.695937 0.084320 0.551609 0.121827 0.552172 0.121827 0.429550 0.080063 0.429550 0.079430 0.499298 0.058721 0.498736
