1 0.213098 0.532187 0.211301 0.536636 0.210601 0.541537 0.210620 0.545578 0.210826 0.549657 0.211887 0.552231 0.213207 0.555196 0.214652 0.557682 0.216267 0.559025 0.218277 0.560114 0.220489 0.559563 0.221872 0.558672 0.223776 0.557048 0.225142 0.554977 0.226461 0.552713 0.227268 0.548935 0.227634 0.544792 0.227322 0.540228 0.226536 0.535692 0.225155 0.533115 0.223640 0.530921 0.221301 0.528720 0.218987 0.528241 0.216882 0.528786 0.215290 0.529928
1 0.737666 0.631511 0.734760 0.631645 0.732063 0.632803 0.730255 0.635126 0.728808 0.638261 0.727738 0.641963 0.727149 0.646746 0.726863 0.651102 0.727186 0.654603 0.727780 0.658159 0.729239 0.661160 0.731787 0.664385 0.734503 0.667155 0.737409 0.667021 0.739970 0.665835 0.742066 0.663326 0.743633 0.660462 0.745384 0.656900 0.746382 0.652201 0.746699 0.647362 0.746104 0.643805 0.745510 0.640248 0.744307 0.637546 0.742696 0.634760 0.741398 0.633510 0.739436 0.631877
1 0.274379 0.537113 0.271473 0.537247 0.268776 0.538406 0.266968 0.540729 0.265521 0.543863 0.264450 0.547566 0.263861 0.552349 0.263576 0.556705 0.263898 0.560205 0.264493 0.563762 0.265952 0.566762 0.268499 0.569988 0.271215 0.572758 0.274121 0.572624 0.276682 0.571437 0.278778 0.568928 0.280345 0.566064 0.282096 0.562503 0.283094 0.557804 0.283411 0.552964 0.282817 0.549408 0.282222 0.545851 0.281019 0.543149 0.279408 0.540363 0.278111 0.539113 0.276148 0.537480
1 0.478719 0.576741 0.475813 0.576874 0.473116 0.578033 0.471308 0.580356 0.469861 0.583490 0.468790 0.587193 0.468201 0.591976 0.467916 0.596332 0.468238 0.599832 0.468833 0.603389 0.470292 0.606389 0.472839 0.609615 0.475555 0.612385 0.478461 0.612251 0.481022 0.611064 0.483118 0.608555 0.484685 0.605691 0.486436 0.602130 0.487434 0.597431 0.487751 0.592592 0.487157 0.589035 0.486562 0.585478 0.485359 0.582776 0.483748 0.579990 0.482451 0.578740 0.480488 0.577107
1 0.793200 0.638010 0.790294 0.638144 0.787597 0.639302 0.785789 0.641626 0.784342 0.644760 0.783271 0.648462 0.782682 0.653246 0.782397 0.657601 0.782719 0.661102 0.783314 0.664659 0.784773 0.667659 0.787320 0.670885 0.790036 0.673654 0.792942 0.673521 0.795503 0.672334 0.797599 0.669825 0.799166 0.666961 0.800917 0.663400 0.801915 0.658701 0.802232 0.653861 0.801638 0.650304 0.801043 0.646747 0.799840 0.644046 0.798229 0.641259 0.796932 0.640009 0.794969 0.638377
1 0.535712 0.587932 0.532806 0.588066 0.530109 0.589224 0.528301 0.591547 0.526854 0.594681 0.525784 0.598384 0.525194 0.603167 0.524909 0.607523 0.525231 0.611023 0.525826 0.614580 0.527285 0.617580 0.529833 0.620806 0.532548 0.623576 0.535454 0.623442 0.538016 0.622255 0.540111 0.619746 0.541679 0.616883 0.543430 0.613321 0.544427 0.608622 0.544745 0.603783 0.544150 0.600226 0.543555 0.596669 0.542353 0.593967 0.540742 0.591181 0.539444 0.589931 0.537482 0.588298
0 0.833283 0.336112 0.860145 0.342077 0.849959 0.488985 0.887341 0.496161 0.879359 0.617959 0.837875 0.609367 0.842408 0.540895 0.819028 0.535969
0 0.959311 0.364753 0.985854 0.370183 0.974351 0.565820 0.953053 0.562878 0.948427 0.630402 0.908538 0.624219 0.915872 0.502585 0.952471 0.509714
0 0.575061 0.284947 0.604176 0.291378 0.595444 0.438587 0.632323 0.446471 0.624341 0.568268 0.582858 0.559676 0.585881 0.493328 0.562050 0.488308
0 0.313255 0.234919 0.340114 0.239916 0.331201 0.389869 0.369934 0.397325 0.361953 0.519123 0.320469 0.510531 0.324380 0.441121 0.301115 0.436869
0 0.186164 0.213687 0.214331 0.216703 0.205610 0.420131 0.184794 0.416234 0.180367 0.483799 0.136472 0.475763 0.143806 0.354130 0.180502 0.361847
0 0.447652 0.261360 0.475506 0.265324 0.465015 0.468915 0.440437 0.465294 0.436009 0.532859 0.394526 0.524267 0.401860 0.402634 0.440313 0.409335
0 0.708698 0.312507 0.738997 0.318033 0.726056 0.521685 0.702934 0.516742 0.698664 0.581904 0.655325 0.573740 0.662659 0.452106 0.699258 0.459235
0 0.059203 0.194804 0.086332 0.198476 0.077972 0.344160 0.115264 0.351317 0.107283 0.473115 0.065799 0.464523 0.069710 0.395113 0.049103 0.391412
