1 0.217121 0.409007 0.215625 0.404218 0.215249 0.399206 0.215531 0.395196 0.216001 0.391187 0.217223 0.388848 0.218726 0.386175 0.220324 0.384003 0.222015 0.383001 0.224083 0.382332 0.226244 0.383335 0.227560 0.384504 0.229345 0.386509 0.230567 0.388848 0.231730 0.391368 0.232286 0.395287 0.232380 0.399477 0.231773 0.403946 0.230696 0.408290 0.229157 0.410566 0.227510 0.412433 0.225043 0.414138 0.222714 0.414138 0.220658 0.413163 0.219151 0.411702
1 0.744630 0.418266 0.741752 0.417535 0.739149 0.415830 0.737504 0.413150 0.736271 0.409740 0.735449 0.405842 0.735175 0.400969 0.735175 0.396584 0.735723 0.393174 0.736545 0.389763 0.738189 0.387083 0.740930 0.384403 0.743808 0.382211 0.746686 0.382942 0.749152 0.384647 0.751071 0.387570 0.752441 0.390737 0.753948 0.394635 0.754634 0.399508 0.754634 0.404380 0.753811 0.407791 0.752989 0.411201 0.751619 0.413638 0.749837 0.416074 0.748467 0.417048 0.746412 0.418266
1 0.278310 0.416720 0.275433 0.415989 0.272829 0.414284 0.271184 0.411604 0.269951 0.408194 0.269129 0.404296 0.268855 0.399423 0.268855 0.395038 0.269403 0.391628 0.270225 0.388217 0.271870 0.385537 0.274610 0.382857 0.277488 0.380665 0.280366 0.381396 0.282833 0.383101 0.284751 0.386024 0.286121 0.389191 0.287629 0.393089 0.288314 0.397962 0.288314 0.402834 0.287492 0.406245 0.286670 0.409655 0.285299 0.412092 0.283518 0.414528 0.282147 0.415502 0.280092 0.416720
1 0.483857 0.419397 0.480979 0.418666 0.478376 0.416961 0.476731 0.414281 0.475498 0.410870 0.474676 0.406972 0.474402 0.402100 0.474402 0.397715 0.474950 0.394304 0.475772 0.390894 0.477416 0.388214 0.480157 0.385534 0.483035 0.383341 0.485913 0.384072 0.488379 0.385778 0.490298 0.388701 0.491668 0.391868 0.493175 0.395766 0.493861 0.400638 0.493861 0.405511 0.493038 0.408921 0.492216 0.412332 0.490846 0.414768 0.489064 0.417204 0.487694 0.418179 0.485638 0.419397
1 0.800213 0.423235 0.797336 0.422504 0.794732 0.420799 0.793088 0.418119 0.791854 0.414708 0.791032 0.410811 0.790758 0.405938 0.790758 0.401553 0.791306 0.398142 0.792128 0.394732 0.793773 0.392052 0.796514 0.389372 0.799391 0.387179 0.802269 0.387910 0.804736 0.389616 0.806654 0.392539 0.808025 0.395706 0.809532 0.399604 0.810217 0.404476 0.810217 0.409349 0.809395 0.412759 0.808573 0.416170 0.807202 0.418606 0.805421 0.421043 0.804050 0.422017 0.801995 0.423235
1 0.541196 0.420006 0.538318 0.419275 0.535714 0.417570 0.534070 0.414890 0.532837 0.411479 0.532014 0.407581 0.531740 0.402709 0.531740 0.398324 0.532289 0.394913 0.533111 0.391503 0.534755 0.388823 0.537496 0.386143 0.540374 0.383950 0.543251 0.384681 0.545718 0.386387 0.547637 0.389310 0.549007 0.392477 0.550514 0.396375 0.551199 0.401247 0.551199 0.406120 0.550377 0.409530 0.549555 0.412941 0.548185 0.415377 0.546403 0.417813 0.545033 0.418788 0.542977 0.420006
0 0.820376 0.731351 0.847446 0.730952 0.846891 0.582936 0.884489 0.583498 0.884489 0.460877 0.842725 0.460877 0.842770 0.529821 0.819226 0.529904
0 0.947421 0.728829 0.974140 0.728897 0.975449 0.532208 0.954102 0.530748 0.953902 0.462726 0.913879 0.460662 0.913247 0.582987 0.950064 0.583436
0 0.560559 0.729051 0.589897 0.728652 0.590805 0.580636 0.627950 0.580392 0.627950 0.457770 0.586185 0.457770 0.584870 0.524295 0.560872 0.524378
0 0.297254 0.724882 0.324259 0.725444 0.325166 0.574665 0.364125 0.575228 0.364125 0.452606 0.322361 0.452606 0.321728 0.522354 0.298342 0.521792
0 0.169636 0.719826 0.197809 0.722625 0.202389 0.518769 0.181460 0.518358 0.181460 0.450336 0.137337 0.449287 0.136704 0.571613 0.173656 0.571496
0 0.432470 0.726267 0.460395 0.728060 0.463227 0.523679 0.438578 0.522219 0.438578 0.454197 0.396814 0.454197 0.396181 0.576522 0.434812 0.577777
0 0.695091 0.729167 0.725547 0.729912 0.725949 0.524966 0.702661 0.525119 0.702661 0.459516 0.659082 0.458710 0.658449 0.581035 0.695266 0.581483
0 0.042298 0.712464 0.069484 0.714397 0.070664 0.567972 0.108171 0.568535 0.108171 0.445913 0.066407 0.445913 0.065774 0.515661 0.045064 0.515099
