1 0.205947 0.594300 0.204451 0.599089 0.204075 0.604101 0.204357 0.608111 0.204827 0.612120 0.206048 0.614459 0.207552 0.617132 0.209150 0.619304 0.210841 0.620306 0.212908 0.620974 0.215070 0.619972 0.216385 0.618803 0.218171 0.616798 0.219393 0.614459 0.220555 0.611939 0.221111 0.608020 0.221205 0.603830 0.220598 0.599361 0.219522 0.595017 0.217983 0.592741 0.216336 0.590874 0.213869 0.589169 0.211539 0.589169 0.209484 0.590143 0.207976 0.591605
1 0.734578 0.574073 0.731701 0.574804 0.729097 0.576509 0.727453 0.579189 0.726219 0.582600 0.725397 0.586498 0.725123 0.591370 0.725123 0.595755 0.725671 0.599166 0.726493 0.602577 0.728138 0.605256 0.730878 0.607936 0.733756 0.610129 0.736634 0.609398 0.739101 0.607693 0.741019 0.604769 0.742389 0.601602 0.743897 0.597704 0.744582 0.592832 0.744582 0.587959 0.743760 0.584549 0.742938 0.581138 0.741567 0.578702 0.739786 0.576266 0.738415 0.575291 0.736360 0.574073
1 0.266943 0.586808 0.264066 0.587539 0.261462 0.589244 0.259817 0.591924 0.258584 0.595335 0.257762 0.599233 0.257488 0.604105 0.257488 0.608490 0.258036 0.611901 0.258858 0.615312 0.260503 0.617992 0.263243 0.620671 0.266121 0.622864 0.268999 0.622133 0.271465 0.620428 0.273384 0.617504 0.274754 0.614337 0.276262 0.610439 0.276947 0.605567 0.276947 0.600695 0.276125 0.597284 0.275302 0.593873 0.273932 0.591437 0.272151 0.589001 0.270780 0.588026 0.268725 0.586808
1 0.472860 0.582579 0.469982 0.583310 0.467378 0.585015 0.465734 0.587695 0.464500 0.591106 0.463678 0.595004 0.463404 0.599876 0.463404 0.604261 0.463952 0.607672 0.464775 0.611083 0.466419 0.613762 0.469160 0.616442 0.472037 0.618635 0.474915 0.617904 0.477382 0.616199 0.479300 0.613275 0.480671 0.610108 0.482178 0.606210 0.482863 0.601338 0.482863 0.596466 0.482041 0.593055 0.481219 0.589644 0.479848 0.587208 0.478067 0.584772 0.476697 0.583797 0.474641 0.582579
1 0.787842 0.572620 0.784964 0.573351 0.782360 0.575057 0.780716 0.577736 0.779482 0.581147 0.778660 0.585045 0.778386 0.589917 0.778386 0.594302 0.778934 0.597713 0.779757 0.601124 0.781401 0.603804 0.784142 0.606483 0.787019 0.608676 0.789897 0.607945 0.792364 0.606240 0.794282 0.603316 0.795653 0.600149 0.797160 0.596251 0.797845 0.591379 0.797845 0.586507 0.797023 0.583096 0.796201 0.579685 0.794830 0.577249 0.793049 0.574813 0.791679 0.573838 0.789623 0.572620
1 0.528400 0.579281 0.525522 0.580012 0.522918 0.581717 0.521274 0.584397 0.520041 0.587808 0.519219 0.591705 0.518944 0.596578 0.518944 0.600963 0.519493 0.604374 0.520315 0.607784 0.521959 0.610464 0.524700 0.613144 0.527578 0.615336 0.530455 0.614606 0.532922 0.612900 0.534841 0.609977 0.536211 0.606810 0.537718 0.602912 0.538404 0.598040 0.538404 0.593167 0.537581 0.589756 0.536759 0.586346 0.535389 0.583910 0.533607 0.581473 0.532237 0.580499 0.530181 0.579281
0 0.805971 0.267298 0.833041 0.266084 0.832589 0.414100 0.872455 0.413538 0.872455 0.536159 0.830690 0.536159 0.830736 0.467215 0.807192 0.467132
0 0.937779 0.268502 0.963137 0.267629 0.963539 0.464318 0.940831 0.465777 0.941992 0.533799 0.901970 0.535864 0.901337 0.413538 0.938154 0.413090
0 0.548239 0.273377 0.575309 0.272163 0.574857 0.420179 0.614723 0.419616 0.614723 0.542238 0.572959 0.542238 0.573004 0.473293 0.549460 0.473210
0 0.286931 0.280513 0.311667 0.279950 0.311667 0.424278 0.351533 0.423716 0.351533 0.546337 0.309769 0.546337 0.309136 0.476589 0.286658 0.477152
0 0.159353 0.281053 0.185600 0.278696 0.191879 0.482029 0.168591 0.483489 0.168591 0.551511 0.126827 0.551511 0.126194 0.429186 0.163011 0.428737
0 0.420010 0.275345 0.446120 0.272746 0.451221 0.477128 0.426572 0.478587 0.426572 0.546609 0.384807 0.546609 0.384175 0.424284 0.421445 0.423836
0 0.683502 0.269551 0.710329 0.267193 0.712545 0.470526 0.689257 0.471986 0.689257 0.540008 0.647493 0.540008 0.646860 0.417683 0.683677 0.417234
0 0.035735 0.289947 0.058703 0.289385 0.058703 0.433713 0.098569 0.433151 0.098569 0.555772 0.056804 0.555772 0.056171 0.486024 0.035462 0.486587
