1 0.779330 0.600026 0.780826 0.604815 0.781202 0.609826 0.780920 0.613836 0.780450 0.617845 0.779228 0.620184 0.777725 0.622857 0.776127 0.625029 0.774436 0.626031 0.772368 0.626700 0.770207 0.625697 0.768891 0.624528 0.767106 0.622523 0.765884 0.620184 0.764721 0.617664 0.764165 0.613745 0.764071 0.609555 0.764678 0.605086 0.765755 0.600743 0.767294 0.598466 0.768941 0.596600 0.771408 0.594894 0.773737 0.594894 0.775793 0.595869 0.777300 0.597330
1 0.250245 0.577541 0.253122 0.578271 0.255726 0.579977 0.257370 0.582657 0.258604 0.586067 0.259426 0.589965 0.259700 0.594838 0.259700 0.599223 0.259152 0.602633 0.258330 0.606044 0.256685 0.608724 0.253945 0.611404 0.251067 0.613596 0.248189 0.612865 0.245722 0.611160 0.243804 0.608237 0.242434 0.605070 0.240926 0.601172 0.240241 0.596299 0.240241 0.591427 0.241063 0.588016 0.241885 0.584606 0.243256 0.582169 0.245037 0.579733 0.246408 0.578759 0.248463 0.577541
1 0.718333 0.590921 0.721211 0.591652 0.723815 0.593357 0.725459 0.596037 0.726693 0.599447 0.727515 0.603345 0.727789 0.608218 0.727789 0.612603 0.727241 0.616014 0.726418 0.619424 0.724774 0.622104 0.722033 0.624784 0.719156 0.626976 0.716278 0.626246 0.713811 0.624540 0.711893 0.621617 0.710522 0.618450 0.709015 0.614552 0.708330 0.609679 0.708330 0.604807 0.709152 0.601396 0.709974 0.597986 0.711345 0.595550 0.713126 0.593113 0.714496 0.592139 0.716552 0.590921
1 0.512594 0.585805 0.515472 0.586536 0.518075 0.588241 0.519720 0.590921 0.520953 0.594331 0.521775 0.598229 0.522049 0.603102 0.522049 0.607487 0.521501 0.610897 0.520679 0.614308 0.519035 0.616988 0.516294 0.619668 0.513416 0.621860 0.510538 0.621129 0.508072 0.619424 0.506153 0.616501 0.504783 0.613334 0.503275 0.609436 0.502590 0.604563 0.502590 0.599691 0.503412 0.596280 0.504235 0.592870 0.505605 0.590433 0.507387 0.587997 0.508757 0.587023 0.510812 0.585805
1 0.196623 0.576402 0.199501 0.577133 0.202104 0.578838 0.203749 0.581518 0.204982 0.584929 0.205804 0.588827 0.206079 0.593699 0.206079 0.598084 0.205530 0.601495 0.204708 0.604906 0.203064 0.607585 0.200323 0.610265 0.197445 0.612458 0.194568 0.611727 0.192101 0.610022 0.190182 0.607098 0.188812 0.603931 0.187305 0.600033 0.186619 0.595161 0.186619 0.590289 0.187442 0.586878 0.188264 0.583467 0.189634 0.581031 0.191416 0.578595 0.192786 0.577620 0.194842 0.576402
1 0.456423 0.582756 0.459301 0.583487 0.461905 0.585193 0.463549 0.587872 0.464782 0.591283 0.465605 0.595181 0.465879 0.600053 0.465879 0.604438 0.465330 0.607849 0.464508 0.611260 0.462864 0.613940 0.460123 0.616619 0.457245 0.618812 0.454368 0.618081 0.451901 0.616376 0.449982 0.613452 0.448612 0.610285 0.447105 0.606387 0.446420 0.601515 0.446420 0.596643 0.447242 0.593232 0.448064 0.589821 0.449434 0.587385 0.451216 0.584949 0.452586 0.583974 0.454642 0.582756
0 0.179533 0.271161 0.152463 0.271559 0.151100 0.419575 0.113502 0.419013 0.113502 0.541634 0.155267 0.541634 0.155221 0.472690 0.178765 0.472607
0 0.049366 0.270752 0.022647 0.270685 0.021339 0.467374 0.042686 0.468834 0.042885 0.536856 0.082908 0.538920 0.083541 0.416595 0.046724 0.416146
0 0.437491 0.274256 0.408153 0.274654 0.407244 0.422670 0.370100 0.422914 0.370100 0.545536 0.411864 0.545536 0.413179 0.479011 0.437177 0.478928
0 0.700478 0.280843 0.673473 0.280281 0.672566 0.431060 0.633607 0.430498 0.633607 0.553119 0.675372 0.553119 0.676004 0.483371 0.699390 0.483934
0 0.828232 0.286706 0.800059 0.283907 0.795479 0.487762 0.816409 0.488174 0.816409 0.556196 0.860532 0.557244 0.861164 0.434919 0.824212 0.435035
0 0.566170 0.279458 0.538245 0.277665 0.534051 0.480434 0.558700 0.481893 0.558700 0.549915 0.600465 0.549915 0.601097 0.427590 0.564280 0.427142
0 0.301598 0.272526 0.271142 0.271782 0.270740 0.476728 0.294028 0.476574 0.294028 0.542177 0.337607 0.542984 0.338240 0.420659 0.301423 0.420210
0 0.955887 0.293584 0.928701 0.291651 0.927522 0.438076 0.890015 0.437513 0.890015 0.560134 0.931779 0.560134 0.932412 0.490387 0.953121 0.490949
