1 0.250101 0.702397 0.249149 0.707606 0.249319 0.712653 0.250027 0.716493 0.250920 0.720268 0.252371 0.722148 0.254134 0.724260 0.255936 0.725849 0.257704 0.726257 0.259805 0.726210 0.261819 0.724491 0.262984 0.722895 0.264521 0.720320 0.265468 0.717609 0.266339 0.714740 0.266462 0.710705 0.266104 0.706560 0.265027 0.702380 0.263503 0.698483 0.261747 0.696772 0.259930 0.695500 0.257325 0.694665 0.255038 0.695458 0.253126 0.697113 0.251803 0.699061
1 0.766992 0.500357 0.764246 0.502053 0.761874 0.504613 0.760548 0.507802 0.759704 0.511569 0.759317 0.515675 0.759572 0.520551 0.760044 0.524855 0.760949 0.528016 0.762124 0.531084 0.764026 0.533155 0.767004 0.534853 0.770065 0.536026 0.772811 0.534330 0.775048 0.531817 0.776617 0.528295 0.777621 0.524720 0.778681 0.520382 0.778829 0.515366 0.778305 0.510584 0.777131 0.507516 0.775957 0.504448 0.774349 0.502523 0.772339 0.500738 0.770889 0.500247 0.768740 0.499751
1 0.308991 0.672712 0.306245 0.674408 0.303873 0.676967 0.302547 0.680157 0.301704 0.683924 0.301316 0.688030 0.301572 0.692905 0.302044 0.697210 0.302949 0.700371 0.304123 0.703439 0.306025 0.705510 0.309004 0.707208 0.312065 0.708381 0.314810 0.706685 0.317048 0.704172 0.318616 0.700650 0.319621 0.697075 0.320681 0.692737 0.320829 0.687721 0.320304 0.682939 0.319130 0.679871 0.317956 0.676803 0.316349 0.674878 0.314338 0.673093 0.312888 0.672602 0.310740 0.672106
1 0.511131 0.597447 0.508385 0.599143 0.506013 0.601702 0.504688 0.604892 0.503844 0.608659 0.503457 0.612765 0.503712 0.617640 0.504184 0.621944 0.505089 0.625106 0.506263 0.628174 0.508166 0.630244 0.511144 0.631942 0.514205 0.633116 0.516951 0.631419 0.519188 0.628907 0.520757 0.625385 0.521761 0.621810 0.522821 0.617471 0.522969 0.612456 0.522444 0.607674 0.521270 0.604606 0.520096 0.601538 0.518489 0.599613 0.516478 0.597827 0.515028 0.597337 0.512880 0.596841
1 0.818601 0.479923 0.815855 0.481619 0.813483 0.484179 0.812157 0.487369 0.811314 0.491136 0.810926 0.495241 0.811182 0.500117 0.811654 0.504421 0.812559 0.507582 0.813733 0.510650 0.815635 0.512721 0.818614 0.514419 0.821674 0.515592 0.824420 0.513896 0.826658 0.511383 0.828226 0.507861 0.829230 0.504287 0.830290 0.499948 0.830439 0.494932 0.829914 0.490150 0.828740 0.487082 0.827566 0.484014 0.825959 0.482089 0.823948 0.480304 0.822498 0.479814 0.820349 0.479317
1 0.565330 0.576946 0.562584 0.578642 0.560212 0.581202 0.558887 0.584392 0.558043 0.588159 0.557656 0.592264 0.557911 0.597140 0.558383 0.601444 0.559288 0.604605 0.560462 0.607673 0.562365 0.609744 0.565343 0.611442 0.568404 0.612615 0.571150 0.610919 0.573387 0.608406 0.574956 0.604884 0.575960 0.601310 0.577020 0.596971 0.577168 0.591955 0.576644 0.587173 0.575470 0.584105 0.574295 0.581037 0.572688 0.579112 0.570677 0.577327 0.569228 0.576837 0.567079 0.576340
0 0.803276 0.174247 0.829889 0.165430 0.847156 0.310248 0.883999 0.296907 0.897196 0.417263 0.856204 0.431469 0.848828 0.363784 0.825710 0.371711
0 0.929489 0.130091 0.955706 0.120936 0.978160 0.313546 0.957365 0.322240 0.964490 0.389073 0.925429 0.404713 0.911642 0.284863 0.947731 0.271900
0 0.550417 0.265030 0.579255 0.255442 0.596078 0.400414 0.632562 0.388019 0.645760 0.508375 0.604767 0.522581 0.596316 0.457733 0.572753 0.465814
0 0.293291 0.363627 0.319736 0.353889 0.336854 0.501574 0.375033 0.487770 0.388230 0.608126 0.347237 0.622332 0.339109 0.554088 0.316216 0.562595
0 0.169280 0.412577 0.196632 0.400246 0.223067 0.598778 0.202569 0.606301 0.209890 0.673066 0.166694 0.689103 0.152908 0.569254 0.189190 0.556798
0 0.425574 0.314984 0.452790 0.303725 0.478729 0.501321 0.454693 0.511138 0.462014 0.577904 0.421021 0.592110 0.407235 0.472260 0.443323 0.459296
0 0.682861 0.217369 0.712674 0.206278 0.735125 0.407301 0.712251 0.415072 0.719312 0.479463 0.676625 0.495078 0.662838 0.375228 0.698927 0.362265
0 0.044724 0.462750 0.071199 0.451605 0.088116 0.594923 0.124870 0.581613 0.138067 0.701969 0.097075 0.716175 0.088947 0.647931 0.068680 0.655528
