1 0.209117 0.493083 0.207128 0.497265 0.206212 0.502052 0.206051 0.506083 0.206075 0.510178 0.207018 0.512894 0.208202 0.516034 0.209532 0.518716 0.211082 0.520282 0.213037 0.521650 0.215267 0.521412 0.216685 0.520718 0.218655 0.519367 0.220109 0.517494 0.221525 0.515423 0.222498 0.511770 0.223047 0.507691 0.222939 0.503098 0.222356 0.498466 0.221095 0.495702 0.219683 0.493303 0.217449 0.490780 0.215164 0.489977 0.213041 0.490224 0.211403 0.491138
1 0.729370 0.656275 0.726467 0.656000 0.723727 0.656775 0.721822 0.658837 0.720240 0.661758 0.719008 0.665298 0.718207 0.669984 0.717729 0.674286 0.717895 0.677821 0.718329 0.681450 0.719650 0.684646 0.722047 0.688220 0.724631 0.691363 0.727534 0.691638 0.730139 0.690815 0.732340 0.688609 0.734030 0.685974 0.735934 0.682670 0.737138 0.678126 0.737669 0.673346 0.737235 0.669717 0.736800 0.666088 0.735721 0.663225 0.734240 0.660221 0.733001 0.658793 0.731118 0.656889
1 0.269861 0.505970 0.266958 0.505695 0.264218 0.506470 0.262313 0.508532 0.260731 0.511453 0.259499 0.514993 0.258699 0.519679 0.258220 0.523981 0.258386 0.527516 0.258820 0.531145 0.260141 0.534341 0.262538 0.537915 0.265122 0.541058 0.268025 0.541333 0.270630 0.540510 0.272831 0.538304 0.274521 0.535669 0.276425 0.532365 0.277629 0.527821 0.278160 0.523041 0.277726 0.519412 0.277291 0.515783 0.276212 0.512920 0.274731 0.509916 0.273493 0.508488 0.271609 0.506584
1 0.472384 0.573568 0.469482 0.573293 0.466741 0.574069 0.464836 0.576131 0.463254 0.579051 0.462022 0.582592 0.461222 0.587277 0.460743 0.591579 0.460909 0.595114 0.461344 0.598744 0.462665 0.601939 0.465061 0.605513 0.467645 0.608656 0.470548 0.608931 0.473154 0.608109 0.475355 0.605902 0.477044 0.603268 0.478948 0.599963 0.480152 0.595420 0.480683 0.590640 0.480249 0.587010 0.479814 0.583381 0.478736 0.580519 0.477254 0.577515 0.476016 0.576086 0.474132 0.574183
1 0.782209 0.673938 0.779306 0.673663 0.776566 0.674438 0.774660 0.676500 0.773078 0.679421 0.771846 0.682961 0.771046 0.687647 0.770568 0.691948 0.770733 0.695483 0.771168 0.699113 0.772489 0.702309 0.774885 0.705882 0.777469 0.709025 0.780372 0.709300 0.782978 0.708478 0.785179 0.706271 0.786869 0.703637 0.788773 0.700333 0.789976 0.695789 0.790508 0.691009 0.790073 0.687380 0.789639 0.683750 0.788560 0.680888 0.787078 0.677884 0.785840 0.676455 0.783956 0.674552
1 0.526921 0.591015 0.524018 0.590740 0.521278 0.591515 0.519372 0.593577 0.517790 0.596498 0.516558 0.600039 0.515758 0.604724 0.515280 0.609026 0.515445 0.612561 0.515880 0.616190 0.517201 0.619386 0.519597 0.622960 0.522181 0.626103 0.525084 0.626378 0.527690 0.625555 0.529891 0.623349 0.531581 0.620714 0.533485 0.617410 0.534688 0.612866 0.535220 0.608086 0.534785 0.604457 0.534351 0.600828 0.533272 0.597965 0.531790 0.594961 0.530552 0.593533 0.528668 0.591629
0 0.835159 0.382219 0.862650 0.391464 0.847572 0.535402 0.882117 0.548612 0.868741 0.668906 0.827769 0.654508 0.835334 0.586888 0.812246 0.578690
0 0.963263 0.425999 0.987614 0.435309 0.965839 0.626508 0.943404 0.620112 0.937123 0.687243 0.897635 0.675470 0.910357 0.555249 0.946524 0.567501
0 0.580068 0.294909 0.608806 0.305415 0.593552 0.450934 0.629964 0.463979 0.616589 0.584273 0.575617 0.569875 0.581583 0.504159 0.558050 0.495804
0 0.323727 0.214321 0.348056 0.222297 0.332313 0.363885 0.371483 0.377077 0.358108 0.497371 0.317136 0.482973 0.324123 0.414331 0.302010 0.407133
0 0.200818 0.172173 0.227251 0.180253 0.208079 0.378028 0.187502 0.371216 0.180083 0.437947 0.136683 0.423764 0.149405 0.303543 0.185643 0.316396
0 0.454220 0.254089 0.481810 0.261957 0.463806 0.462322 0.439466 0.455256 0.432046 0.521987 0.391074 0.507589 0.403797 0.387368 0.439964 0.399620
0 0.712731 0.340588 0.742689 0.350357 0.720728 0.551551 0.697899 0.543372 0.690743 0.607730 0.647903 0.593498 0.660626 0.473276 0.696793 0.485529
0 0.075545 0.132695 0.098602 0.141293 0.083787 0.285345 0.120644 0.297724 0.107268 0.418017 0.066297 0.403619 0.073284 0.334977 0.052906 0.328390
