1 0.227378 0.635693 0.226136 0.640705 0.226020 0.645757 0.226507 0.649704 0.227182 0.653620 0.228519 0.655750 0.230154 0.658167 0.231857 0.660069 0.233593 0.660791 0.235686 0.661120 0.237787 0.659769 0.239037 0.658391 0.240711 0.656103 0.241807 0.653575 0.242835 0.650876 0.243187 0.646883 0.243064 0.642695 0.242229 0.638344 0.240933 0.634194 0.239283 0.632178 0.237547 0.630588 0.235002 0.629292 0.232683 0.629671 0.230686 0.630977 0.229260 0.632678
1 0.751952 0.535077 0.749124 0.536273 0.746619 0.538396 0.745120 0.541332 0.744068 0.544930 0.743450 0.548945 0.743428 0.553842 0.743654 0.558209 0.744376 0.561515 0.745371 0.564778 0.747146 0.567178 0.750014 0.569400 0.752993 0.571114 0.755821 0.569918 0.758189 0.567817 0.759948 0.564594 0.761150 0.561216 0.762450 0.557089 0.762881 0.552126 0.762629 0.547274 0.761635 0.544012 0.760640 0.540749 0.759150 0.538547 0.757250 0.536411 0.755836 0.535664 0.753726 0.534786
1 0.287864 0.617967 0.285036 0.619164 0.282531 0.621287 0.281032 0.624223 0.279980 0.627821 0.279362 0.631836 0.279340 0.636733 0.279567 0.641099 0.280288 0.644406 0.281283 0.647669 0.283059 0.650069 0.285926 0.652291 0.288905 0.654005 0.291733 0.652808 0.294101 0.650708 0.295861 0.647484 0.297062 0.644107 0.298362 0.639980 0.298793 0.635017 0.298542 0.630165 0.297547 0.626902 0.296552 0.623640 0.295062 0.621438 0.293163 0.619302 0.291748 0.618555 0.289638 0.617677
1 0.493453 0.581708 0.490625 0.582905 0.488121 0.585027 0.486621 0.587964 0.485569 0.591561 0.484951 0.595577 0.484930 0.600473 0.485156 0.604840 0.485878 0.608147 0.486872 0.611409 0.488648 0.613809 0.491515 0.616031 0.494494 0.617746 0.497322 0.616549 0.499690 0.614449 0.501450 0.611225 0.502651 0.607848 0.503951 0.603721 0.504382 0.598757 0.504131 0.593905 0.503136 0.590643 0.502142 0.587381 0.500651 0.585178 0.498752 0.583042 0.497337 0.582295 0.495227 0.581417
1 0.805707 0.524016 0.802879 0.525213 0.800375 0.527336 0.798875 0.530272 0.797823 0.533869 0.797205 0.537885 0.797184 0.542781 0.797410 0.547148 0.798132 0.550455 0.799126 0.553717 0.800902 0.556118 0.803769 0.558340 0.806748 0.560054 0.809576 0.558857 0.811944 0.556757 0.813704 0.553533 0.814905 0.550156 0.816205 0.546029 0.816636 0.541065 0.816385 0.536214 0.815390 0.532951 0.814396 0.529689 0.812905 0.527486 0.811006 0.525351 0.809591 0.524604 0.807481 0.523726
1 0.548003 0.571387 0.545175 0.572584 0.542671 0.574706 0.541171 0.577643 0.540119 0.581240 0.539501 0.585256 0.539480 0.590152 0.539706 0.594519 0.540427 0.597826 0.541422 0.601088 0.543198 0.603489 0.546065 0.605711 0.549044 0.607425 0.551872 0.606228 0.554240 0.604128 0.556000 0.600904 0.557201 0.597527 0.558501 0.593400 0.558932 0.588436 0.558681 0.583584 0.557686 0.580322 0.556692 0.577060 0.555201 0.574857 0.553302 0.572722 0.551887 0.571975 0.549777 0.571097
0 0.809225 0.215476 0.836202 0.211461 0.843283 0.358944 0.880693 0.352256 0.887017 0.474361 0.845428 0.481168 0.841918 0.412507 0.818469 0.416262
0 0.938964 0.196844 0.965567 0.192422 0.975366 0.388339 0.954185 0.393271 0.957494 0.461040 0.917746 0.469618 0.910808 0.347912 0.947446 0.341464
0 0.550726 0.262905 0.579961 0.258520 0.588457 0.404962 0.625416 0.398347 0.631823 0.522058 0.590235 0.528866 0.585494 0.462835 0.561593 0.466664
0 0.291144 0.307089 0.318005 0.302127 0.325510 0.452316 0.364276 0.445406 0.370599 0.567511 0.329011 0.574318 0.324784 0.504967 0.301526 0.509339
0 0.165926 0.333966 0.192975 0.327537 0.207923 0.527379 0.185296 0.531496 0.188804 0.599231 0.147263 0.608703 0.137983 0.485760 0.175606 0.478099
0 0.424650 0.282930 0.453310 0.277249 0.466671 0.480308 0.442201 0.485779 0.445709 0.553514 0.404120 0.560322 0.397182 0.438615 0.433696 0.429758
0 0.686088 0.238203 0.713994 0.230458 0.726769 0.434179 0.704106 0.439355 0.707656 0.507893 0.664302 0.515799 0.657156 0.390077 0.695970 0.381654
0 0.040899 0.360843 0.065461 0.354557 0.072317 0.498374 0.109637 0.491701 0.115961 0.613805 0.075769 0.621194 0.070145 0.551262 0.049552 0.555197
