1 0.220670 0.600026 0.219174 0.604815 0.218798 0.609826 0.219080 0.613836 0.219550 0.617845 0.220772 0.620184 0.222275 0.622857 0.223873 0.625029 0.225564 0.626031 0.227632 0.626700 0.229793 0.625697 0.231109 0.624528 0.232894 0.622523 0.234116 0.620184 0.235279 0.617664 0.235835 0.613745 0.235929 0.609555 0.235322 0.605086 0.234245 0.600743 0.232706 0.598466 0.231059 0.596600 0.228592 0.594894 0.226263 0.594894 0.224207 0.595869 0.222700 0.597330
1 0.749755 0.577541 0.746878 0.578271 0.744274 0.579977 0.742630 0.582657 0.741396 0.586067 0.740574 0.589965 0.740300 0.594838 0.740300 0.599223 0.740848 0.602633 0.741670 0.606044 0.743315 0.608724 0.746055 0.611404 0.748933 0.613596 0.751811 0.612865 0.754278 0.611160 0.756196 0.608237 0.757566 0.605070 0.759074 0.601172 0.759759 0.596299 0.759759 0.591427 0.758937 0.588016 0.758115 0.584606 0.756744 0.582169 0.754963 0.579733 0.753592 0.578759 0.751537 0.577541
1 0.281667 0.590921 0.278789 0.591652 0.276185 0.593357 0.274541 0.596037 0.273307 0.599447 0.272485 0.603345 0.272211 0.608218 0.272211 0.612603 0.272759 0.616014 0.273582 0.619424 0.275226 0.622104 0.277967 0.624784 0.280844 0.626976 0.283722 0.626246 0.286189 0.624540 0.288107 0.621617 0.289478 0.618450 0.290985 0.614552 0.291670 0.609679 0.291670 0.604807 0.290848 0.601396 0.290026 0.597986 0.288655 0.595550 0.286874 0.593113 0.285504 0.592139 0.283448 0.590921
1 0.487406 0.585805 0.484528 0.586536 0.481925 0.588241 0.480280 0.590921 0.479047 0.594331 0.478225 0.598229 0.477951 0.603102 0.477951 0.607487 0.478499 0.610897 0.479321 0.614308 0.480965 0.616988 0.483706 0.619668 0.486584 0.621860 0.489462 0.621129 0.491928 0.619424 0.493847 0.616501 0.495217 0.613334 0.496725 0.609436 0.497410 0.604563 0.497410 0.599691 0.496588 0.596280 0.495765 0.592870 0.494395 0.590433 0.492613 0.587997 0.491243 0.587023 0.489188 0.585805
1 0.803377 0.576402 0.800499 0.577133 0.797896 0.578838 0.796251 0.581518 0.795018 0.584929 0.794196 0.588827 0.793921 0.593699 0.793921 0.598084 0.794470 0.601495 0.795292 0.604906 0.796936 0.607585 0.799677 0.610265 0.802555 0.612458 0.805432 0.611727 0.807899 0.610022 0.809818 0.607098 0.811188 0.603931 0.812695 0.600033 0.813381 0.595161 0.813381 0.590289 0.812558 0.586878 0.811736 0.583467 0.810366 0.581031 0.808584 0.578595 0.807214 0.577620 0.805158 0.576402
1 0.543577 0.582756 0.540699 0.583487 0.538095 0.585193 0.536451 0.587872 0.535218 0.591283 0.534395 0.595181 0.534121 0.600053 0.534121 0.604438 0.534670 0.607849 0.535492 0.611260 0.537136 0.613940 0.539877 0.616619 0.542755 0.618812 0.545632 0.618081 0.548099 0.616376 0.550018 0.613452 0.551388 0.610285 0.552895 0.606387 0.553580 0.601515 0.553580 0.596643 0.552758 0.593232 0.551936 0.589821 0.550566 0.587385 0.548784 0.584949 0.547414 0.583974 0.545358 0.582756
0 0.820467 0.271161 0.847537 0.271559 0.848900 0.419575 0.886498 0.419013 0.886498 0.541634 0.844733 0.541634 0.844779 0.472690 0.821235 0.472607
0 0.950634 0.270752 0.977353 0.270685 0.978661 0.467374 0.957314 0.468834 0.957115 0.536856 0.917092 0.538920 0.916459 0.416595 0.953276 0.416146
0 0.562509 0.274256 0.591847 0.274654 0.592756 0.422670 0.629900 0.422914 0.629900 0.545536 0.588136 0.545536 0.586821 0.479011 0.562823 0.478928
0 0.299522 0.280843 0.326527 0.280281 0.327434 0.431060 0.366393 0.430498 0.366393 0.553119 0.324628 0.553119 0.323996 0.483371 0.300610 0.483934
0 0.171768 0.286706 0.199941 0.283907 0.204521 0.487762 0.183591 0.488174 0.183591 0.556196 0.139468 0.557244 0.138836 0.434919 0.175788 0.435035
0 0.433830 0.279458 0.461755 0.277665 0.465949 0.480434 0.441300 0.481893 0.441300 0.549915 0.399535 0.549915 0.398903 0.427590 0.435720 0.427142
0 0.698402 0.272526 0.728858 0.271782 0.729260 0.476728 0.705972 0.476574 0.705972 0.542177 0.662393 0.542984 0.661760 0.420659 0.698577 0.420210
0 0.044113 0.293584 0.071299 0.291651 0.072478 0.438076 0.109985 0.437513 0.109985 0.560134 0.068221 0.560134 0.067588 0.490387 0.046879 0.490949
